{"pred_joints_img": [[384.80877685546875, 144.2251739501953, -39.48728942871094], [385.778076171875, 183.54119873046875, -4.931078910827637], [338.8460388183594, 208.55117797851562, -5.6290602684021], [326.76104736328125, 272.88128662109375, -4.270308494567871], [332.65924072265625, 318.55108642578125, -50.99325180053711], [430.0152587890625, 212.00439453125, -3.43595552444458], [438.49334716796875, 278.9508361816406, -4.0825395584106445], [428.32879638671875, 315.90093994140625, -55.48908233642578], [379.4562072753906, 315.01495361328125, 6.52437686920166], [362.1226806640625, 337.7860412597656, 0.7740246653556824], [330.63629150390625, 381.59454345703125, -82.57185363769531], [316.9197692871094, 459.76922607421875, -16.870807647705078], [395.89215087890625, 339.8087463378906, 5.815235137939453], [450.67816162109375, 369.03070068359375, -68.51319885253906], [429.99237060546875, 459.59161376953125, -24.091552734375], [377.7245178222656, 136.72515869140625, -27.13950538635254], [395.0348205566406, 137.001220703125, -29.62984848022461], [369.79644775390625, 147.94241333007812, -3.844510316848755], [407.9864807128906, 148.3956298828125, -8.822809219360352], [452.3905944824219, 481.84259033203125, -64.20320129394531], [460.15924072265625, 481.9686279296875, -44.29204177856445], [423.995849609375, 463.5605773925781, -8.007935523986816], [311.94659423828125, 487.81463623046875, -59.829410552978516], [295.40826416015625, 482.13922119140625, -46.11406707763672], [314.89404296875, 463.4787902832031, 0.9622975587844849], [316.9197692871094, 459.76922607421875, -16.870807647705078], [330.63629150390625, 381.59454345703125, -82.57185363769531], [344.6993103027344, 307.42266845703125, 7.583645820617676], [413.138916015625, 310.073486328125, 16.18351173400879], [450.67816162109375, 369.03070068359375, -68.51319885253906], [429.99237060546875, 459.59161376953125, -24.091552734375], [332.65924072265625, 318.55108642578125, -50.99325180053711], [326.76104736328125, 272.88128662109375, -4.270308494567871], [338.8460388183594, 208.55117797851562, -5.6290602684021], [430.0152587890625, 212.00439453125, -3.43595552444458], [438.49334716796875, 278.9508361816406, -4.0825395584106445], [428.32879638671875, 315.90093994140625, -55.48908233642578], [386.09716796875, 184.15798950195312, -6.965991973876953], [390.70947265625, 113.19297790527344, -0.7080512642860413], [378.30084228515625, 310.40411376953125, 16.552452087402344], [385.2288818359375, 202.195068359375, -3.8957459926605225], [382.2109069824219, 246.632568359375, 10.538355827331543], [388.5722351074219, 157.8216094970703, -23.172176361083984], [389.65496826171875, 129.80079650878906, -1.959074854850769], [384.80877685546875, 144.2251739501953, -39.48728942871094], [395.0348205566406, 137.001220703125, -29.62984848022461], [377.7245178222656, 136.72515869140625, -27.13950538635254], [407.9864807128906, 148.3956298828125, -8.822809219360352], [369.79644775390625, 147.94241333007812, -3.844510316848755]], "pred_body_pose": [[2.9157025814056396, 0.04707047715783119, 0.19411905109882355, -0.9667986035346985, 0.05088215693831444, 0.453501433134079, -0.7953646779060364, 0.021019242703914642, -0.3578215539455414, 0.5493119359016418, -0.01961500756442547, 0.009987540543079376, 1.6174565553665161, 0.0973099023103714, -0.19542041420936584, 1.627376914024353, 0.028635866940021515, 0.12255349010229111, -0.057071030139923096, -0.04033128544688225, 0.01271563395857811, -0.15349602699279785, 0.02466772496700287, -0.0675765722990036, -0.19586531817913055, 0.02260797657072544, -0.0001354636187897995, -0.05261226370930672, -0.019907774403691292, 0.0013486818643286824, -0.2779393196105957, 0.11922120302915573, 0.14926092326641083, -0.25852957367897034, -0.18155711889266968, -0.0814923420548439, -0.3227992653846741, -0.09701748937368393, -0.019788339734077454, 0.06226854771375656, -0.24395208060741425, -0.35653096437454224, 0.04267000034451485, 0.21270711719989777, 0.3538797199726105, -0.05618176609277725, -0.07708290964365005, 0.018155016005039215, 0.09483340382575989, -0.4113404452800751, -0.9128301739692688, 0.09388280659914017, 0.34199878573417664, 0.9648756384849548, 0.2553323805332184, -0.8189828395843506, 0.26614272594451904, 0.1851213425397873, 0.7591880559921265, -0.21151067316532135, 0.2875988483428955, -0.019597327336668968, 0.18773521482944489, 0.1852807253599167, 0.013278748840093613, -0.14051780104637146, -0.24400678277015686, -0.11476469039916992, -0.24272260069847107, -0.2104446440935135, 0.1078919991850853, 0.21218250691890717]], "pred_rotmat": [[[[0.9907692074775696, 0.017318813130259514, 0.13444863259792328], [0.04618671163916588, -0.9755902886390686, -0.21468643844127655], [0.1274486780166626, 0.2189144641160965, -0.9673846960067749]], [[0.9054211974143982, -0.3942587971687317, -0.15739306807518005], [0.34957650303840637, 0.48209869861602783, 0.8033537268638611], [-0.24085023999214172, -0.782394289970398, 0.5743259787559509]], [[0.9397332668304443, 0.3062870502471924, 0.15195269882678986], [-0.32197123765945435, 0.6431969404220581, 0.694717288017273], [0.1150473952293396, -0.7017733454704285, 0.7030491828918457]], [[0.9997637271881104, -0.014745055697858334, -0.015967052429914474], [0.004238950088620186, 0.852841317653656, -0.5221529603004456], [0.021316537633538246, 0.5219619870185852, 0.8527023196220398]], [[0.9810125827789307, 0.18221598863601685, -0.06642067432403564], [-0.05680162087082863, -0.057515259832143784, -0.996727466583252], [-0.18543988466262817, 0.9815749526023865, -0.046073030680418015]], [[0.9936896562576294, -0.05637577921152115, 0.09696698188781738], [0.09350724518299103, -0.0610746368765831, -0.9937435388565063], [0.061945293098688126, 0.996539831161499, -0.05541769042611122]], [[0.9991061687469482, -0.011554557830095291, -0.0406600683927536], [0.013855327852070332, 0.9982913136482239, 0.056766726076602936], [0.0399346798658371, -0.057279352098703384, 0.997559130191803]], [[0.9974186420440674, 0.06536473333835602, 0.02972371317446232], [-0.06914205849170685, 0.9859697818756104, 0.15193045139312744], [-0.019375795498490334, -0.15359342098236084, 0.9879440665245056]], [[0.99974524974823, -0.0020723037887364626, 0.02247500605881214], [-0.0023414790630340576, 0.9808804392814636, 0.19459722936153412], [-0.02244856022298336, -0.19460028409957886, 0.9806256890296936]], [[0.999800980091095, -0.0008244120981544256, -0.019932739436626434], [0.0018715282203629613, 0.9986154437065125, 0.05257108807563782], [0.019861800596117973, -0.052597928792238235, 0.9984182715415955]], [[0.9819260239601135, -0.16285911202430725, 0.0964270532131195], [0.13003574311733246, 0.950705349445343, 0.2815137803554535], [-0.13752080500125885, -0.2638867497444153, 0.9546998143196106]], [[0.9803730845451355, 0.10331583768129349, -0.1679123491048813], [-0.05679279938340187, 0.9635854363441467, 0.2612999379634857], [0.1887943148612976, -0.24663518369197845, 0.9505408406257629]], [[0.9951443672180176, 0.03492487594485283, -0.09202098101377487], [-0.0039040951523929834, 0.9481995105743408, 0.31765156984329224], [0.09834818542003632, -0.3157499432563782, 0.9437317252159119]], [[0.9081584811210632, 0.337842732667923, -0.24720509350299835], [-0.3527936637401581, 0.9355373382568359, -0.01750800758600235], [0.2253546416759491, 0.10311243683099747, 0.9688049554824829]], [[0.9159792065620422, -0.33933159708976746, 0.2140936553478241], [0.3482782244682312, 0.9373810291290283, -0.004356116056442261], [-0.19920918345451355, 0.07855428010225296, 0.9768033623695374]], [[0.996866762638092, -0.0159628763794899, -0.07747144252061844], [0.020290130749344826, 0.9982583522796631, 0.055394358932971954], [0.07645226269960403, -0.05679270252585411, 0.9954544901847839]], [[0.5396186709403992, 0.7486318349838257, -0.38517796993255615], [-0.7844615578651428, 0.6131942272186279, 0.09280551970005035], [0.30566608905792236, 0.25207772850990295, 0.9181639552116394]], [[0.5205737948417664, -0.7890025973320007, 0.3263092041015625], [0.8183807134628296, 0.5700509548187256, 0.0727660059928894], [-0.24342548847198486, 0.22916507720947266, 0.9424580931663513]], [[0.653484582901001, -0.3294866979122162, -0.6814664006233215], [0.134059876203537, 0.9364380240440369, -0.32420945167541504], [0.7449737787246704, 0.12050856649875641, 0.6561187505722046]], [[0.7060427069664001, 0.255668967962265, 0.6604067087173462], [-0.12263692915439606, 0.9626075029373169, -0.24155105650424957], [-0.6974695920944214, 0.08955511450767517, 0.7109964489936829]], [[0.9823607802391052, -0.18684467673301697, 0.007517961319535971], [0.18126386404037476, 0.941600501537323, -0.28378134965896606], [0.04594411700963974, 0.28013837337493896, 0.9588596224784851]], [[0.9900842308998108, 0.140475332736969, 0.00020013493485748768], [-0.1380261331796646, 0.9730849266052246, -0.18453875184059143], [-0.02611788734793663, 0.18268126249313354, 0.9828252792358398]], [[0.9643509984016418, 0.25128158926963806, -0.08297397941350937], [-0.22358405590057373, 0.9414200186729431, 0.2524648904800415], [0.1415531486272812, -0.2249131202697754, 0.9640418887138367]], [[0.9719064831733704, -0.21988800168037415, 0.08394671976566315], [0.19737307727336884, 0.9557201862335205, 0.21827217936515808], [-0.12822501361370087, -0.19557131826877594, 0.9722706079483032]]]], "pred_betas": [[-0.13226386904716492, 0.4162485599517822, 0.8219477534294128, 0.9670372009277344, -0.060432545840740204, 0.3002185821533203, -0.3786638379096985, 0.2103091925382614, 0.6606862545013428, 0.05892255902290344]], "pred_camera": [1.2619112730026245, 0.012706102803349495, 0.42179179191589355]}