{"pred_joints_img": [[384.9530029296875, 145.61325073242188, -40.01350784301758], [385.7073059082031, 183.99658203125, -5.512807369232178], [339.7959899902344, 208.25851440429688, -6.478602886199951], [322.4842224121094, 270.5428466796875, -4.49064826965332], [323.9158020019531, 318.9470520019531, -47.520015716552734], [429.72314453125, 211.29278564453125, -3.610569477081299], [438.9291687011719, 277.3309020996094, -5.214933395385742], [426.9404602050781, 313.640380859375, -55.723289489746094], [381.6343688964844, 313.70526123046875, 6.443989276885986], [364.8179931640625, 336.31787109375, 0.9277428388595581], [335.8421630859375, 379.4212341308594, -82.19416809082031], [319.1138610839844, 457.4080810546875, -18.927480697631836], [398.01312255859375, 337.95941162109375, 6.101853370666504], [449.52496337890625, 369.2502746582031, -68.1101303100586], [430.06396484375, 459.6764831542969, -25.73469352722168], [378.0390930175781, 138.14022827148438, -27.86575698852539], [395.0878601074219, 138.53358459472656, -30.34590721130371], [370.2504577636719, 149.05596923828125, -4.854726791381836], [407.81573486328125, 149.7841339111328, -9.842605590820312], [451.36163330078125, 480.35699462890625, -66.43305206298828], [459.5014343261719, 480.89862060546875, -47.02198791503906], [424.62689208984375, 464.210693359375, -9.749920845031738], [314.59844970703125, 484.2033386230469, -61.906463623046875], [298.01556396484375, 478.399169921875, -48.74853515625], [316.61407470703125, 461.606201171875, -1.3708022832870483], [319.1138610839844, 457.4080810546875, -18.927480697631836], [335.8421630859375, 379.4212341308594, -82.19416809082031], [347.4275207519531, 306.6143493652344, 7.181293487548828], [414.78204345703125, 308.4674072265625, 15.94681453704834], [449.52496337890625, 369.2502746582031, -68.1101303100586], [430.06396484375, 459.6764831542969, -25.73469352722168], [323.9158020019531, 318.9470520019531, -47.520015716552734], [322.4842224121094, 270.5428466796875, -4.49064826965332], [339.7959899902344, 208.25851440429688, -6.478602886199951], [429.72314453125, 211.29278564453125, -3.610569477081299], [438.9291687011719, 277.3309020996094, -5.214933395385742], [426.9404602050781, 313.640380859375, -55.723289489746094], [386.21392822265625, 184.55767822265625, -7.591852188110352], [391.0462646484375, 114.98184204101562, -1.9166018962860107], [380.4698181152344, 309.09344482421875, 16.180749893188477], [385.42279052734375, 201.95376586914062, -4.416990756988525], [382.8817138671875, 246.0089569091797, 10.147814750671387], [388.6431884765625, 158.95849609375, -23.894357681274414], [389.91485595703125, 131.3209686279297, -3.0820958614349365], [384.9530029296875, 145.61325073242188, -40.01350784301758], [395.0878601074219, 138.53358459472656, -30.34590721130371], [378.0390930175781, 138.14022827148438, -27.86575698852539], [407.81573486328125, 149.7841339111328, -9.842605590820312], [370.2504577636719, 149.05596923828125, -4.854726791381836]], "pred_body_pose": [[2.9251480102539062, 0.032324451953172684, 0.20186707377433777, -0.9603114724159241, 0.0512511171400547, 0.4046367406845093, -0.8114542961120605, 0.038299206644296646, -0.35416191816329956, 0.5341591238975525, -0.026172718033194542, 0.025705669075250626, 1.5724422931671143, 0.0848594531416893, -0.19671157002449036, 1.6125853061676025, 0.04432917386293411, 0.11432886868715286, -0.05211855471134186, -0.036604367196559906, 0.0030751905869692564, -0.16335760056972504, 0.04800714552402496, -0.06028609350323677, -0.20159052312374115, -0.010894528590142727, 0.016448643058538437, -0.04487188532948494, -0.015409485436975956, -0.002738230163231492, -0.28037893772125244, 0.10429472476243973, 0.1568848341703415, -0.256308913230896, -0.1492736041545868, -0.1289905458688736, -0.3098450303077698, -0.11494897305965424, -0.045665137469768524, 0.05511653050780296, -0.25504007935523987, -0.34868916869163513, 0.04191669821739197, 0.20511849224567413, 0.31460434198379517, -0.07399281114339828, -0.07502702623605728, 0.027500677853822708, 0.09809336811304092, -0.430767297744751, -0.9106122255325317, 0.0839889720082283, 0.2961338460445404, 0.917029082775116, 0.262908399105072, -0.8281166553497314, 0.23753754794597626, 0.16543267667293549, 0.7189947366714478, -0.15859858691692352, 0.2550944685935974, -0.02682485058903694, 0.2064957320690155, 0.1567912995815277, 0.02033439464867115, -0.15382792055606842, -0.23275883495807648, -0.11151671409606934, -0.2443051040172577, -0.19895336031913757, 0.10615123808383942, 0.2160252332687378]], "pred_rotmat": [[[[0.9903843998908997, 0.007449151948094368, 0.13814254105091095], [0.03605811297893524, -0.9779343008995056, -0.2057773917913437], [0.13356146216392517, 0.20877985656261444, -0.9687994718551636]], [[0.9240980744361877, -0.35757437348365784, -0.13484536111354828], [0.31266307830810547, 0.5045365691184998, 0.8047885298728943], [-0.21973735094070435, -0.7858647108078003, 0.5780415534973145]], [[0.9405965805053711, 0.29504308104515076, 0.16801100969314575], [-0.32413971424102783, 0.6330447196960449, 0.7029848694801331], [0.10105234384536743, -0.715684175491333, 0.6910749077796936]], [[0.9993430972099304, -0.03131977468729019, -0.018237020820379257], [0.017670176923274994, 0.8603901267051697, -0.5093295574188232], [0.031643036752939224, 0.5086726546287537, 0.8603783845901489]], [[0.9814813733100891, 0.17777805030345917, -0.0713401734828949], [-0.07009801268577576, -0.013266555033624172, -0.9974519610404968], [-0.17827148735523224, 0.983981192111969, -0.0005589890060946345]], [[0.9939841628074646, -0.042017143219709396, 0.10114379227161407], [0.09921795129776001, -0.0456414557993412, -0.9940183758735657], [0.04638216644525528, 0.9980738162994385, -0.04119803011417389]], [[0.9993255138397217, -0.002119553042575717, -0.03665968403220177], [0.00402666162699461, 0.9986376166343689, 0.052026983350515366], [0.03649945929646492, -0.052139513194561005, 0.9979726076126099]], [[0.9970385432243347, 0.05604831501841545, 0.05265725776553154], [-0.06386934220790863, 0.9848811030387878, 0.16102765500545502], [-0.04283581301569939, -0.16391395032405853, 0.9855442047119141]], [[0.9998060464859009, -0.015242029912769794, -0.012472468428313732], [0.017430761829018593, 0.9796152710914612, 0.2001255750656128], [0.009167899377644062, -0.20030416548252106, 0.9796909689903259]], [[0.9998775124549866, 0.0030828602612018585, -0.015342260710895061], [-0.002391538582742214, 0.9989897012710571, 0.044876083731651306], [0.01546510774642229, -0.04483389854431152, 0.9988747239112854]], [[0.9824230074882507, -0.16840088367462158, 0.08053737133741379], [0.1394357979297638, 0.9488763213157654, 0.28318101167678833], [-0.12410791963338852, -0.26697370409965515, 0.9556790590286255]], [[0.9807084202766418, 0.1457170695066452, -0.13029734790325165], [-0.10778934508562088, 0.9591912031173706, 0.2614070177078247], [0.16307155787944794, -0.24231943488121033, 0.9563936591148376]], [[0.9924214482307434, 0.06246636435389519, -0.10581928491592407], [-0.027179110795259476, 0.9514085650444031, 0.3067295551300049], [0.11983765661716461, -0.3015288710594177, 0.9458960294723511]], [[0.908150851726532, 0.3308526873588562, -0.2565124034881592], [-0.3446888029575348, 0.9386676549911499, -0.009624183177947998], [0.23759572207927704, 0.09715717285871506, 0.9664930701255798]], [[0.9303105473518372, -0.30292168259620667, 0.20678667724132538], [0.31141772866249084, 0.950230062007904, -0.009042705409228802], [-0.19375570118427277, 0.07280956953763962, 0.9783442616462708]], [[0.9968104958534241, -0.02467336319386959, -0.07589522749185562], [0.030219336971640587, 0.9968875050544739, 0.07281600683927536], [0.07386238127946854, -0.07487726211547852, 0.9944535493850708]], [[0.5344740152359009, 0.7435280084609985, -0.40187525749206543], [-0.7822971343994141, 0.6151852607727051, 0.09776658564805984], [0.3199199140071869, 0.2621321678161621, 0.9104604125022888]], [[0.57077556848526, -0.7690671682357788, 0.2876647412776947], [0.7920592427253723, 0.6080486178398132, 0.054028648883104324], [-0.2164657860994339, 0.19700928032398224, 0.9562060832977295]], [[0.6533207893371582, -0.3083913028240204, -0.6914237141609192], [0.10500014573335648, 0.9413584470748901, -0.32065433263778687], [0.749764621257782, 0.13689053058624268, 0.6473901867866516]], [[0.7415680289268494, 0.20067177712917328, 0.6401622891426086], [-0.08726516366004944, 0.9749621152877808, -0.20453299582004547], [-0.6651779413223267, 0.09581125527620316, 0.7405123710632324]], [[0.9785151481628418, -0.20617471635341644, -0.00024186163500417024], [0.19939345121383667, 0.9466280341148376, -0.2532539665699005], [0.05244351550936699, 0.24776461720466614, 0.9673997759819031]], [[0.9880104660987854, 0.15417106449604034, 0.008159263990819454], [-0.15099571645259857, 0.9759743809700012, -0.15708047151565552], [-0.03218049928545952, 0.15396514534950256, 0.9875520467758179]], [[0.9643175005912781, 0.2520371675491333, -0.08105000108480453], [-0.226352721452713, 0.9436658024787903, 0.24136947095394135], [0.1373182088136673, -0.2144109010696411, 0.9670427441596985]], [[0.9712671041488647, -0.2230052947998047, 0.08311895281076431], [0.20205721259117126, 0.9572246074676514, 0.2071082890033722], [-0.12574976682662964, -0.18436269462108612, 0.9747806191444397]]]], "pred_betas": [[-0.09706422686576843, 0.4277348220348358, 0.7570898532867432, 0.9312673807144165, -0.08168930560350418, 0.2825194299221039, -0.4470458924770355, 0.24709062278270721, 0.715573787689209, 0.14808592200279236]], "pred_camera": [1.2541799545288086, 0.018565837293863297, 0.40470027923583984]}