{"pred_joints_img": [[382.008056640625, 145.2865753173828, -40.10964584350586], [385.1180114746094, 184.87661743164062, -7.031739234924316], [338.8662109375, 209.88768005371094, -6.104177951812744], [322.2715759277344, 272.2460632324219, -5.93025016784668], [322.87921142578125, 316.57537841796875, -52.989192962646484], [428.7912902832031, 213.754150390625, -6.2627081871032715], [437.39166259765625, 279.7609558105469, -6.856924057006836], [427.3064880371094, 317.9759521484375, -56.18333435058594], [379.5484619140625, 314.13397216796875, 6.430249214172363], [362.3499755859375, 336.49371337890625, 1.1997874975204468], [333.29498291015625, 376.351806640625, -83.33055877685547], [316.37445068359375, 459.33282470703125, -27.243318557739258], [395.5687561035156, 338.55859375, 5.135903835296631], [442.6256103515625, 366.4803466796875, -73.08956146240234], [425.74017333984375, 458.83807373046875, -34.50475311279297], [375.86785888671875, 138.18943786621094, -27.322946548461914], [392.7502136230469, 138.32656860351562, -30.973966598510742], [369.75543212890625, 149.71844482421875, -4.058228492736816], [407.0675354003906, 150.02822875976562, -11.677019119262695], [444.35040283203125, 477.7624206542969, -77.29943084716797], [453.7364501953125, 479.16290283203125, -58.496700286865234], [421.1230163574219, 464.2271728515625, -18.52619171142578], [312.5716247558594, 483.418212890625, -71.80994415283203], [295.6561279296875, 478.63555908203125, -58.49358367919922], [313.97509765625, 464.7875061035156, -10.030171394348145], [316.37445068359375, 459.33282470703125, -27.243318557739258], [333.29498291015625, 376.351806640625, -83.33055877685547], [345.3983154296875, 306.6554870605469, 8.636380195617676], [413.007568359375, 309.45745849609375, 15.013047218322754], [442.6256103515625, 366.4803466796875, -73.08956146240234], [425.74017333984375, 458.83807373046875, -34.50475311279297], [322.87921142578125, 316.57537841796875, -52.989192962646484], [322.2715759277344, 272.2460632324219, -5.93025016784668], [338.8662109375, 209.88768005371094, -6.104177951812744], [428.7912902832031, 213.754150390625, -6.2627081871032715], [437.39166259765625, 279.7609558105469, -6.856924057006836], [427.3064880371094, 317.9759521484375, -56.18333435058594], [385.4468994140625, 185.591064453125, -8.721794128417969], [390.48052978515625, 115.48579406738281, -1.7480669021606445], [378.72998046875, 309.6907958984375, 16.437360763549805], [384.6416931152344, 203.56887817382812, -5.630064010620117], [382.04327392578125, 246.8194580078125, 9.821969985961914], [386.93194580078125, 159.10365295410156, -24.622528076171875], [389.383544921875, 131.84237670898438, -3.2394635677337646], [382.008056640625, 145.2865753173828, -40.10964584350586], [392.7502136230469, 138.32656860351562, -30.973966598510742], [375.86785888671875, 138.18943786621094, -27.322946548461914], [407.0675354003906, 150.02822875976562, -11.677019119262695], [369.75543212890625, 149.71844482421875, -4.058228492736816]], "pred_body_pose": [[2.915201425552368, 0.05526203662157059, 0.14989647269248962, -0.9955201148986816, 0.0391426756978035, 0.39307528734207153, -0.8461090326309204, 0.044579945504665375, -0.3231663703918457, 0.5640246868133545, -0.02220097742974758, 0.019280362874269485, 1.5639287233352661, 0.07846140116453171, -0.19768711924552917, 1.5651406049728394, 0.056355107575654984, 0.11622533202171326, -0.04812013730406761, -0.03799951821565628, 0.009353154338896275, -0.15760503709316254, 0.05557618290185928, -0.07916071265935898, -0.1816943883895874, -0.02282855287194252, 0.03913094848394394, -0.04769930616021156, -0.017958199605345726, -2.364558713452425e-05, -0.27329930663108826, 0.09171199798583984, 0.18881241977214813, -0.25682899355888367, -0.12563581764698029, -0.15903200209140778, -0.37017685174942017, -0.1293317973613739, -0.028673497959971428, 0.05431338772177696, -0.2599744200706482, -0.38742324709892273, 0.030696215108036995, 0.2301940619945526, 0.3594420850276947, -0.04925167188048363, -0.09226005524396896, 0.029948387295007706, 0.09460144490003586, -0.4055349826812744, -0.8747061491012573, 0.07751261442899704, 0.32508721947669983, 0.8738003373146057, 0.15956774353981018, -0.7979047894477844, 0.2323155254125595, 0.09158586710691452, 0.7615461945533752, -0.1858750283718109, 0.23452240228652954, -0.02594628371298313, 0.162700816988945, 0.15556354820728302, 0.02416170760989189, -0.12880051136016846, -0.23667274415493011, -0.1144564151763916, -0.24377457797527313, -0.2061624974012375, 0.10939379781484604, 0.2190379649400711]], "pred_rotmat": [[[[0.9940849542617798, 0.026030242443084717, 0.10543953627347946], [0.04864096641540527, -0.9747475385665894, -0.21794793009757996], [0.09710368514060974, 0.2217874526977539, -0.9702479839324951]], [[0.9291585683822632, -0.3398110568523407, -0.14557772874832153], [0.30442917346954346, 0.4799179434776306, 0.8228011131286621], [-0.2097315639257431, -0.808830738067627, 0.5493682622909546]], [[0.9503360390663147, 0.2630586624145508, 0.1663176715373993], [-0.29826319217681885, 0.6171798706054688, 0.7280989289283752], [0.08888480812311172, -0.7415450215339661, 0.6649889945983887]], [[0.9995790719985962, -0.024367831647396088, -0.01574506051838398], [0.012175272218883038, 0.8449406623840332, -0.5347215533256531], [0.0263336431235075, 0.5343047380447388, 0.8448817133903503]], [[0.9817041754722595, 0.17487689852714539, -0.07533273100852966], [-0.0756184458732605, -0.005038663279265165, -0.9971240758895874], [-0.17475354671478271, 0.9845773577690125, 0.008277442306280136]], [[0.9932375550270081, -0.03825625404715538, 0.10961608588695526], [0.10975797474384308, 0.0016222312115132809, -0.9939570426940918], [0.03784723952412605, 0.9992666244506836, 0.005810189992189407]], [[0.9992345571517944, -0.00843318086117506, -0.038200125098228455], [0.01026113796979189, 0.9987988471984863, 0.047911643981933594], [0.03775019571185112, -0.0482669472694397, 0.9981208443641663]], [[0.9953357577323914, 0.0743432492017746, 0.06148029491305351], [-0.08307740837335587, 0.9844914078712463, 0.15451490879058838], [-0.049039680510759354, -0.15890182554721832, 0.986075758934021]], [[0.9989768862724304, -0.036834828555583954, -0.02623993344604969], [0.04097050428390503, 0.9827784299850464, 0.18018905818462372], [0.019150812178850174, -0.18107974529266357, 0.9832820892333984]], [[0.9998387694358826, 0.0004518393543548882, -0.017949862405657768], [0.0004045686509925872, 0.998862624168396, 0.0476788692176342], [0.017950989305973053, -0.047678448259830475, 0.9987013936042786]], [[0.9781865477561951, -0.1975063979625702, 0.06436072289943695], [0.17268864810466766, 0.9453725218772888, 0.27649492025375366], [-0.11545437574386597, -0.2593492567539215, 0.9588577747344971]], [[0.9796448349952698, 0.17220018804073334, -0.10316601395606995], [-0.1402200311422348, 0.9547793865203857, 0.26217302680015564], [0.14364701509475708, -0.24237048625946045, 0.9594905972480774]], [[0.9913379549980164, 0.051571499556303024, -0.12078630924224854], [-0.004309425596147776, 0.9319567680358887, 0.3625437617301941], [0.1312645524740219, -0.3588829040527344, 0.9241063594818115]], [[0.8931447267532349, 0.36640194058418274, -0.2608485817909241], [-0.3802643120288849, 0.9248733520507812, -0.002897158730775118], [0.24019035696983337, 0.10177899152040482, 0.9653753638267517]], [[0.9102877974510193, -0.34509187936782837, 0.2286653071641922], [0.35205078125, 0.9359166026115417, 0.010975348763167858], [-0.2177991420030594, 0.07051106542348862, 0.973443329334259]], [[0.9953002333641052, -0.027619611471891403, -0.09281496703624725], [0.032159093767404556, 0.9983403086662292, 0.047774430364370346], [0.09134141355752945, -0.050534747540950775, 0.9945365786552429]], [[0.5704477429389954, 0.7264355421066284, -0.3832501769065857], [-0.7618916034698486, 0.642308235168457, 0.08343426883220673], [0.306774377822876, 0.24440020322799683, 0.9198684096336365]], [[0.5961828827857971, -0.740095853805542, 0.31116560101509094], [0.7635091543197632, 0.6424891948699951, 0.06527875363826752], [-0.24823309481143951, 0.1986597329378128, 0.9481110572814941]], [[0.6748090982437134, -0.26551589369773865, -0.6885738968849182], [0.1456146091222763, 0.9625980257987976, -0.22847655415534973], [0.7234839797019958, 0.05391162633895874, 0.6882328987121582]], [[0.7083700895309448, 0.20027095079421997, 0.6768332719802856], [-0.13407015800476074, 0.9796227216720581, -0.14954745769500732], [-0.692991316318512, 0.015191815793514252, 0.7207857966423035]], [[0.9865202903747559, -0.16350413858890533, -0.006644264329224825], [0.15746067464351654, 0.959541916847229, -0.23342102766036987], [0.04454075172543526, 0.22922836244106293, 0.9723530411720276]], [[0.991442859172821, 0.12978708744049072, 0.014011602848768234], [-0.12604135274887085, 0.9796754121780396, -0.15604373812675476], [-0.03397928923368454, 0.15294241905212402, 0.9876507520675659]], [[0.9641236066818237, 0.25198546051979065, -0.0834803581237793], [-0.22518566250801086, 0.9428955912590027, 0.2454368770122528], [0.14055979251861572, -0.21783292293548584, 0.9658114314079285]], [[0.9702827334403992, -0.2264976054430008, 0.085148885846138], [0.20413659512996674, 0.9551446437835693, 0.21453912556171417], [-0.12992209196090698, -0.1907815933227539, 0.9729968309402466]]]], "pred_betas": [[-0.17731840908527374, 0.4045064449310303, 0.7679327726364136, 1.034497857093811, -0.1642528474330902, 0.3391106128692627, -0.4503074288368225, 0.3329201936721802, 0.6258341670036316, 0.15357106924057007]], "pred_camera": [1.2157244682312012, 0.03869858756661415, 0.38648343086242676]}