{"pred_joints_img": [[380.25738525390625, 143.830322265625, -41.87635803222656], [383.3852844238281, 182.12954711914062, -6.99048376083374], [336.8153076171875, 207.76507568359375, -7.528419017791748], [322.2394104003906, 271.29302978515625, -5.235010623931885], [328.42779541015625, 318.48046875, -49.934513092041016], [428.1329650878906, 210.1903076171875, -3.6766648292541504], [437.0551452636719, 276.6234436035156, 1.5986599922180176], [426.8090515136719, 311.9438781738281, -50.61039733886719], [379.1051330566406, 312.4871826171875, 6.791128158569336], [361.83294677734375, 335.330810546875, 1.4822266101837158], [331.45196533203125, 379.7185974121094, -81.44538116455078], [319.81134033203125, 465.3897705078125, -25.9990291595459], [395.79315185546875, 337.0030212402344, 6.039345741271973], [446.25885009765625, 369.7670593261719, -69.30858612060547], [426.98480224609375, 463.23779296875, -31.58046531677246], [374.18115234375, 136.05453491210938, -29.276260375976562], [391.1871337890625, 136.39947509765625, -33.14314651489258], [368.2406921386719, 146.5541229248047, -5.171736717224121], [405.9110107421875, 147.2857666015625, -13.229743957519531], [448.4161376953125, 483.431884765625, -73.1672134399414], [456.5133056640625, 484.4482116699219, -53.53407287597656], [421.1628723144531, 468.4522705078125, -15.675374984741211], [314.99957275390625, 490.091552734375, -70.66260528564453], [298.23565673828125, 485.8827209472656, -56.54673767089844], [318.5318908691406, 471.05426025390625, -8.499283790588379], [319.81134033203125, 465.3897705078125, -25.9990291595459], [331.45196533203125, 379.7185974121094, -81.44538116455078], [344.2431335449219, 305.2298278808594, 8.317605018615723], [413.11700439453125, 307.2669982910156, 15.827400207519531], [446.25885009765625, 369.7670593261719, -69.30858612060547], [426.98480224609375, 463.23779296875, -31.58046531677246], [328.42779541015625, 318.48046875, -49.934513092041016], [322.2394104003906, 271.29302978515625, -5.235010623931885], [336.8153076171875, 207.76507568359375, -7.528419017791748], [428.1329650878906, 210.1903076171875, -3.6766648292541504], [437.0551452636719, 276.6234436035156, 1.5986599922180176], [426.8090515136719, 311.9438781738281, -50.61039733886719], [383.83154296875, 182.83633422851562, -8.939234733581543], [389.27294921875, 111.91883850097656, -4.6002278327941895], [378.122802734375, 307.7961120605469, 16.797073364257812], [383.0950012207031, 200.74893188476562, -5.304847717285156], [380.648681640625, 244.45626831054688, 10.074530601501465], [385.3639221191406, 156.9994659423828, -25.783702850341797], [388.1078186035156, 128.50021362304688, -5.337985515594482], [380.25738525390625, 143.830322265625, -41.87635803222656], [391.1871337890625, 136.39947509765625, -33.14314651489258], [374.18115234375, 136.05453491210938, -29.276260375976562], [405.9110107421875, 147.2857666015625, -13.229743957519531], [368.2406921386719, 146.5541229248047, -5.171736717224121]], "pred_body_pose": [[2.9307258129119873, 0.0368109866976738, 0.17041003704071045, -0.9547792077064514, 0.06617432832717896, 0.4002346694469452, -0.8160125017166138, 0.012243948876857758, -0.3342801332473755, 0.547195315361023, -0.021662594750523567, 0.022388726472854614, 1.5114154815673828, 0.10451766103506088, -0.19843661785125732, 1.5090299844741821, 0.015259450301527977, 0.12892276048660278, -0.044906407594680786, -0.02983301877975464, 0.003036689944565296, -0.13280035555362701, 0.060341741889715195, -0.0806957259774208, -0.15581460297107697, -0.025153011083602905, 0.0492401123046875, -0.04578036069869995, -0.008303352631628513, -0.0012489384971559048, -0.27554193139076233, 0.1001291498541832, 0.1890336573123932, -0.2530060410499573, -0.12419699132442474, -0.17639529705047607, -0.33886876702308655, -0.15276198089122772, -0.04854298755526543, 0.06487088650465012, -0.21404260396957397, -0.378940224647522, 0.04270699620246887, 0.2238846719264984, 0.3558843433856964, -0.03932426497340202, -0.11309846490621567, 0.03156810253858566, 0.12423551827669144, -0.3797641694545746, -0.921137273311615, 0.09764466434717178, 0.3282202184200287, 0.9087587594985962, 0.198759064078331, -0.9362232685089111, 0.27519479393959045, 0.14361679553985596, 0.7634860873222351, -0.16908469796180725, 0.19133272767066956, -0.040846433490514755, 0.17651067674160004, 0.1591676026582718, 0.03488003835082054, -0.144877091050148, -0.2233867198228836, -0.11104357242584229, -0.23932959139347076, -0.20504063367843628, 0.10576917231082916, 0.21777229011058807]], "pred_rotmat": [[[[0.9930218458175659, 0.012913631275296211, 0.1172214224934578], [0.0366230234503746, -0.9786101579666138, -0.2024378925561905], [0.11209984868764877, 0.20531825721263885, -0.97225421667099]], [[0.9248361587524414, -0.3610706925392151, -0.11960805207490921], [0.3033556342124939, 0.5104726552963257, 0.8046073913574219], [-0.22946351766586304, -0.7804137468338013, 0.581636369228363]], [[0.9475868344306946, 0.28792211413383484, 0.13849188387393951], [-0.29728230834007263, 0.6357461810112, 0.7123551964759827], [0.11705712974071503, -0.7161896228790283, 0.6880188584327698]], [[0.9995267391204834, -0.0270644873380661, -0.014620527625083923], [0.015504593029618263, 0.8537546396255493, -0.5204447507858276], [0.026567911729216576, 0.5199717879295349, 0.8537701964378357]], [[0.9793773293495178, 0.19451583921909332, -0.05462222546339035], [-0.06498564779758453, 0.04729674756526947, -0.9967647194862366], [-0.191303089261055, 0.9797585010528564, 0.05896209925413132]], [[0.9930658340454102, -0.0755113884806633, 0.09010252356529236], [0.09445948153734207, 0.056258637458086014, -0.9939378499984741], [0.069984570145607, 0.9955565929412842, 0.06300129741430283]], [[0.9995505213737488, -0.0023655265104025602, -0.029886692762374878], [0.003704903181642294, 0.9989873766899109, 0.04483930766582489], [0.029750358313322067, -0.044929876923561096, 0.9985471367835999]], [[0.9949352741241455, 0.07632506638765335, 0.06540846824645996], [-0.08431992679834366, 0.9879540801048279, 0.1297571063041687], [-0.054716844111680984, -0.13461516797542572, 0.9893860816955566]], [[0.9984748959541321, -0.04706095531582832, -0.028866002336144447], [0.05097120627760887, 0.986678957939148, 0.15448781847953796], [0.021211139857769012, -0.15572352707386017, 0.9875729084014893]], [[0.999964714050293, 0.0014385196845978498, -0.008271772414445877], [-0.0010584555566310883, 0.9989514946937561, 0.04576902091503143], [0.008328938856720924, -0.045758653432130814, 0.9989177584648132]], [[0.977351188659668, -0.19887876510620117, 0.07233046740293503], [0.17156767845153809, 0.9447353482246399, 0.2793560028076172], [-0.12389113008975983, -0.2606194019317627, 0.9574593901634216]], [[0.9769435524940491, 0.18873019516468048, -0.09981151670217514], [-0.15759599208831787, 0.9528729319572449, 0.2592233717441559], [0.14403095841407776, -0.23751668632030487, 0.9606462121009827]], [[0.9873034358024597, 0.07299549877643585, -0.14108027517795563], [-0.021832581609487534, 0.9420887231826782, 0.3346523642539978], [0.1573382467031479, -0.3273232579231262, 0.9317210912704468]], [[0.9068132042884827, 0.35999855399131775, -0.21929612755775452], [-0.3736611008644104, 0.9272827506065369, -0.022893156856298447], [0.19510801136493683, 0.10270225256681442, 0.9753897190093994]], [[0.912918746471405, -0.3406749367713928, 0.22476647794246674], [0.35009491443634033, 0.9367116093635559, -0.002197938272729516], [-0.2097926139831543, 0.08069614320993423, 0.9744101762771606]], [[0.9931149482727051, -0.02926657162606716, -0.11342953890562057], [0.03370840474963188, 0.9987301826477051, 0.03744097426533699], [0.11218973249197006, -0.04100671410560608, 0.9928404092788696]], [[0.54396653175354, 0.7523067593574524, -0.37166526913642883], [-0.7956540584564209, 0.6031284332275391, 0.05630987137556076], [0.26652416586875916, 0.26508626341819763, 0.9266576170921326]], [[0.5687660574913025, -0.757698655128479, 0.31999659538269043], [0.7873067259788513, 0.6141237616539001, 0.05477370321750641], [-0.23801948130130768, 0.22078204154968262, 0.9458339810371399]], [[0.5619485378265381, -0.3175120949745178, -0.763806164264679], [0.14630872011184692, 0.946988582611084, -0.286018043756485], [0.8141299486160278, 0.04897591471672058, 0.5786136388778687]], [[0.7100201845169067, 0.20382237434387207, 0.6740384101867676], [-0.09982863813638687, 0.9766615033149719, -0.19017481803894043], [-0.6970692873001099, 0.06773962825536728, 0.7137966752052307]], [[0.9836825132369995, -0.1783602386713028, -0.023586733266711235], [0.1705901026725769, 0.9663134217262268, -0.19271038472652435], [0.05716405436396599, 0.18554218113422394, 0.9809721112251282]], [[0.9889408946037292, 0.14649680256843567, 0.023120062425732613], [-0.14096699655056, 0.9769297242164612, -0.16042611002922058], [-0.04608859121799469, 0.15539278090000153, 0.9867769479751587]], [[0.9655405879020691, 0.2468707114458084, -0.08237858861684799], [-0.2223111093044281, 0.9469414949417114, 0.23211990296840668], [0.1353112906217575, -0.20580750703811646, 0.9691925644874573]], [[0.970939040184021, -0.22489020228385925, 0.08186428993940353], [0.20338451862335205, 0.9556407332420349, 0.21303872764110565], [-0.1261431723833084, -0.19019769132137299, 0.9736080765724182]]]], "pred_betas": [[-0.19244466722011566, 0.282979279756546, 0.705195426940918, 0.8719432353973389, -0.21647757291793823, 0.31739333271980286, -0.4317275881767273, 0.2764253616333008, 0.595328688621521, 0.23960712552070618]], "pred_camera": [1.1925572156906128, 0.06960782408714294, 0.3482205271720886]}