{"pred_joints_img": [[384.4014587402344, 143.14707946777344, -40.47418212890625], [383.79620361328125, 182.62994384765625, -5.634298324584961], [336.62384033203125, 208.53311157226562, -6.423923492431641], [324.57421875, 273.3938293457031, -4.980186939239502], [334.0760192871094, 321.19390869140625, -49.61029815673828], [428.875244140625, 210.7571563720703, -3.313924789428711], [440.2497863769531, 277.6932373046875, 0.19255058467388153], [427.7548828125, 312.6248474121094, -52.702606201171875], [378.9636535644531, 314.32635498046875, 6.816071033477783], [361.48199462890625, 337.30987548828125, 1.212533712387085], [326.7830810546875, 376.9649658203125, -83.694580078125], [317.2552490234375, 464.5859680175781, -28.760717391967773], [395.8586730957031, 339.0187683105469, 5.1586689949035645], [448.67999267578125, 369.3942565917969, -70.9725112915039], [432.16534423828125, 463.2779541015625, -29.976882934570312], [377.3652648925781, 135.3406219482422, -28.149717330932617], [394.8251647949219, 136.22378540039062, -30.417882919311523], [368.6593933105469, 146.26539611816406, -4.664421081542969], [407.2887268066406, 148.0947723388672, -9.326254844665527], [453.7640075683594, 484.49652099609375, -71.57424926757812], [462.2569580078125, 484.8565673828125, -51.77834701538086], [426.4244689941406, 468.1517333984375, -13.715584754943848], [310.6733703613281, 488.8390808105469, -74.13330841064453], [294.38800048828125, 484.9762268066406, -59.00763702392578], [316.70745849609375, 470.50323486328125, -11.103711128234863], [317.2552490234375, 464.5859680175781, -28.760717391967773], [326.7830810546875, 376.9649658203125, -83.694580078125], [343.7015075683594, 307.1568603515625, 9.328421592712402], [413.411865234375, 309.0986328125, 15.584680557250977], [448.67999267578125, 369.3942565917969, -70.9725112915039], [432.16534423828125, 463.2779541015625, -29.976882934570312], [334.0760192871094, 321.19390869140625, -49.61029815673828], [324.57421875, 273.3938293457031, -4.980186939239502], [336.62384033203125, 208.53311157226562, -6.423923492431641], [428.875244140625, 210.7571563720703, -3.313924789428711], [440.2497863769531, 277.6932373046875, 0.19255058467388153], [427.7548828125, 312.6248474121094, -52.702606201171875], [384.371826171875, 183.29257202148438, -7.61309814453125], [390.9865417480469, 112.02273559570312, -1.4169445037841797], [378.0885925292969, 309.84783935546875, 17.182008743286133], [383.46966552734375, 201.38580322265625, -4.327223777770996], [380.81500244140625, 245.71128845214844, 11.264877319335938], [387.5274658203125, 157.00022888183594, -23.97039222717285], [389.3569641113281, 128.6922149658203, -2.6247055530548096], [384.4014587402344, 143.14707946777344, -40.47418212890625], [394.8251647949219, 136.22378540039062, -30.417882919311523], [377.3652648925781, 135.3406219482422, -28.149717330932617], [407.2887268066406, 148.0947723388672, -9.326254844665527], [368.6593933105469, 146.26539611816406, -4.664421081542969]], "pred_body_pose": [[2.9083445072174072, 0.03764071688055992, 0.14350526034832, -0.9463398456573486, 0.0626976415514946, 0.44429153203964233, -0.8410088419914246, 0.005189942196011543, -0.36851972341537476, 0.5562987327575684, -0.01835843361914158, 0.014087946154177189, 1.5507928133010864, 0.0838945135474205, -0.19281038641929626, 1.546761393547058, 0.01022721454501152, 0.14188767969608307, -0.0367557629942894, -0.025542717427015305, 0.001656422740779817, -0.12593892216682434, 0.04975533112883568, -0.0936271920800209, -0.15043528378009796, -0.007203816901892424, 0.05226517096161842, -0.04574178159236908, -0.006532167550176382, -0.00028511829441413283, -0.2850370407104492, 0.10083477944135666, 0.19416193664073944, -0.2655782401561737, -0.14613564312458038, -0.1695331633090973, -0.34805282950401306, -0.08741237223148346, -0.05601591616868973, 0.06491371244192123, -0.2324366718530655, -0.3536665141582489, 0.04855605587363243, 0.2446160465478897, 0.36035603284835815, -0.05324520915746689, -0.07687350362539291, 0.011908406391739845, 0.12208350747823715, -0.37982067465782166, -0.8993648886680603, 0.09871392697095871, 0.3577253222465515, 0.9372667670249939, 0.22038498520851135, -0.9458708167076111, 0.26082754135131836, 0.15181459486484528, 0.7506086826324463, -0.1586640477180481, 0.2046426236629486, -0.037899747490882874, 0.15720459818840027, 0.1604931652545929, 0.026539431884884834, -0.1210104301571846, -0.22785164415836334, -0.11093956977128983, -0.23354117572307587, -0.21066118776798248, 0.10417476296424866, 0.21288785338401794]], "pred_rotmat": [[[[0.9948771595954895, 0.014270288869738579, 0.10007905215024948], [0.036687880754470825, -0.9734581708908081, -0.22590546309947968], [0.09419902414083481, 0.22841987013816833, -0.9689948558807373]], [[0.9082083702087402, -0.39446088671684265, -0.1398502141237259], [0.34035658836364746, 0.5016837120056152, 0.7952802777290344], [-0.24354638159275055, -0.7698792219161987, 0.589890718460083]], [[0.9367228746414185, 0.316841185092926, 0.14886847138404846], [-0.3209078013896942, 0.6072472333908081, 0.7268211245536804], [0.13988691568374634, -0.7286030650138855, 0.6704992055892944]], [[0.9997391700744629, -0.018347086384892464, -0.013606133870780468], [0.008395432494580746, 0.8491253852844238, -0.5281246304512024], [0.021242860704660416, 0.5278725624084473, 0.8490579128265381]], [[0.9820523262023926, 0.17601318657398224, -0.06776963174343109], [-0.07038835436105728, 0.008670119568705559, -0.9974820613861084], [-0.17498241364955902, 0.9843496084213257, 0.02090379036962986]], [[0.9917593002319336, -0.08489082753658295, 0.09595353156328201], [0.09777437895536423, 0.01754865050315857, -0.9950538873672485], [0.08278708904981613, 0.996235728263855, 0.02570418454706669]], [[0.9996724724769592, -0.0011865264968946576, -0.025564614683389664], [0.0021252112928777933, 0.9993232488632202, 0.036722324788570404], [0.025503741577267647, -0.03676462545990944, 0.9989984631538391]], [[0.9943917989730835, 0.09007880836725235, 0.05541323497891426], [-0.09633085876703262, 0.987714409828186, 0.12304684519767761], [-0.04364853352308273, -0.12769478559494019, 0.9908524751663208]], [[0.9986111521720886, -0.05150336027145386, -0.0110962875187397], [0.05258478969335556, 0.9873456358909607, 0.14961105585098267], [0.0032503968104720116, -0.14998675882816315, 0.9886826276779175]], [[0.9999786615371704, 0.0004343859909567982, -0.0065233237110078335], [-0.00013564768596552312, 0.9989539980888367, 0.045726437121629715], [0.006536363158375025, -0.045724574476480484, 0.9989327192306519]], [[0.9763231873512268, -0.20422758162021637, 0.07130368798971176], [0.1757938265800476, 0.9411646723747253, 0.28862711787223816], [-0.12605412304401398, -0.269258588552475, 0.9547828435897827]], [[0.9752022624015808, 0.18535619974136353, -0.12092852592468262], [-0.14693428575992584, 0.950860321521759, 0.27253440022468567], [0.16550207138061523, -0.24800758063793182, 0.9545162916183472]], [[0.9946696162223816, 0.06983797997236252, -0.07586155831813812], [-0.03974685072898865, 0.9385408759117126, 0.34287208318710327], [0.09514465928077698, -0.3380292057991028, 0.9363139271736145]], [[0.9118063449859619, 0.33552977442741394, -0.23670434951782227], [-0.3503890335559845, 0.9363346695899963, -0.022470030933618546], [0.2140951305627823, 0.10342691838741302, 0.9713218212127686]], [[0.9066615104675293, -0.3430875241756439, 0.24547071754932404], [0.35477620363235474, 0.9349441528320312, -0.00364314136095345], [-0.22825150191783905, 0.09039027243852615, 0.9693971872329712]], [[0.9969766139984131, -0.00984572060406208, -0.0770764946937561], [0.013935833238065243, 0.9985126256942749, 0.052709002047777176], [0.0764428973197937, -0.05362376198172569, 0.9956309199333191]], [[0.5606638193130493, 0.7397529482841492, -0.3720504939556122], [-0.7825008630752563, 0.6202913522720337, 0.05413903295993805], [0.2708292305469513, 0.2607760429382324, 0.9266322255134583]], [[0.5379776954650879, -0.7701901197433472, 0.34261807799339294], [0.8026117086410522, 0.5922500491142273, 0.07109344750642776], [-0.2576710283756256, 0.23674260079860687, 0.9367809295654297]], [[0.5578705668449402, -0.3147714138031006, -0.7679188251495361], [0.12330123037099838, 0.9464501738548279, -0.29837700724601746], [0.8207175135612488, 0.07177041471004486, 0.5668084025382996]], [[0.720403790473938, 0.19710861146450043, 0.6649561524391174], [-0.08884629607200623, 0.9770931601524353, -0.19337858259677887], [-0.6878407001495361, 0.08023175597190857, 0.7214139699935913]], [[0.9869990944862366, -0.1592842936515808, -0.021477101370692253], [0.15157224237918854, 0.966892421245575, -0.20529241859912872], [0.05346589908003807, 0.19936810433864594, 0.9784650206565857]], [[0.9923523664474487, 0.12230552732944489, 0.016680529341101646], [-0.11806068569421768, 0.9798683524131775, -0.1609961837530136], [-0.0360354408621788, 0.15779562294483185, 0.9868141412734985]], [[0.9669049382209778, 0.24146008491516113, -0.08241251856088638], [-0.21643151342868805, 0.9472957253456116, 0.23619498312473297], [0.13510070741176605, -0.21054144203662872, 0.9682044982910156]], [[0.9721477627754211, -0.2202191799879074, 0.08020135015249252], [0.19845688343048096, 0.9555248618125916, 0.21814465522766113], [-0.12467402219772339, -0.19615232944488525, 0.9726153612136841]]]], "pred_betas": [[-0.13556008040905, 0.2935422658920288, 0.6948972940444946, 0.8745309710502625, -0.13665194809436798, 0.2599548101425171, -0.4077960252761841, 0.2748066782951355, 0.5471436381340027, 0.14497904479503632]], "pred_camera": [1.201819658279419, 0.06893066316843033, 0.3596564829349518]}