{"pred_joints_img": [[389.5211486816406, 145.49588012695312, -38.83665084838867], [387.9999694824219, 182.28244018554688, -5.568137168884277], [342.7879333496094, 204.828857421875, -4.975390911102295], [322.02978515625, 262.89471435546875, -1.756576418876648], [320.06024169921875, 307.5450439453125, -44.473411560058594], [429.73883056640625, 209.70419311523438, -3.0845842361450195], [444.39862060546875, 271.60369873046875, -2.8530027866363525], [437.48846435546875, 304.3919982910156, -53.17662048339844], [381.451416015625, 306.7845153808594, 6.38689661026001], [364.9072265625, 328.3779296875, 1.2773551940917969], [337.0303039550781, 366.3102722167969, -79.45357513427734], [334.7171325683594, 446.32916259765625, -24.46026039123535], [397.1737976074219, 330.166259765625, 5.173518657684326], [443.29632568359375, 363.7071228027344, -65.91142272949219], [421.08599853515625, 449.0304870605469, -25.41339683532715], [383.51116943359375, 137.74937438964844, -27.257152557373047], [399.7696838378906, 139.31361389160156, -29.724319458007812], [375.4179992675781, 147.36520385742188, -4.821584224700928], [411.4787902832031, 150.61436462402344, -9.957340240478516], [440.5176696777344, 469.7198486328125, -64.51449584960938], [448.7471618652344, 470.378173828125, -45.944427490234375], [415.5557556152344, 453.25994873046875, -10.101336479187012], [329.6758728027344, 468.9729309082031, -67.41502380371094], [314.1281433105469, 465.83209228515625, -53.4121208190918], [334.13604736328125, 451.9681396484375, -7.947316646575928], [334.7171325683594, 446.32916259765625, -24.46026039123535], [337.0303039550781, 366.3102722167969, -79.45357513427734], [348.25311279296875, 299.9822998046875, 8.590388298034668], [413.87872314453125, 302.0677795410156, 14.665471076965332], [443.29632568359375, 363.7071228027344, -65.91142272949219], [421.08599853515625, 449.0304870605469, -25.41339683532715], [320.06024169921875, 307.5450439453125, -44.473411560058594], [322.02978515625, 262.89471435546875, -1.756576418876648], [342.7879333496094, 204.828857421875, -4.975390911102295], [429.73883056640625, 209.70419311523438, -3.0845842361450195], [444.39862060546875, 271.60369873046875, -2.8530027866363525], [437.48846435546875, 304.3919982910156, -53.17662048339844], [388.5854797363281, 182.95114135742188, -7.232265472412109], [397.7738342285156, 115.95932006835938, -2.8438656330108643], [380.59783935546875, 302.5738525390625, 16.05986976623535], [387.185791015625, 199.61233520507812, -3.7899796962738037], [383.69451904296875, 241.91012573242188, 9.975225448608398], [392.28125, 158.42311096191406, -23.208192825317383], [395.5745544433594, 131.6142578125, -3.683253288269043], [389.5211486816406, 145.49588012695312, -38.83665084838867], [399.7696838378906, 139.31361389160156, -29.724319458007812], [383.51116943359375, 137.74937438964844, -27.257152557373047], [411.4787902832031, 150.61436462402344, -9.957340240478516], [375.4179992675781, 147.36520385742188, -4.821584224700928]], "pred_body_pose": [[2.9191792011260986, 0.045801736414432526, 0.1535518318414688, -0.9225306510925293, 0.08304297924041748, 0.3821272850036621, -0.8675695657730103, -0.00941841397434473, -0.30871134996414185, 0.5515931248664856, -0.026297220960259438, 0.011772414669394493, 1.5529183149337769, 0.09383823722600937, -0.20326967537403107, 1.6062482595443726, -0.017285529524087906, 0.17096921801567078, -0.05607249587774277, -0.025141211226582527, -0.006792614236474037, -0.1706947684288025, 0.07737720757722855, -0.06541797518730164, -0.21348103880882263, -0.02783140540122986, -0.0014503905549645424, -0.0369013175368309, -0.011342774145305157, -0.00866151973605156, -0.2595278322696686, 0.06413276493549347, 0.16873906552791595, -0.2422826588153839, -0.13964194059371948, -0.12924054265022278, -0.3320246636867523, -0.0992928072810173, -0.07456893473863602, 0.05032345652580261, -0.21549174189567566, -0.34743618965148926, 0.037954315543174744, 0.1839461326599121, 0.3413781523704529, -0.04327954351902008, -0.08622723072767258, 0.01325933076441288, 0.09135289490222931, -0.3663731515407562, -0.8139947056770325, 0.08224143832921982, 0.2699801027774811, 0.860714852809906, 0.21232213079929352, -0.902887761592865, 0.2424602061510086, 0.14899499714374542, 0.7735680341720581, -0.1553717851638794, 0.2441137135028839, -0.03918889909982681, 0.20895254611968994, 0.15251024067401886, 0.03131217509508133, -0.1604916900396347, -0.23509153723716736, -0.1135847195982933, -0.24432289600372314, -0.20672757923603058, 0.10652559995651245, 0.220032200217247]], "pred_rotmat": [[[[0.994063138961792, 0.019555017352104187, 0.1070331558585167], [0.042275603860616684, -0.9758427739143372, -0.21434476971626282], [0.10025601834058762, 0.2175971120595932, -0.9708760380744934]], [[0.9297279715538025, -0.3565254807472229, -0.09217137098312378], [0.2861146628856659, 0.541797399520874, 0.790312647819519], [-0.23182837665081024, -0.7611472606658936, 0.6057313680648804]], [[0.9555812478065491, 0.2706948220729828, 0.11657127737998962], [-0.26308509707450867, 0.605140209197998, 0.7513930797576904], [0.13285626471042633, -0.7486853003501892, 0.6494764089584351]], [[0.9995953440666199, -0.018253039568662643, -0.021815242245793343], [0.004112726077437401, 0.8516335487365723, -0.5241215825080872], [0.028145404532551765, 0.5238198041915894, 0.851364016532898]], [[0.9796753525733948, 0.18864433467388153, -0.06818776577711105], [-0.07046682387590408, 0.005392939783632755, -0.9974995851516724], [-0.18780489265918732, 0.9820306897163391, 0.018576497212052345]], [[0.9881794452667236, -0.116845041513443, 0.09923974424600601], [0.0946166068315506, -0.04448336735367775, -0.9945194125175476], [0.12061917781829834, 0.9921534657478333, -0.0329020693898201]], [[0.9996610283851624, 0.007492933887988329, -0.02493482083082199], [-0.006083641666918993, 0.998405396938324, 0.05612214282155037], [0.025315579026937485, -0.05595142021775246, 0.9981125593185425]], [[0.9948834776878357, 0.058406926691532135, 0.0824349969625473], [-0.071571484208107, 0.983346700668335, 0.16705335676670074], [-0.07130511105060577, -0.17209860682487488, 0.9824956655502319]], [[0.9996132254600525, 0.00439848005771637, -0.027462678030133247], [0.0015200560446828604, 0.977299690246582, 0.21185579895973206], [0.02777111902832985, -0.21181558072566986, 0.9769150018692017]], [[0.9998981952667236, 0.008868515491485596, -0.011180025525391102], [-0.008450004272162914, 0.9992817044258118, 0.0369408056139946], [0.011499605141580105, -0.036842573434114456, 0.9992548823356628]], [[0.9838422536849976, -0.17419545352458954, 0.041355352848768234], [0.1576893925666809, 0.9524839520454407, 0.26059240102767944], [-0.08478432893753052, -0.24986054003238678, 0.964562714099884]], [[0.9820412397384644, 0.14398904144763947, -0.1219107136130333], [-0.11042291671037674, 0.9625952839851379, 0.24742111563682556], [0.15297658741474152, -0.22951598465442657, 0.961207926273346]], [[0.99237060546875, 0.08932892978191376, -0.08497603982686996], [-0.056705061346292496, 0.9427033066749573, 0.3287779688835144], [0.10947658121585846, -0.32145100831985474, 0.940576434135437]], [[0.9176008105278015, 0.33234769105911255, -0.21806827187538147], [-0.34303954243659973, 0.939244270324707, -0.01200386043637991], [0.2008299082517624, 0.08582077920436859, 0.9758597016334534]], [[0.9257588386535645, -0.32935887575149536, 0.18572387099266052], [0.3362525701522827, 0.9417527318000793, -0.005998857319355011], [-0.17293018102645874, 0.06800361722707748, 0.9825837016105652]], [[0.9961975812911987, -0.011373920366168022, -0.08637770265340805], [0.015102842822670937, 0.9989763498306274, 0.04263995960354805], [0.0858042985200882, -0.043782372027635574, 0.9953495860099792]], [[0.6276163458824158, 0.6934344172477722, -0.3539016842842102], [-0.7247174382209778, 0.6864467859268188, 0.05979452654719353], [0.28439828753471375, 0.21895070374011993, 0.9333692193031311]], [[0.6202089190483093, -0.7373867034912109, 0.2675849199295044], [0.7581130266189575, 0.651072084903717, 0.037010274827480316], [-0.20150794088840485, 0.179905503988266, 0.962823212146759]], [[0.5954639911651611, -0.29572179913520813, -0.746974766254425], [0.11825867742300034, 0.9519239068031311, -0.2825876772403717], [0.7946304082870483, 0.07993455231189728, 0.6018080711364746]], [[0.7050951719284058, 0.19380421936511993, 0.6821148991584778], [-0.0846075788140297, 0.9780485033988953, -0.19042764604091644], [-0.7040471434593201, 0.07655752450227737, 0.7060145735740662]], [[0.9775981307029724, -0.21006397902965546, -0.013225892558693886], [0.2005806863307953, 0.9488229155540466, -0.24393132328987122], [0.0637902170419693, 0.2358139604330063, 0.9697023034095764]], [[0.9866865873336792, 0.16153545677661896, 0.018864495679736137], [-0.15677988529205322, 0.9755935072898865, -0.15374478697776794], [-0.04323931038379669, 0.14874035120010376, 0.9879305362701416]], [[0.9640875458717346, 0.25235915184020996, -0.08276518434286118], [-0.22593967616558075, 0.9431290030479431, 0.2438419759273529], [0.13959400355815887, -0.21638508141040802, 0.9662768840789795]], [[0.9703734517097473, -0.22720974683761597, 0.08216536790132523], [0.20537543296813965, 0.9548127055168152, 0.21483387053012848], [-0.12726488709449768, -0.19159433245658875, 0.9731882214546204]]]], "pred_betas": [[-0.07374195754528046, 0.28103163838386536, 0.8782825469970703, 1.0270699262619019, 0.010318160057067871, 0.2168133556842804, -0.4012211561203003, 0.26367467641830444, 0.6040064096450806, 0.09588523209095001]], "pred_camera": [1.2181793451309204, 0.012777977623045444, 0.39648765325546265]}