{"pred_joints_img": [[387.0654296875, 143.93942260742188, -38.65853500366211], [387.09515380859375, 183.3607635498047, -4.193820953369141], [340.05340576171875, 208.2537078857422, -4.264080047607422], [328.3248291015625, 272.608154296875, -3.096717357635498], [333.779052734375, 319.2470703125, -48.824180603027344], [431.1708068847656, 212.03607177734375, -3.5649254322052], [440.1171569824219, 278.862060546875, -4.417579174041748], [429.22747802734375, 316.90777587890625, -54.78960037231445], [380.543212890625, 314.834716796875, 6.533792018890381], [363.0880126953125, 337.5123291015625, 0.88726806640625], [328.8990478515625, 375.50042724609375, -84.16111755371094], [318.459228515625, 458.960693359375, -24.707971572875977], [396.9451599121094, 339.601806640625, 5.214303970336914], [451.6487731933594, 369.556396484375, -68.81303405761719], [430.9777526855469, 459.4306945800781, -23.104312896728516], [379.8266296386719, 136.35455322265625, -26.47873878479004], [397.159423828125, 136.87420654296875, -28.582963943481445], [371.2270812988281, 147.45504760742188, -3.3635036945343018], [409.47003173828125, 148.42160034179688, -7.560761451721191], [453.3359375, 482.08251953125, -62.96522521972656], [461.14801025390625, 481.9962158203125, -43.08574676513672], [424.93438720703125, 463.2668762207031, -7.007713794708252], [311.7573547363281, 483.63970947265625, -69.4129409790039], [295.8160705566406, 479.2555847167969, -54.583683013916016], [317.32373046875, 464.10174560546875, -7.140746116638184], [318.459228515625, 458.960693359375, -24.707971572875977], [328.8990478515625, 375.50042724609375, -84.16111755371094], [345.7682800292969, 307.3368835449219, 8.628301620483398], [414.4029541015625, 309.9419860839844, 15.59205150604248], [451.6487731933594, 369.556396484375, -68.81303405761719], [430.9777526855469, 459.4306945800781, -23.104312896728516], [333.779052734375, 319.2470703125, -48.824180603027344], [328.3248291015625, 272.608154296875, -3.096717357635498], [340.05340576171875, 208.2537078857422, -4.264080047607422], [431.1708068847656, 212.03607177734375, -3.5649254322052], [440.1171569824219, 278.862060546875, -4.417579174041748], [429.22747802734375, 316.90777587890625, -54.78960037231445], [387.4197692871094, 184.00010681152344, -6.231256008148193], [392.5400085449219, 113.00984191894531, 0.16670118272304535], [379.56854248046875, 310.356201171875, 16.737903594970703], [386.47674560546875, 202.05435180664062, -3.2443318367004395], [383.49041748046875, 246.53436279296875, 11.086111068725586], [390.26763916015625, 157.608154296875, -22.26253890991211], [391.30694580078125, 129.59530639648438, -1.1007328033447266], [387.0654296875, 143.93942260742188, -38.65853500366211], [397.159423828125, 136.87420654296875, -28.582963943481445], [379.8266296386719, 136.35455322265625, -26.47873878479004], [409.47003173828125, 148.42160034179688, -7.560761451721191], [371.2270812988281, 147.45504760742188, -3.3635036945343018]], "pred_body_pose": [[2.907332181930542, 0.052026767283678055, 0.1640249490737915, -0.9455260038375854, 0.06443868577480316, 0.4671061635017395, -0.8466799259185791, 0.012725467793643475, -0.37834450602531433, 0.5517994165420532, -0.02262951247394085, 0.008141720667481422, 1.6221410036087036, 0.0914570540189743, -0.19141358137130737, 1.6146529912948608, 0.0042488593608140945, 0.1388804316520691, -0.05629760026931763, -0.034469205886125565, 0.010021739639341831, -0.15813793241977692, 0.028261184692382812, -0.07424783706665039, -0.18945561349391937, 0.018872112035751343, 0.008074487559497356, -0.0484960563480854, -0.01958531327545643, -8.962126594269648e-05, -0.2784470021724701, 0.11363614350557327, 0.15694457292556763, -0.2637860178947449, -0.18219754099845886, -0.09397192299365997, -0.3264748752117157, -0.07452556490898132, -0.019985204562544823, 0.06573225557804108, -0.2463606745004654, -0.3537038266658783, 0.046091195195913315, 0.21598002314567566, 0.35716915130615234, -0.05129235237836838, -0.06114928796887398, 0.010682506486773491, 0.09603580832481384, -0.4065638780593872, -0.9035968780517578, 0.09519773721694946, 0.35227304697036743, 0.9678449630737305, 0.23539407551288605, -0.8058951497077942, 0.24324683845043182, 0.1667655110359192, 0.737445056438446, -0.19204770028591156, 0.27727553248405457, -0.018563134595751762, 0.17009027302265167, 0.17887935042381287, 0.010155195370316505, -0.12360362708568573, -0.24170389771461487, -0.11422159522771835, -0.23741169273853302, -0.2129223793745041, 0.10706816613674164, 0.20924469828605652]], "pred_rotmat": [[[[0.9931092858314514, 0.022404750809073448, 0.1150297001004219], [0.04799297824501991, -0.9732248783111572, -0.22478893399238586], [0.10691341757774353, 0.22876061499118805, -0.9675939083099365]], [[0.8987946510314941, -0.4126540422439575, -0.14793510735034943], [0.3571870028972626, 0.49374330043792725, 0.792864978313446], [-0.25413697957992554, -0.7654632925987244, 0.5911685228347778]], [[0.933337926864624, 0.32137784361839294, 0.15998947620391846], [-0.3314017355442047, 0.5999472141265869, 0.7281732559204102], [0.13803349435329437, -0.7326524257659912, 0.6664586663246155]], [[0.9997180104255676, -0.013820395804941654, -0.019306600093841553], [0.0016476756427437067, 0.8515574336051941, -0.5242586135864258], [0.02368614450097084, 0.5240790247917175, 0.8513400554656982]], [[0.9820898175239563, 0.17579767107963562, -0.06778457760810852], [-0.05771429464221001, -0.06178271397948265, -0.9964195489883423], [-0.1793561428785324, 0.9824856519699097, -0.05053013563156128]], [[0.9922832250595093, -0.08284733444452286, 0.09225103259086609], [0.08833170682191849, -0.0497959665954113, -0.9948456287384033], [0.08701403439044952, 0.9953173995018005, -0.042093656957149506]], [[0.9993559122085571, -0.009044395759701729, -0.03472559526562691], [0.010984194464981556, 0.9983656406402588, 0.05608312040567398], [0.034161604940891266, -0.05642843618988991, 0.9978219270706177]], [[0.996852457523346, 0.07163210958242416, 0.03396929055452347], [-0.07608964294195175, 0.9847796559333801, 0.15626733005046844], [-0.02225850149989128, -0.15836019814014435, 0.9871304631233215]], [[0.9997899532318115, -0.009808010421693325, 0.017995527014136314], [0.0062433998100459576, 0.9820749759674072, 0.1883869767189026], [-0.01952066272497177, -0.18823504447937012, 0.9819299578666687]], [[0.9998082518577576, 0.0005643776385113597, -0.019574211910367012], [0.000385216815629974, 0.9988242983818054, 0.04847482964396477], [0.019578557461500168, -0.04847307503223419, 0.998632550239563]], [[0.9814069271087646, -0.16962140798568726, 0.0898275151848793], [0.13828203082084656, 0.9494057893753052, 0.28196924924850464], [-0.13311079144477844, -0.264305055141449, 0.9552090167999268]], [[0.9791813492774963, 0.11604152619838715, -0.16654783487319946], [-0.06842570751905441, 0.9611564874649048, 0.26738786697387695], [0.19110660254955292, -0.2504250705242157, 0.9490867257118225]], [[0.9970511198043823, 0.0316641591489315, -0.06990371644496918], [-0.007560750935226679, 0.9470071196556091, 0.3211234509944916], [0.07636743038892746, -0.31964796781539917, 0.9444538950920105]], [[0.9085626006126404, 0.3346326947212219, -0.2500700056552887], [-0.35057157278060913, 0.9363052845001221, -0.020785698667168617], [0.22718627750873566, 0.10655254125595093, 0.9680046439170837]], [[0.9141640067100525, -0.3418594002723694, 0.21779897809028625], [0.35166871547698975, 0.9361002445220947, -0.006741235964000225], [-0.20157712697982788, 0.0827556848526001, 0.9759703874588013]], [[0.9980743527412415, -0.009103568270802498, -0.0613570362329483], [0.012238363735377789, 0.9986281991004944, 0.050910498946905136], [0.06080939993262291, -0.05156337469816208, 0.9968166351318359]], [[0.5483331084251404, 0.7436127066612244, -0.3825846016407013], [-0.779537558555603, 0.6201334595680237, 0.08806637674570084], [0.30274078249931335, 0.2499493658542633, 0.9197137355804443]], [[0.5152250528335571, -0.7889399528503418, 0.33483850955963135], [0.8195902705192566, 0.5677933096885681, 0.07669784873723984], [-0.2506290674209595, 0.23491372168064117, 0.9391488432884216]], [[0.6676747798919678, -0.3023975193500519, -0.6802691221237183], [0.1244695857167244, 0.9462663531303406, -0.298475056886673], [0.7339738607406616, 0.11461146920919418, 0.6694374680519104]], [[0.7240746021270752, 0.23158898949623108, 0.6496788263320923], [-0.11471977084875107, 0.9692608714103699, -0.21765288710594177], [-0.680114209651947, 0.08306591957807541, 0.7283850312232971]], [[0.9854913949966431, -0.1696477085351944, 0.005136626306921244], [0.1645459681749344, 0.9475602507591248, -0.27396050095558167], [0.0416095033288002, 0.2708309292793274, 0.9617273211479187]], [[0.9923398494720459, 0.12353461235761642, -0.0009362919954583049], [-0.12172520160675049, 0.9764553904533386, -0.17809531092643738], [-0.021086683496832848, 0.17684504389762878, 0.9840128421783447]], [[0.9656627178192139, 0.24604326486587524, -0.08341624587774277], [-0.21872830390930176, 0.9432162046432495, 0.25000208616256714], [0.14019089937210083, -0.22317220270633698, 0.9646453261375427]], [[0.9726072549819946, -0.2170579433441162, 0.08319195359945297], [0.19445116817951202, 0.9558126330375671, 0.22047902643680573], [-0.1273726373910904, -0.1982627511024475, 0.9718374609947205]]]], "pred_betas": [[-0.10445950925350189, 0.4164210855960846, 0.8499565124511719, 0.9659796357154846, -0.04294135421514511, 0.27535027265548706, -0.40425312519073486, 0.22824235260486603, 0.6260751485824585, 0.0663880705833435]], "pred_camera": [1.2590667009353638, 0.013089358806610107, 0.42086848616600037]}