{"pred_joints_img": [[385.40777587890625, 144.66552734375, -38.643062591552734], [386.45538330078125, 183.6959991455078, -4.42711067199707], [339.473876953125, 208.3114013671875, -3.298572301864624], [323.50177001953125, 270.98681640625, -5.1225738525390625], [326.2093505859375, 312.3960876464844, -54.91698455810547], [430.251708984375, 212.85116577148438, -4.657721519470215], [441.4275817871094, 278.5656433105469, -7.675881862640381], [430.95233154296875, 313.8297424316406, -59.312835693359375], [380.03253173828125, 314.1912536621094, 6.637099266052246], [362.6116638183594, 336.65234375, 1.4275226593017578], [330.7109069824219, 377.0165710449219, -82.01908874511719], [315.8558349609375, 461.1546936035156, -26.62737274169922], [396.2074890136719, 338.73095703125, 4.9488115310668945], [444.7183837890625, 369.1777648925781, -71.58905792236328], [428.25921630859375, 460.43670654296875, -29.743642807006836], [378.9580993652344, 136.94387817382812, -26.292863845825195], [396.03466796875, 137.72804260253906, -29.271202087402344], [371.4474792480469, 147.58193969726562, -2.7115020751953125], [409.29693603515625, 149.20643615722656, -8.933168411254883], [448.0428466796875, 480.1392822265625, -72.02509307861328], [457.14404296875, 480.8597106933594, -52.86271286010742], [423.3686218261719, 465.6152648925781, -13.634622573852539], [310.6729736328125, 484.10748291015625, -71.94630432128906], [294.1019287109375, 479.5975341796875, -57.91558837890625], [314.05621337890625, 467.15374755859375, -9.418630599975586], [315.8558349609375, 461.1546936035156, -26.62737274169922], [330.7109069824219, 377.0165710449219, -82.01908874511719], [345.5622253417969, 306.6405334472656, 9.327181816101074], [413.88983154296875, 309.44439697265625, 14.81665325164795], [444.7183837890625, 369.1777648925781, -71.58905792236328], [428.25921630859375, 460.43670654296875, -29.743642807006836], [326.2093505859375, 312.3960876464844, -54.91698455810547], [323.50177001953125, 270.98681640625, -5.1225738525390625], [339.473876953125, 208.3114013671875, -3.298572301864624], [430.251708984375, 212.85116577148438, -4.657721519470215], [441.4275817871094, 278.5656433105469, -7.675881862640381], [430.95233154296875, 313.8297424316406, -59.312835693359375], [386.8262023925781, 184.4393310546875, -6.261425971984863], [393.3318176269531, 113.63397216796875, -0.7473536729812622], [379.3087463378906, 309.6800537109375, 16.70412254333496], [385.8108215332031, 202.4022216796875, -3.3565351963043213], [382.8888244628906, 246.23992919921875, 11.283853530883789], [389.2641906738281, 158.2023468017578, -22.461688995361328], [391.79180908203125, 130.12576293945312, -1.7732104063034058], [385.40777587890625, 144.66552734375, -38.643062591552734], [396.03466796875, 137.72804260253906, -29.271202087402344], [378.9580993652344, 136.94387817382812, -26.292863845825195], [409.29693603515625, 149.20643615722656, -8.933168411254883], [371.4474792480469, 147.58193969726562, -2.7115020751953125]], "pred_body_pose": [[2.9131429195404053, 0.057054612785577774, 0.13041779398918152, -0.9570039510726929, 0.05417979508638382, 0.4186881184577942, -0.8332621455192566, 0.03406573832035065, -0.33699488639831543, 0.539713442325592, -0.022266974672675133, 0.01202110294252634, 1.5638433694839478, 0.06655792891979218, -0.19297756254673004, 1.5435620546340942, 0.0482470840215683, 0.12556584179401398, -0.042645107954740524, -0.038574621081352234, 0.005463215056806803, -0.1741761565208435, 0.06539645791053772, -0.08789490908384323, -0.19426344335079193, -0.025263525545597076, 0.04056522995233536, -0.04184527322649956, -0.019371824339032173, -0.0027039432898163795, -0.2693954110145569, 0.0875823050737381, 0.20428316295146942, -0.2560897469520569, -0.134579136967659, -0.16478952765464783, -0.3477078378200531, -0.0916578471660614, -0.034757524728775024, 0.052955858409404755, -0.25432348251342773, -0.36959874629974365, 0.02720028907060623, 0.22855983674526215, 0.3593050539493561, -0.026686426252126694, -0.07342495024204254, 0.013889842666685581, 0.08914199471473694, -0.4034000039100647, -0.8395372033119202, 0.08082540333271027, 0.35509854555130005, 0.8881022334098816, 0.15637190639972687, -0.8346298933029175, 0.23152300715446472, 0.0913187637925148, 0.7982857823371887, -0.18749327957630157, 0.21774405241012573, -0.033086176961660385, 0.14963114261627197, 0.12423669546842575, 0.026950620114803314, -0.11069837957620621, -0.2313910722732544, -0.11208219826221466, -0.24115252494812012, -0.19584974646568298, 0.10799089819192886, 0.216327965259552]], "pred_rotmat": [[[[0.9952957630157471, 0.02860965207219124, 0.09256263822317123], [0.04855995625257492, -0.9740443229675293, -0.22108767926692963], [0.08383484929800034, 0.22454246878623962, -0.970851480960846]], [[0.9187170267105103, -0.37005624175071716, -0.13790346682071686], [0.3227643370628357, 0.5023854970932007, 0.8021420836448669], [-0.2275570183992386, -0.781451940536499, 0.5809910893440247]], [[0.9464016556739807, 0.280095636844635, 0.16084261238574982], [-0.3066183924674988, 0.6225647926330566, 0.7199987769126892], [0.10153356194496155, -0.7307253479957581, 0.675078809261322]], [[0.9996876120567322, -0.01730882190167904, -0.018033459782600403], [0.005580564495176077, 0.8577931523323059, -0.5139648914337158], [0.024365099146962166, 0.5137036442756653, 0.8576217889785767]], [[0.9831408262252808, 0.16447073221206665, -0.07989661395549774], [-0.08024739474058151, -0.004521394148468971, -0.9967647194862366], [-0.1642998605966568, 0.9863715767860413, 0.008753180503845215]], [[0.9926239252090454, -0.05066436156630516, 0.11014048010110855], [0.11138049513101578, 0.02233145199716091, -0.9935269355773926], [0.04787679761648178, 0.9984660148620605, 0.027809755876660347]], [[0.9992412328720093, -0.0046378979459404945, -0.03866963088512421], [0.006282456684857607, 0.9990760087966919, 0.04251605272293091], [0.03843671828508377, -0.04272674024105072, 0.9983471035957336]], [[0.9940200448036194, 0.08160080760717392, 0.07256358861923218], [-0.09295116364955902, 0.981035590171814, 0.17008580267429352], [-0.05730833485722542, -0.17581355571746826, 0.9827539324760437]], [[0.9988618493080139, -0.03784946724772453, -0.029022395610809326], [0.042740918695926666, 0.980373740196228, 0.19245952367782593], [0.02116829715669155, -0.1934809386730194, 0.9808756709098816]], [[0.9998087286949158, 0.003108219476416707, -0.01930837333202362], [-0.0022977441549301147, 0.9991210103034973, 0.04185657948255539], [0.019421499222517014, -0.04180420935153961, 0.9989370703697205]], [[0.9755489230155945, -0.21183320879936218, 0.05857473239302635], [0.1884777694940567, 0.9434258341789246, 0.27280735969543457], [-0.11305056512355804, -0.2550968825817108, 0.9602839350700378]], [[0.9775747060775757, 0.1788354516029358, -0.11120027303695679], [-0.14468830823898315, 0.9540579319000244, 0.2623712122440338], [0.15301279723644257, -0.240398108959198, 0.958538293838501]], [[0.9952474236488342, 0.04976893588900566, -0.08369980752468109], [-0.01824389025568962, 0.9396067261695862, 0.3417695164680481], [0.09565440565347672, -0.3386181890964508, 0.9360491633415222]], [[0.9010582566261292, 0.35053443908691406, -0.2553815245628357], [-0.3637748956680298, 0.9314736127853394, -0.0049679637886583805], [0.236139714717865, 0.09737779200077057, 0.9668276309967041]], [[0.9106975793838501, -0.3454386293888092, 0.22649961709976196], [0.3515617847442627, 0.9360591173171997, 0.014059748500585556], [-0.21687379479408264, 0.06682442128658295, 0.9739097952842712]], [[0.9972093105316162, -0.012896060012280941, -0.07353316247463226], [0.014854482375085354, 0.9995476603507996, 0.02614876814186573], [0.07316268980503082, -0.027168095111846924, 0.9969497919082642]], [[0.5969613194465637, 0.7055809497833252, -0.38182827830314636], [-0.7389925718307495, 0.6688697338104248, 0.08064287900924683], [0.3122934401035309, 0.23402759432792664, 0.9207084774971008]], [[0.5766484141349792, -0.7445907592773438, 0.3362458050251007], [0.7711547017097473, 0.6319782137870789, 0.07696761190891266], [-0.26980939507484436, 0.2149142622947693, 0.9386239051818848]], [[0.6484932899475098, -0.2639186680316925, -0.7140052318572998], [0.14161668717861176, 0.963427722454071, -0.22749008238315582], [0.7479313015937805, 0.046410735696554184, 0.6621516942977905]], [[0.6824383735656738, 0.2013607919216156, 0.7026604413986206], [-0.1325051188468933, 0.9794595837593079, -0.15199117362499237], [-0.7188326120376587, 0.010618496686220169, 0.6951021552085876]], [[0.988327145576477, -0.1514502763748169, -0.016501985490322113], [0.14428842067718506, 0.9653047919273376, -0.21764105558395386], [0.04889123886823654, 0.21271950006484985, 0.9758894443511963]], [[0.9935251474380493, 0.11184502393007278, 0.019963035359978676], [-0.10850469768047333, 0.9861883521080017, -0.1251373291015625], [-0.03368330001831055, 0.12216100096702576, 0.9919386506080627]], [[0.9650061726570129, 0.2490229308605194, -0.08216281980276108], [-0.22335554659366608, 0.9447277784347534, 0.2400037944316864], [0.1373879313468933, -0.21325361728668213, 0.9672887921333313]], [[0.9710052013397217, -0.22334404289722443, 0.08524323254823685], [0.20236416161060333, 0.9577649831771851, 0.20429152250289917], [-0.12727028131484985, -0.1811179518699646, 0.975191593170166]]]], "pred_betas": [[-0.16694624722003937, 0.3021596372127533, 0.7825339436531067, 1.0541105270385742, -0.16189360618591309, 0.3150559961795807, -0.41452470421791077, 0.32735469937324524, 0.6158398985862732, 0.1670529544353485]], "pred_camera": [1.220339059829712, 0.040988583117723465, 0.3888499438762665]}