{"pred_joints_img": [[391.61749267578125, 145.52587890625, -41.72633361816406], [389.3439636230469, 182.2647705078125, -7.537783622741699], [343.34552001953125, 205.07223510742188, -6.017321586608887], [324.6427307128906, 264.66925048828125, -2.583784580230713], [324.3817443847656, 309.4847412109375, -46.345420837402344], [431.8270263671875, 210.03021240234375, -5.980695724487305], [445.0687255859375, 273.0838623046875, -7.015760898590088], [435.5297546386719, 305.5753173828125, -58.08747863769531], [382.6148681640625, 308.1658020019531, 6.6060051918029785], [365.6518249511719, 330.0819396972656, 2.068655252456665], [336.40142822265625, 371.72198486328125, -77.64652252197266], [328.4643859863281, 452.3480224609375, -21.912368774414062], [398.4588317871094, 331.9631652832031, 5.746152877807617], [444.10986328125, 368.44061279296875, -65.58903503417969], [425.36285400390625, 453.71673583984375, -20.584470748901367], [385.1049499511719, 137.46820068359375, -30.339157104492188], [401.6881408691406, 139.11090087890625, -32.20770263671875], [375.9665832519531, 146.87315368652344, -7.721218585968018], [412.8160095214844, 150.1998748779297, -11.543607711791992], [443.90380859375, 475.8304138183594, -60.24412536621094], [453.08917236328125, 475.51611328125, -41.77234649658203], [420.51202392578125, 457.4966735839844, -4.706092357635498], [323.6739807128906, 475.685791015625, -65.30899810791016], [307.59619140625, 471.5587158203125, -51.70034408569336], [327.107666015625, 457.7890625, -5.156489372253418], [328.4643859863281, 452.3480224609375, -21.912368774414062], [336.40142822265625, 371.72198486328125, -77.64652252197266], [348.9407958984375, 300.9481506347656, 8.913297653198242], [415.7253112792969, 303.319580078125, 14.473483085632324], [444.10986328125, 368.44061279296875, -65.58903503417969], [425.36285400390625, 453.71673583984375, -20.584470748901367], [324.3817443847656, 309.4847412109375, -46.345420837402344], [324.6427307128906, 264.66925048828125, -2.583784580230713], [343.34552001953125, 205.07223510742188, -6.017321586608887], [431.8270263671875, 210.03021240234375, -5.980695724487305], [445.0687255859375, 273.0838623046875, -7.015760898590088], [435.5297546386719, 305.5753173828125, -58.08747863769531], [389.8902893066406, 182.92953491210938, -9.314798355102539], [398.6485290527344, 114.93162536621094, -5.3890790939331055], [381.8895263671875, 303.5736083984375, 16.266834259033203], [388.5373229980469, 199.84677124023438, -5.812020301818848], [385.25384521484375, 242.38851928710938, 8.932129859924316], [393.7958068847656, 158.381103515625, -25.562204360961914], [396.46185302734375, 130.83084106445312, -6.077793598175049], [391.61749267578125, 145.52587890625, -41.72633361816406], [401.6881408691406, 139.11090087890625, -32.20770263671875], [385.1049499511719, 137.46820068359375, -30.339157104492188], [412.8160095214844, 150.1998748779297, -11.543607711791992], [375.9665832519531, 146.87315368652344, -7.721218585968018]], "pred_body_pose": [[2.945277690887451, 0.053299665451049805, 0.1411801129579544, -0.911304771900177, 0.06467673182487488, 0.38991329073905945, -0.8449026346206665, 0.015451477840542793, -0.3171866238117218, 0.5487030744552612, -0.027093760669231415, 0.012988951988518238, 1.544912576675415, 0.07963129132986069, -0.1834777593612671, 1.5546963214874268, -0.0001767206413205713, 0.14476944506168365, -0.058958008885383606, -0.02874576300382614, -0.003404853632673621, -0.16988743841648102, 0.05442052707076073, -0.05794001743197441, -0.20378269255161285, -0.008306406438350677, -0.007408361416310072, -0.04600292816758156, -0.01563877984881401, -0.007215880788862705, -0.24530695378780365, 0.07233195751905441, 0.15018337965011597, -0.22830981016159058, -0.1468363255262375, -0.1054270938038826, -0.3356918394565582, -0.06925009191036224, -0.06447134166955948, 0.04987017437815666, -0.23022621870040894, -0.34166932106018066, 0.03768930211663246, 0.18928974866867065, 0.3408869802951813, -0.04067092016339302, -0.057539090514183044, 0.004579029977321625, 0.07875864207744598, -0.39115458726882935, -0.8315092325210571, 0.081696055829525, 0.29861992597579956, 0.8921542763710022, 0.23562903702259064, -0.8958941102027893, 0.2563875913619995, 0.17844602465629578, 0.7803975939750671, -0.17568013072013855, 0.2539527118206024, -0.04386616870760918, 0.22314342856407166, 0.16491399705410004, 0.034877482801675797, -0.17383991181850433, -0.22998592257499695, -0.1123707965016365, -0.24028588831424713, -0.20469248294830322, 0.10521383583545685, 0.21791258454322815]], "pred_rotmat": [[[[0.9948116540908813, 0.026609113439917564, 0.09819188714027405], [0.04492152854800224, -0.9808910489082336, -0.189300999045372], [0.09127840399742126, 0.19272978603839874, -0.9769971966743469]], [[0.9281070828437805, -0.3560078740119934, -0.10897529870271683], [0.3017573654651642, 0.5478334426879883, 0.7802698612213135], [-0.21808189153671265, -0.7570580840110779, 0.6158760786056519]], [[0.9529086947441101, 0.2697421610355377, 0.1385793536901474], [-0.28193458914756775, 0.6196740865707397, 0.7324731349945068], [0.11170488595962524, -0.7370502948760986, 0.6665424704551697]], [[0.9995598793029785, -0.01959305629134178, -0.022275825962424278], [0.005096989218145609, 0.853130578994751, -0.5216726064682007], [0.029225345700979233, 0.521329402923584, 0.8528549671173096]], [[0.9837291240692139, 0.16780562698841095, -0.06417421251535416], [-0.06773365288972855, 0.015568789094686508, -0.997581958770752], [-0.1664007604122162, 0.9856971502304077, 0.026681559160351753]], [[0.9914842247962952, -0.09282397478818893, 0.09133847057819366], [0.09260069578886032, 0.009374134242534637, -0.9956591725349426], [0.09156481921672821, 0.9956384301185608, 0.017889870330691338]], [[0.9995812177658081, 0.004249502904713154, -0.02862476371228695], [-0.0025553100276738405, 0.9982568025588989, 0.05896454676985741], [0.028825435787439346, -0.0588667057454586, 0.9978495836257935]], [[0.9968500137329102, 0.05299176275730133, 0.05900922790169716], [-0.06221002712845802, 0.9839377999305725, 0.1673211306333542], [-0.04919477179646492, -0.17046500742435455, 0.9841350317001343]], [[0.9999383091926575, 0.008200456388294697, -0.007496632635593414], [-0.00651362631469965, 0.979280948638916, 0.20240168273448944], [0.009001096710562706, -0.20234034955501556, 0.9792739748954773]], [[0.9998517036437988, 0.00757262110710144, -0.015466547571122646], [-0.006853336468338966, 0.9989160299301147, 0.046040840446949005], [0.015798432752490044, -0.04592801630496979, 0.9988197684288025]], [[0.9862080812454224, -0.15679822862148285, 0.05299031361937523], [0.1391843855381012, 0.9589370489120483, 0.247118279337883], [-0.0895620808005333, -0.23633460700511932, 0.9675353169441223]], [[0.9837772846221924, 0.1205873191356659, -0.13281959295272827], [-0.08729936927556992, 0.9686026573181152, 0.23278237879276276], [0.15672001242637634, -0.21741093695163727, 0.9634165167808533]], [[0.9955691695213318, 0.0746782124042511, -0.05714266374707222], [-0.05166620388627052, 0.9421669840812683, 0.3311372697353363], [0.07856667041778564, -0.32671767473220825, 0.9418507218360901]], [[0.916340172290802, 0.32628709077835083, -0.23207227885723114], [-0.3376046419143677, 0.941238284111023, -0.00968158058822155], [0.215276300907135, 0.08722029626369476, 0.9726504683494568]], [[0.9249498248100281, -0.32871341705322266, 0.19082766771316528], [0.3357568681240082, 0.9419360160827637, -0.004880005028098822], [-0.17814333736896515, 0.06858546286821365, 0.9816113710403442]], [[0.9983348846435547, -0.0034056303557008505, -0.05758436396718025], [0.005744820460677147, 0.9991627931594849, 0.04050545021891594], [0.05739820748567581, -0.040768813341856, 0.9975186586380005]], [[0.6068870425224304, 0.7041984796524048, -0.3685004413127899], [-0.732882559299469, 0.675229012966156, 0.08336026221513748], [0.30752435326576233, 0.21947728097438812, 0.9258825182914734]], [[0.5893701314926147, -0.7540228366851807, 0.2899869382381439], [0.7766590118408203, 0.6276440620422363, 0.05351417884230614], [-0.22235949337482452, 0.1936812698841095, 0.9555332660675049]], [[0.5982344746589661, -0.31636229157447815, -0.7362270951271057], [0.1210237592458725, 0.9438985586166382, -0.3072602152824402], [0.7921292185783386, 0.09471268951892853, 0.6029599905014038]], [[0.6975712776184082, 0.22248007357120514, 0.6810998916625977], [-0.09084407240152359, 0.9703630208969116, -0.22392638027668], [-0.7107332348823547, 0.09433072805404663, 0.6971083879470825]], [[0.9743908643722534, -0.2243628352880478, -0.01496086921542883], [0.21333035826683044, 0.943408727645874, -0.2539096474647522], [0.07108210027217865, 0.24421560764312744, 0.9671122431755066]], [[0.9843582510948181, 0.17500793933868408, 0.02027323842048645], [-0.16928420960903168, 0.9714315533638, -0.16632388532161713], [-0.04880206286907196, 0.16029036045074463, 0.9858627319335938]], [[0.9651776552200317, 0.2481696903705597, -0.08272802084684372], [-0.2225903570652008, 0.9452504515647888, 0.2386528104543686], [0.13742507994174957, -0.21192790567874908, 0.9675747752189636]], [[0.9709663391113281, -0.22496084868907928, 0.08134465664625168], [0.203604057431221, 0.9556804299354553, 0.21265064179897308], [-0.12557756900787354, -0.1899145096540451, 0.9737364649772644]]]], "pred_betas": [[-0.1040617972612381, 0.1941954344511032, 0.8052380681037903, 1.0232832431793213, -0.04521188884973526, 0.26547539234161377, -0.3802230954170227, 0.2694615125656128, 0.5793163776397705, 0.118197500705719]], "pred_camera": [1.2191102504730225, 0.01345405075699091, 0.39150917530059814]}