{"pred_joints_img": [[384.34295654296875, 143.23828125, -37.62278747558594], [386.041748046875, 182.96630859375, -4.022617816925049], [339.37799072265625, 207.98794555664062, -6.069342136383057], [325.83880615234375, 271.61712646484375, -5.430619716644287], [330.049072265625, 317.9395446777344, -51.06299591064453], [430.2323913574219, 211.31219482421875, -1.2528102397918701], [438.32830810546875, 277.88922119140625, -2.3357815742492676], [428.6273193359375, 314.7032165527344, -53.420509338378906], [379.5476379394531, 314.4416809082031, 6.5721049308776855], [362.3092041015625, 337.1331787109375, 1.0687538385391235], [333.0997314453125, 384.97039794921875, -80.02017974853516], [316.7052001953125, 457.63543701171875, -9.815196990966797], [395.7662353515625, 339.1777038574219, 6.746827125549316], [448.6171569824219, 367.1828918457031, -68.50792694091797], [429.44635009765625, 457.6136474609375, -24.726163864135742], [377.3167419433594, 136.11863708496094, -25.12704849243164], [394.4976501464844, 135.9856719970703, -27.841922760009766], [369.99993896484375, 147.7906494140625, -2.0313432216644287], [407.9403991699219, 147.44869995117188, -7.515505313873291], [450.83673095703125, 479.25360107421875, -65.3156509399414], [458.9866943359375, 479.4918212890625, -45.670963287353516], [423.8609619140625, 461.81787109375, -8.61035442352295], [312.57305908203125, 488.193359375, -50.708709716796875], [295.804931640625, 481.3964538574219, -37.9555778503418], [314.21734619140625, 460.27301025390625, 8.09274959564209], [316.7052001953125, 457.63543701171875, -9.815196990966797], [333.0997314453125, 384.97039794921875, -80.02017974853516], [345.02667236328125, 306.66937255859375, 6.595530033111572], [412.9893493652344, 309.5593566894531, 16.694089889526367], [448.6171569824219, 367.1828918457031, -68.50792694091797], [429.44635009765625, 457.6136474609375, -24.726163864135742], [330.049072265625, 317.9395446777344, -51.06299591064453], [325.83880615234375, 271.61712646484375, -5.430619716644287], [339.37799072265625, 207.98794555664062, -6.069342136383057], [430.2323913574219, 211.31219482421875, -1.2528102397918701], [438.32830810546875, 277.88922119140625, -2.3357815742492676], [428.6273193359375, 314.7032165527344, -53.420509338378906], [386.4019775390625, 183.52777099609375, -5.932703971862793], [390.136962890625, 112.87687683105469, 1.411437749862671], [378.2987976074219, 309.59783935546875, 16.307476043701172], [385.5405578613281, 201.5648193359375, -3.0402348041534424], [382.3528747558594, 246.11395263671875, 10.300247192382812], [388.5975646972656, 156.94329833984375, -21.71072006225586], [389.38287353515625, 129.40147399902344, -0.11223296076059341], [384.34295654296875, 143.23828125, -37.62278747558594], [394.4976501464844, 135.9856719970703, -27.841922760009766], [377.3167419433594, 136.11863708496094, -25.12704849243164], [407.9403991699219, 147.44869995117188, -7.515505313873291], [369.99993896484375, 147.7906494140625, -2.0313432216644287]], "pred_body_pose": [[2.938786029815674, 0.04949119687080383, 0.2234196960926056, -1.0096733570098877, 0.022849516943097115, 0.4299345314502716, -0.7704301476478577, 0.026570741087198257, -0.34448736906051636, 0.5165425539016724, -0.011737130582332611, 0.0112493596971035, 1.6172407865524292, 0.08884081989526749, -0.20511838793754578, 1.6433970928192139, 0.04749716818332672, 0.11940687149763107, -0.06862878799438477, -0.040956564247608185, 0.013567471876740456, -0.1530611664056778, 0.03964874520897865, -0.07617448270320892, -0.20151564478874207, 0.0055954428389668465, 0.01220020093023777, -0.04647605121135712, -0.016791509464383125, 0.0030224397778511047, -0.28869152069091797, 0.10725165158510208, 0.1750783920288086, -0.2675757110118866, -0.16596950590610504, -0.11089612543582916, -0.3317538797855377, -0.12281522899866104, -0.021108925342559814, 0.05909137800335884, -0.2307855188846588, -0.3644792437553406, 0.04007123410701752, 0.19921305775642395, 0.3519684970378876, -0.046718645840883255, -0.09682908654212952, 0.032550547271966934, 0.11202830076217651, -0.4239557087421417, -0.9162470102310181, 0.09782814234495163, 0.32656610012054443, 0.9470585584640503, 0.24156460165977478, -0.8165938854217529, 0.24272537231445312, 0.1344616711139679, 0.7345895171165466, -0.1916019320487976, 0.25693008303642273, -0.02641337551176548, 0.15108557045459747, 0.1519017368555069, 0.015835795551538467, -0.10951915383338928, -0.23562182486057281, -0.111139677464962, -0.2396222949028015, -0.20056022703647614, 0.10746779292821884, 0.2087981253862381]], "pred_rotmat": [[[[0.9880593419075012, 0.018559129908680916, 0.15295171737670898], [0.04777021333575249, -0.9806995987892151, -0.18959495425224304], [0.1464809775352478, 0.19463761150836945, -0.9698759913444519]], [[0.9162567257881165, -0.3590798079967499, -0.1775817722082138], [0.33823448419570923, 0.4559370279312134, 0.8232368230819702], [-0.21464158594608307, -0.8143605589866638, 0.5392085313796997]], [[0.9437742233276367, 0.2953472137451172, 0.1485268622636795], [-0.3146304488182068, 0.6645439863204956, 0.677782416343689], [0.10147852450609207, -0.6864046454429626, 0.7201046943664551]], [[0.999870777130127, -0.013719751499593258, -0.00838030967861414], [0.007790763396769762, 0.8694729804992676, -0.49391913414001465], [0.01406289916485548, 0.49379000067710876, 0.8694674968719482]], [[0.9800959229469299, 0.18263186514377594, -0.07783123850822449], [-0.0681639090180397, -0.058636073023080826, -0.9959496855735779], [-0.1864558458328247, 0.9814313650131226, -0.045020073652267456]], [[0.9934512972831726, -0.041265763342380524, 0.10654377937316895], [0.10317293554544449, -0.07664491981267929, -0.9917060732841492], [0.049089547246694565, 0.9962041974067688, -0.07188548147678375]], [[0.9990697503089905, -0.012147987261414528, -0.041377026587724686], [0.014957248233258724, 0.997554361820221, 0.06827595084905624], [0.04044641554355621, -0.06883132457733154, 0.9968081116676331]], [[0.9963221549987793, 0.07275744527578354, 0.045260239392519], [-0.07881059497594833, 0.9854223132133484, 0.150770366191864], [-0.03363078087568283, -0.15378284454345703, 0.9875321388244629]], [[0.9999102354049683, -0.01267930492758751, 0.004332388751208782], [0.011555560864508152, 0.9796904921531677, 0.20018252730369568], [-0.00678257504478097, -0.20011448860168457, 0.9797490835189819]], [[0.9998545050621033, -0.002631083596497774, -0.016854871064424515], [0.0034113265573978424, 0.9989156723022461, 0.04643169790506363], [0.0167144276201725, -0.04648243635892868, 0.998779296875]], [[0.9791417717933655, -0.18675938248634338, 0.08001373708248138], [0.1561192125082016, 0.9435959458351135, 0.29198184609413147], [-0.13003100454807281, -0.2733999788761139, 0.9530709385871887]], [[0.9802623987197876, 0.13084711134433746, -0.1482047289609909], [-0.08684860914945602, 0.9584407210350037, 0.2717510759830475], [0.17760330438613892, -0.25351598858833313, 0.9508872628211975]], [[0.9923163652420044, 0.04082975536584854, -0.1167956218123436], [-0.0005099454429000616, 0.9453226923942566, 0.3261359930038452], [0.12372560799121857, -0.32357051968574524, 0.9380800127983093]], [[0.9084073901176453, 0.3463587760925293, -0.23416127264499664], [-0.3597821295261383, 0.9329017996788025, -0.015843790024518967], [0.2129618525505066, 0.09863965958356857, 0.9720686078071594]], [[0.919335663318634, -0.33842217922210693, 0.20072942972183228], [0.34629562497138977, 0.9381151795387268, -0.004398743622004986], [-0.1868186742067337, 0.07355564087629318, 0.9796368479728699]], [[0.9947877526283264, -0.03022265061736107, -0.09738513827323914], [0.03474162146449089, 0.9983806014060974, 0.04504619538784027], [0.09586602449417114, -0.048194725066423416, 0.9942267537117004]], [[0.5327157974243164, 0.7448407411575317, -0.4017786979675293], [-0.7883899211883545, 0.6093648672103882, 0.08435498178005219], [0.30766087770462036, 0.2718210518360138, 0.9118432402610779]], [[0.5391767621040344, -0.7803804278373718, 0.316693514585495], [0.809719979763031, 0.5837523341178894, 0.05988962948322296], [-0.23160725831985474, 0.22414197027683258, 0.9466353058815002]], [[0.6602286696434021, -0.30457761883735657, -0.6865351796150208], [0.11987445503473282, 0.9450979828834534, -0.3040064573287964], [0.7414365410804749, 0.11841576546430588, 0.6604918837547302]], [[0.7258277535438538, 0.22016504406929016, 0.6516911387443542], [-0.12618771195411682, 0.9739347696304321, -0.18848782777786255], [-0.6762031316757202, 0.05457429960370064, 0.7346910238265991]], [[0.988325297832489, -0.15220895409584045, -0.006756149232387543], [0.14547304809093475, 0.9559104442596436, -0.255093514919281], [0.04528579115867615, 0.2511325180530548, 0.9668927788734436]], [[0.993895411491394, 0.11007480323314667, 0.007449120283126831], [-0.10767639428377151, 0.9825172424316406, -0.15187373757362366], [-0.024036362767219543, 0.1501445174217224, 0.9883718490600586]], [[0.9654772281646729, 0.2476072460412979, -0.08089680969715118], [-0.22169256210327148, 0.944118857383728, 0.24390974640846252], [0.13677002489566803, -0.21755510568618774, 0.9664179682731628]], [[0.9726454615592957, -0.21618658304214478, 0.08499529957771301], [0.19480356574058533, 0.958421528339386, 0.2085181474685669], [-0.1265401393175125, -0.18625684082508087, 0.974318265914917]]]], "pred_betas": [[-0.14457100629806519, 0.37109240889549255, 0.8175572156906128, 1.0082117319107056, -0.10289431363344193, 0.3158337473869324, -0.4395635426044464, 0.2712908983230591, 0.6739766001701355, 0.11418650299310684]], "pred_camera": [1.255770206451416, 0.013179568573832512, 0.41792911291122437]}