{"pred_joints_img": [[385.3723449707031, 148.51829528808594, -50.42940139770508], [384.3511047363281, 184.01251220703125, -13.94873046875], [337.592041015625, 196.6261749267578, -10.99120807647705], [275.37115478515625, 208.39974975585938, -17.2325439453125], [237.39279174804688, 172.13768005371094, -53.149269104003906], [425.597900390625, 213.49053955078125, -3.3299167156219482], [434.2890930175781, 275.89886474609375, 14.476524353027344], [431.32110595703125, 316.32080078125, -32.67864990234375], [374.7230224609375, 310.565185546875, 6.8580002784729], [357.8661193847656, 333.08123779296875, 2.241859197616577], [334.9664001464844, 373.72576904296875, -81.24149322509766], [309.2174072265625, 462.3844909667969, -43.5611572265625], [390.80413818359375, 334.6075744628906, 9.128260612487793], [441.12744140625, 381.22357177734375, -54.073158264160156], [430.01287841796875, 464.9784851074219, -1.3560717105865479], [379.0159606933594, 140.01361083984375, -39.03634262084961], [395.70489501953125, 141.60691833496094, -41.34462356567383], [370.5889892578125, 148.73329162597656, -15.419148445129395], [407.705810546875, 152.06076049804688, -20.327978134155273], [451.10968017578125, 487.83837890625, -39.92023468017578], [460.3163146972656, 485.3191223144531, -21.348461151123047], [425.49920654296875, 468.7681884765625, 15.519282341003418], [308.37249755859375, 479.5599060058594, -90.59191131591797], [290.41436767578125, 475.6478271484375, -78.515869140625], [305.4520263671875, 471.2811584472656, -27.730070114135742], [309.2174072265625, 462.3844909667969, -43.5611572265625], [334.9664001464844, 373.72576904296875, -81.24149322509766], [340.421142578125, 303.37109375, 5.753654479980469], [407.8006896972656, 304.7624816894531, 17.010778427124023], [441.12744140625, 381.22357177734375, -54.073158264160156], [430.01287841796875, 464.9784851074219, -1.3560717105865479], [237.39279174804688, 172.13768005371094, -53.149269104003906], [275.37115478515625, 208.39974975585938, -17.2325439453125], [337.592041015625, 196.6261749267578, -10.99120807647705], [425.597900390625, 213.49053955078125, -3.3299167156219482], [434.2890930175781, 275.89886474609375, 14.476524353027344], [431.32110595703125, 316.32080078125, -32.67864990234375], [384.725830078125, 184.13275146484375, -14.757416725158691], [393.1737365722656, 116.23092651367188, -14.947144508361816], [373.25054931640625, 305.15728759765625, 16.006725311279297], [382.8634338378906, 198.48883056640625, -8.543400764465332], [376.10009765625, 242.9071044921875, 4.889942646026611], [388.1454162597656, 160.78469848632812, -33.701255798339844], [391.1100769042969, 132.34957885742188, -14.998581886291504], [385.3723449707031, 148.51829528808594, -50.42940139770508], [395.70489501953125, 141.60691833496094, -41.34462356567383], [379.0159606933594, 140.01361083984375, -39.03634262084961], [407.705810546875, 152.06076049804688, -20.327978134155273], [370.5889892578125, 148.73329162597656, -15.419148445129395]], "pred_body_pose": [[3.0067696571350098, 0.03669140487909317, 0.2823126018047333, -0.8512336611747742, 0.02948581799864769, 0.3806089460849762, -0.9208381175994873, 0.040688756853342056, -0.35925722122192383, 0.5197839736938477, -0.052164752036333084, 0.04588738828897476, 1.448804259300232, -0.014252503402531147, -0.14539669454097748, 1.3613016605377197, 0.07420172542333603, 0.10894761979579926, -0.07598716020584106, -0.030698100104928017, -0.049953486770391464, -0.1907934695482254, 0.09641649574041367, -0.07500831037759781, -0.17568537592887878, -0.11650294810533524, 0.12873350083827972, -0.004826575051993132, -0.01516028679907322, -0.04409949108958244, -0.2586067318916321, 0.029071388766169548, 0.204187273979187, -0.18399658799171448, -0.049424294382333755, -0.30619239807128906, -0.325697660446167, -0.2356419861316681, -0.031380098313093185, 0.029381288215517998, -0.08866683393716812, -0.37379372119903564, -0.10531198978424072, -0.03085806407034397, 0.07134086638689041, -0.06073535978794098, -0.009095795452594757, 0.05193183198571205, 0.17948222160339355, -0.25949525833129883, -0.886576235294342, -0.38629335165023804, 0.10866708308458328, 0.16643653810024261, 0.16055668890476227, -1.0159229040145874, 0.2182631492614746, -0.6018471121788025, 0.8723819851875305, -0.3896031379699707, 0.05608012154698372, -0.07292389869689941, 0.20053790509700775, 0.07513676583766937, 0.061403971165418625, -0.21931974589824677, -0.1807389110326767, -0.10853704065084457, -0.2424086183309555, -0.18854306638240814, 0.0965639278292656, 0.23537194728851318]], "pred_rotmat": [[[[0.9822952747344971, 0.012782364152371883, 0.1869024634361267], [0.03541770949959755, -0.9923489093780518, -0.11827603727579117], [0.18396061658859253, 0.12280165404081345, -0.9752323627471924]], [[0.9322675466537476, -0.3394184112548828, -0.12518911063671112], [0.3160874843597412, 0.5958983898162842, 0.7382369041442871], [-0.17597122490406036, -0.7278050780296326, 0.6628226637840271]], [[0.9397990107536316, 0.2862050533294678, 0.18672065436840057], [-0.320715069770813, 0.5500586032867432, 0.7710884213447571], [0.11798209697008133, -0.7845522165298462, 0.6087347865104675]], [[0.997641384601593, -0.05706228315830231, -0.03815155848860741], [0.030563585460186005, 0.8669509887695312, -0.4974554777145386], [0.061461471021175385, 0.49511611461639404, 0.8666502237319946]], [[0.9910855889320374, 0.09057013690471649, -0.09770510345697403], [-0.10781890153884888, 0.11447890847921371, -0.9875574111938477], [-0.07825803011655807, 0.9892885088920593, 0.12322356551885605]], [[0.992584764957428, -0.03491395711898804, 0.1164320781826973], [0.12112925201654434, 0.20408348739147186, -0.9714307188987732], [0.010154630057513714, 0.9783307313919067, 0.20679926872253418]], [[0.9982824325561523, 0.05104225128889084, -0.02875453233718872], [-0.048711393028497696, 0.995868444442749, 0.07663668692111969], [0.032547444105148315, -0.07510439306497574, 0.9966443181037903]], [[0.9925706386566162, 0.0652097687125206, 0.10271884500980377], [-0.08352687209844589, 0.9790754914283752, 0.18556499481201172], [-0.08846885710954666, -0.19276615977287292, 0.9772483706474304]], [[0.9850038886070251, -0.11724650114774704, -0.12657283246517181], [0.13761046528816223, 0.9764015078544617, 0.16644352674484253], [0.1040709912776947, -0.1813652664422989, 0.9778936505317688]], [[0.9989129304885864, 0.04411991313099861, -0.01504832599312067], [-0.044046755880117416, 0.9990161061286926, 0.005159026011824608], [0.01526113785803318, -0.004490587394684553, 0.9998734593391418]], [[0.9789243936538696, -0.20420895516872406, 0.0023818942718207836], [0.1967591941356659, 0.9462082982063293, 0.25685757398605347], [-0.0547063834965229, -0.25097551941871643, 0.9664463996887207]], [[0.952420711517334, 0.304096519947052, -0.020494747906923294], [-0.29510074853897095, 0.9368842840194702, 0.18751931190490723], [0.0762251690030098, -0.1725492626428604, 0.9820470809936523]], [[0.9721248745918274, 0.0683935284614563, -0.22426681220531464], [0.0073202671483159065, 0.9471895694732666, 0.32059067487716675], [0.23434950411319733, -0.313295841217041, 0.9202858805656433]], [[0.9271165728569031, 0.3633274435997009, -0.09191300719976425], [-0.36590054631233215, 0.9305727481842041, -0.012292174622416496], [0.08106566220521927, 0.045027296990156174, 0.9956911206245422]], [[0.9969834089279175, -0.06951476633548737, -0.0345211885869503], [0.07275987416505814, 0.9919214248657227, 0.10391238331794739], [0.02701886184513569, -0.10611068457365036, 0.9939870834350586]], [[0.9986108541488647, -0.051599789410829544, -0.010662190616130829], [0.05215193331241608, 0.9968088269233704, 0.06043384224176407], [0.007509792223572731, -0.060905955731868744, 0.9981151223182678]], [[0.6038952469825745, 0.7397766709327698, -0.2967170774936676], [-0.7830142974853516, 0.6201987862586975, -0.04735129699110985], [0.14899417757987976, 0.2609288990497589, 0.9537907838821411]], [[0.980553925037384, -0.18191105127334595, 0.07363680005073547], [0.14058975875377655, 0.9129207730293274, 0.38315826654434204], [-0.13692528009414673, -0.3653547763824463, 0.9207428693771362]], [[0.5080699920654297, -0.2545274496078491, -0.8228490948677063], [0.10589831322431564, 0.9665510058403015, -0.23359084129333496], [0.854780912399292, 0.03154217079281807, 0.5180295705795288]], [[0.5900617241859436, 0.07614439725875854, 0.8037595152854919], [-0.5477145910263062, 0.7691681981086731, 0.3292248249053955], [-0.5931577086448669, -0.6344937086105347, 0.4955621063709259]], [[0.9773255586624146, -0.20095139741897583, -0.06673336774110794], [0.1968783736228943, 0.978407621383667, -0.06290863454341888], [0.07793401181697845, 0.048343855887651443, 0.9957857728004456]], [[0.9741883277893066, 0.21951915323734283, 0.05261695757508278], [-0.2149275243282318, 0.9732551574707031, -0.08111990988254547], [-0.06901710480451584, 0.06771722435951233, 0.9953145384788513]], [[0.9650311470031738, 0.24798467755317688, -0.08496109396219254], [-0.2285359650850296, 0.9546776413917542, 0.1906883716583252], [0.12839823961257935, -0.1646035611629486, 0.9779670834541321]], [[0.967907190322876, -0.24048550426959991, 0.07295414060354233], [0.22243063151836395, 0.9549045562744141, 0.19667746126651764], [-0.11696229875087738, -0.17413830757141113, 0.977750301361084]]]], "pred_betas": [[-0.020640138536691666, 0.07511212676763535, 0.6388005614280701, 0.8879383206367493, 0.11643819510936737, 0.2998736798763275, -0.36683279275894165, 0.4181402623653412, 0.6166107654571533, 0.004155829548835754]], "pred_camera": [1.2444555759429932, 0.17406918108463287, 0.38317668437957764]}