{"pred_joints_img": [[385.79339599609375, 146.02597045898438, -43.96494674682617], [385.7865295410156, 184.51910400390625, -10.617775917053223], [339.6883850097656, 208.21975708007812, -10.621724128723145], [311.65777587890625, 265.03619384765625, -6.312327861785889], [299.72802734375, 314.666259765625, -44.20402908325195], [429.1280517578125, 211.9453125, -5.693037509918213], [442.50958251953125, 275.8753356933594, -2.7067017555236816], [429.59552001953125, 309.9588623046875, -53.06396484375], [380.08349609375, 310.9469909667969, 6.644192695617676], [363.1703796386719, 333.1609191894531, 1.578773856163025], [333.24267578125, 373.73779296875, -79.83232116699219], [323.55523681640625, 456.2357482910156, -24.81919288635254], [396.2332458496094, 334.91229248046875, 6.2761125564575195], [444.623046875, 370.0504150390625, -65.47938537597656], [427.6097106933594, 459.9037780761719, -26.19816017150879], [379.3510437011719, 138.89805603027344, -31.684709548950195], [396.07208251953125, 139.61050415039062, -34.34767532348633], [371.6719970703125, 150.08935546875, -9.064245223999023], [408.7891540527344, 151.65480041503906, -14.692832946777344], [448.2791442871094, 479.1558837890625, -67.01712036132812], [456.85198974609375, 479.6849670410156, -48.02412033081055], [422.38128662109375, 465.0715637207031, -10.406318664550781], [318.1863098144531, 479.763671875, -68.60948181152344], [301.7411804199219, 475.66583251953125, -54.714149475097656], [322.7110900878906, 462.18243408203125, -7.757059574127197], [323.55523681640625, 456.2357482910156, -24.81919288635254], [333.24267578125, 373.73779296875, -79.83232116699219], [346.0135192871094, 303.7948303222656, 8.086398124694824], [413.3080749511719, 305.8224182128906, 15.774518013000488], [444.623046875, 370.0504150390625, -65.47938537597656], [427.6097106933594, 459.9037780761719, -26.19816017150879], [299.72802734375, 314.666259765625, -44.20402908325195], [311.65777587890625, 265.03619384765625, -6.312327861785889], [339.6883850097656, 208.21975708007812, -10.621724128723145], [429.1280517578125, 211.9453125, -5.693037509918213], [442.50958251953125, 275.8753356933594, -2.7067017555236816], [429.59552001953125, 309.9588623046875, -53.06396484375], [386.38995361328125, 185.20437622070312, -12.184303283691406], [393.1502990722656, 117.11599731445312, -5.685810565948486], [379.0873718261719, 306.30609130859375, 16.5201416015625], [385.183837890625, 202.11636352539062, -8.196516990661621], [381.869873046875, 244.7113494873047, 8.2869873046875], [389.341552734375, 159.84237670898438, -28.483064651489258], [391.5969543457031, 133.1252899169922, -7.23856782913208], [385.79339599609375, 146.02597045898438, -43.96494674682617], [396.07208251953125, 139.61050415039062, -34.34767532348633], [379.3510437011719, 138.89805603027344, -31.684709548950195], [408.7891540527344, 151.65480041503906, -14.692832946777344], [371.6719970703125, 150.08935546875, -9.064245223999023]], "pred_body_pose": [[2.942582130432129, 0.04247252270579338, 0.18446855247020721, -0.9302428960800171, 0.05657104402780533, 0.3914629817008972, -0.8567482829093933, -0.00869759265333414, -0.345040500164032, 0.5606210827827454, -0.021514348685741425, 0.021067552268505096, 1.4882725477218628, 0.07292116433382034, -0.19712384045124054, 1.5519957542419434, 0.025832705199718475, 0.1501089483499527, -0.03404352068901062, -0.022812915965914726, -0.0019297277322039008, -0.15948936343193054, 0.07859818637371063, -0.06388197094202042, -0.19201643764972687, -0.06195004656910896, 0.06578727066516876, -0.044246427714824677, -0.004347408656030893, -0.003307242877781391, -0.272848904132843, 0.0829227864742279, 0.17991727590560913, -0.22909069061279297, -0.08046295493841171, -0.214155912399292, -0.3735966682434082, -0.13425520062446594, -0.06613314896821976, 0.04372501000761986, -0.2325233668088913, -0.3596920967102051, 0.039790619164705276, 0.19818425178527832, 0.330166220664978, -0.09120231121778488, -0.09834029525518417, 0.03744450584053993, 0.12156140804290771, -0.396350622177124, -0.8361876606941223, 0.051432784646749496, 0.21061629056930542, 0.7452503442764282, 0.19519077241420746, -0.9676023125648499, 0.19061098992824554, 0.0015340375248342752, 0.6609028577804565, -0.1004805788397789, 0.1542735993862152, -0.05394526571035385, 0.1756533533334732, 0.137864351272583, 0.03782860189676285, -0.14627082645893097, -0.20611102879047394, -0.10920846462249756, -0.23033787310123444, -0.2031726986169815, 0.10233636200428009, 0.21794679760932922]], "pred_rotmat": [[[[0.9918340444564819, 0.016487015411257744, 0.12646540999412537], [0.040476713329553604, -0.9810359477996826, -0.18955248594284058], [0.12094195932149887, 0.1931234896183014, -0.9736921787261963]], [[0.9282159805297852, -0.3522682189941406, -0.11967506259679794], [0.3039745092391968, 0.532618522644043, 0.7898841500282288], [-0.21450991928577423, -0.7695612907409668, 0.6014655828475952]], [[0.9445518255233765, 0.30149802565574646, 0.13007980585098267], [-0.29456132650375366, 0.6029401421546936, 0.7414153814315796], [0.14510494470596313, -0.7386217713356018, 0.6583178639411926]], [[0.9995584487915039, -0.025852054357528687, -0.01464984193444252], [0.014104160480201244, 0.8467205762863159, -0.5318509936332703], [0.02615376003086567, 0.531409502029419, 0.8467113375663757]], [[0.9817698001861572, 0.17563576996326447, -0.07266487926244736], [-0.0860624760389328, 0.0698983371257782, -0.9938346743583679], [-0.1694737672805786, 0.9819705486297607, 0.08373972773551941]], [[0.9905682802200317, -0.07995226979255676, 0.11127469688653946], [0.11255031079053879, 0.011615274474024773, -0.9935781359672546], [0.07814633846282959, 0.9967310428619385, 0.02050437591969967]], [[0.9997379183769226, 0.0023174434900283813, -0.022773675620555878], [-0.0015409295447170734, 0.9994187355041504, 0.03405597805976868], [0.022839359939098358, -0.03401196375489235, 0.9991603493690491]], [[0.9948859810829163, 0.05725342780351639, 0.0832105278968811], [-0.06975176930427551, 0.9852849841117859, 0.15603917837142944], [-0.0730523020029068, -0.16104525327682495, 0.9842397570610046]], [[0.995932400226593, -0.05936915799975395, -0.06777854263782501], [0.07122000306844711, 0.9794780611991882, 0.1885482668876648], [0.05519364774227142, -0.1926085203886032, 0.9797222018241882]], [[0.9999850392341614, 0.003402311122044921, -0.004272813443094492], [-0.003209983231499791, 0.9990158081054688, 0.04423895478248596], [0.004419122822582722, -0.044224582612514496, 0.999011754989624]], [[0.9805620312690735, -0.18773330748081207, 0.05704696103930473], [0.1653214693069458, 0.9470956921577454, 0.2750972807407379], [-0.10567385703325272, -0.2603188455104828, 0.9597223997116089]], [[0.9740592837333679, 0.2195706069469452, -0.05474758520722389], [-0.20129776000976562, 0.9512553811073303, 0.23365023732185364], [0.10338165611028671, -0.21656860411167145, 0.970778226852417]], [[0.9889513254165649, 0.08910422772169113, -0.11847244948148727], [-0.0396202951669693, 0.9289922118186951, 0.36797240376472473], [0.14284788072109222, -0.35921287536621094, 0.9222584366798401]], [[0.9096853733062744, 0.34367722272872925, -0.23314937949180603], [-0.35368821024894714, 0.9353625774383545, -0.0012102361069992185], [0.21766328811645508, 0.08356312662363052, 0.972440242767334]], [[0.9267780184745789, -0.3180868625640869, 0.19975803792476654], [0.3258747458457947, 0.9453906416893005, -0.006493834313005209], [-0.1867837756872177, 0.0711144357919693, 0.9798237681388855]], [[0.9944724440574646, -0.032846421003341675, -0.09972754120826721], [0.04180080071091652, 0.9951478242874146, 0.0890696719288826], [0.09631803631782532, -0.09274603426456451, 0.9910200834274292]], [[0.6020392179489136, 0.6975771188735962, -0.38850343227386475], [-0.7423605918884277, 0.6681798100471497, 0.049360595643520355], [0.29402297735214233, 0.2586926221847534, 0.9201241731643677]], [[0.7148762941360474, -0.6674987077713013, 0.20832036435604095], [0.677798330783844, 0.7347069978713989, 0.02819719724357128], [-0.17187602818012238, 0.1210416778922081, 0.9776540994644165]], [[0.5533087849617004, -0.24683021008968353, -0.7955653071403503], [0.0733439102768898, 0.9658147692680359, -0.24864132702350616], [0.8297409415245056, 0.0792255699634552, 0.5524972677230835]], [[0.7847537994384766, 0.09365037083625793, 0.6126916408538818], [-0.09267373383045197, 0.9951359033584595, -0.03340798243880272], [-0.6128401160240173, -0.030563371255993843, 0.7896156311035156]], [[0.9831987023353577, -0.17811419069766998, -0.03994473069906235], [0.16983170807361603, 0.9728035926818848, -0.1575128734111786], [0.0669136568903923, 0.14808256924152374, 0.9867086410522461]], [[0.9886266589164734, 0.14785167574882507, 0.027517743408679962], [-0.14265461266040802, 0.9798694252967834, -0.13966214656829834], [-0.047613080590963364, 0.13414818048477173, 0.9898167848587036]], [[0.9677989482879639, 0.23738858103752136, -0.08373718708753586], [-0.2150803804397583, 0.9526576399803162, 0.21490442752838135], [0.13078872859477997, -0.18997403979301453, 0.9730386734008789]], [[0.9712521433830261, -0.22466963529586792, 0.07869400084018707], [0.20404905080795288, 0.9559760689735413, 0.21088843047618866], [-0.12260978668928146, -0.1887684315443039, 0.9743374586105347]]]], "pred_betas": [[-0.0635259747505188, 0.19485126435756683, 0.6842421889305115, 0.9703315496444702, 0.04987537860870361, 0.21804873645305634, -0.38027775287628174, 0.3053189516067505, 0.6025887131690979, 0.04621962457895279]], "pred_camera": [1.2587498426437378, 0.06828276813030243, 0.398944616317749]}