{"pred_joints_img": [[387.39849853515625, 143.95059204101562, -55.51295852661133], [386.06036376953125, 183.94940185546875, -20.935636520385742], [337.5075988769531, 206.85906982421875, -21.65757942199707], [297.9942626953125, 259.2367248535156, -15.667272567749023], [273.45458984375, 310.43817138671875, -49.12554931640625], [430.24835205078125, 212.36846923828125, -9.592231750488281], [442.6597595214844, 277.76678466796875, 3.145845651626587], [432.0570983886719, 310.7955322265625, -51.19119644165039], [377.90716552734375, 312.4315490722656, 7.215888023376465], [360.38323974609375, 335.68707275390625, 2.84268856048584], [333.0639343261719, 374.9231262207031, -84.04043579101562], [312.5540771484375, 461.0314025878906, -30.37190055847168], [394.72308349609375, 337.2093505859375, 8.462846755981445], [443.76336669921875, 369.3370666503906, -68.46794128417969], [434.02423095703125, 461.40704345703125, -22.516178131103516], [380.5868225097656, 136.7184600830078, -42.819557189941406], [397.92254638671875, 137.69241333007812, -45.178184509277344], [371.8223876953125, 148.54676818847656, -19.842809677124023], [410.47216796875, 150.79861450195312, -24.77498435974121], [454.28741455078125, 481.34063720703125, -65.42121887207031], [464.33306884765625, 480.57574462890625, -46.2519416809082], [429.7818603515625, 466.64312744140625, -5.712440490722656], [309.7115173339844, 484.0784912109375, -76.77618408203125], [291.6176452636719, 479.05755615234375, -63.817176818847656], [309.9273986816406, 467.82244873046875, -12.954190254211426], [312.5540771484375, 461.0314025878906, -30.37190055847168], [333.0639343261719, 374.9231262207031, -84.04043579101562], [342.0716552734375, 304.9805603027344, 8.016718864440918], [412.7065124511719, 306.66119384765625, 17.448219299316406], [443.76336669921875, 369.3370666503906, -68.46794128417969], [434.02423095703125, 461.40704345703125, -22.516178131103516], [273.45458984375, 310.43817138671875, -49.12554931640625], [297.9942626953125, 259.2367248535156, -15.667272567749023], [337.5075988769531, 206.85906982421875, -21.65757942199707], [430.24835205078125, 212.36846923828125, -9.592231750488281], [442.6597595214844, 277.76678466796875, 3.145845651626587], [432.0570983886719, 310.7955322265625, -51.19119644165039], [386.6022644042969, 184.55572509765625, -22.032363891601562], [394.66632080078125, 114.92904663085938, -15.316685676574707], [376.6891174316406, 307.1918029785156, 17.620885848999023], [384.80499267578125, 201.49050903320312, -16.550321578979492], [379.7471618652344, 244.60342407226562, 3.2395145893096924], [390.5103759765625, 158.69754028320312, -39.60859298706055], [392.7930908203125, 131.3887939453125, -17.159420013427734], [387.39849853515625, 143.95059204101562, -55.51295852661133], [397.92254638671875, 137.69241333007812, -45.178184509277344], [380.5868225097656, 136.7184600830078, -42.819557189941406], [410.47216796875, 150.79861450195312, -24.77498435974121], [371.8223876953125, 148.54676818847656, -19.842809677124023]], "pred_body_pose": [[3.0016515254974365, 0.03637048602104187, 0.21721084415912628, -1.0294450521469116, -0.009973715990781784, 0.3951842486858368, -0.9452732801437378, 0.032853275537490845, -0.36143335700035095, 0.6087667942047119, -0.020910341292619705, 0.024271102622151375, 1.547471523284912, 0.03837023675441742, -0.18692772090435028, 1.540242075920105, 0.07757877558469772, 0.13945356011390686, -0.06805117428302765, 0.0019447256345301867, -0.020124824717640877, -0.1801520138978958, 0.08155514299869537, -0.0774463415145874, -0.19661661982536316, -0.07724682241678238, 0.08938543498516083, -0.03613922372460365, 0.007315023802220821, -0.016840454190969467, -0.2711135745048523, 0.07920143008232117, 0.20592038333415985, -0.2280658632516861, -0.07633800059556961, -0.2563192546367645, -0.42732560634613037, -0.18214789032936096, -0.05788735672831535, 0.03646819293498993, -0.1962546855211258, -0.36420708894729614, 0.035190045833587646, 0.17166893184185028, 0.30136317014694214, -0.13076725602149963, -0.09960168600082397, 0.03662134334445, 0.15419736504554749, -0.3700610101222992, -0.8503460884094238, 0.021275656297802925, 0.149913489818573, 0.6240770816802979, 0.1876368373632431, -1.1173007488250732, 0.25949352979660034, -0.03845152258872986, 0.5766801834106445, -0.08339633047580719, 0.12705960869789124, -0.06518900394439697, 0.20763395726680756, 0.1721457988023758, 0.04253397136926651, -0.15687111020088196, -0.19504596292972565, -0.10849721729755402, -0.22305743396282196, -0.22071483731269836, 0.0946667417883873, 0.20478753745555878]], "pred_rotmat": [[[[0.9893374443054199, 0.014509587548673153, 0.1449166238307953], [0.03348890691995621, -0.9910265207290649, -0.1294015794992447], [0.1417386829853058, 0.13287493586540222, -0.9809455275535583]], [[0.9294687509536743, -0.31518882513046265, -0.19168692827224731], [0.3244570195674896, 0.4512007534503937, 0.831351637840271], [-0.17554345726966858, -0.8349095582962036, 0.5216422080993652]], [[0.9395811557769775, 0.28851741552352905, 0.1842416226863861], [-0.31700846552848816, 0.5301957726478577, 0.7863829135894775], [0.1292010247707367, -0.7972766757011414, 0.5896244049072266]], [[0.9995025396347046, -0.028965584933757782, -0.012477315030992031], [0.016625428572297096, 0.820083737373352, -0.5720019340515137], [0.026800815016031265, 0.5715099573135376, 0.8201573491096497]], [[0.9851952195167542, 0.14402005076408386, -0.09299823641777039], [-0.09573879092931747, 0.01220178883522749, -0.9953317642211914], [-0.14221300184726715, 0.989499568939209, 0.025809450075030327]], [[0.9896165132522583, -0.041314221918582916, 0.1376674324274063], [0.1387568712234497, 0.024761654436588287, -0.9900168776512146], [0.03749289736151695, 0.9988393187522888, 0.030237173661589622]], [[0.99979567527771, 0.020041784271597862, 0.0026275641284883022], [-0.020174065604805946, 0.9974831342697144, 0.06797447055578232], [-0.0012586211087182164, -0.06801359355449677, 0.9976836442947388]], [[0.9936991333961487, 0.0695468857884407, 0.08789332956075668], [-0.08418405801057816, 0.9808458089828491, 0.1756545901298523], [-0.07399357855319977, -0.1819470375776291, 0.9805203676223755]], [[0.9930521249771118, -0.08104289323091507, -0.08532007783651352], [0.09616443514823914, 0.9767781496047974, 0.1914597451686859], [0.06782233715057373, -0.19833426177501678, 0.977785050868988]], [[0.9998314380645752, 0.016703682020306587, 0.007617279887199402], [-0.016968004405498505, 0.9992052912712097, 0.036067742854356766], [-0.00700876209884882, -0.03619091585278511, 0.9993202686309814]], [[0.9759086966514587, -0.21238017082214355, 0.04996760934591293], [0.19112534821033478, 0.9426347017288208, 0.2736983895301819], [-0.10522933304309845, -0.2575545907020569, 0.960516631603241]], [[0.9646032452583313, 0.25968992710113525, -0.045846715569496155], [-0.242458313703537, 0.9417465925216675, 0.23308204114437103], [0.1037050411105156, -0.21371573209762573, 0.9713758230209351]], [[0.9820667505264282, 0.0940089002251625, -0.16342371702194214], [-0.017583496868610382, 0.9087064862251282, 0.4170651435852051], [0.18771202862262726, -0.40671220421791077, 0.894063413143158]], [[0.915641725063324, 0.3502991795539856, -0.19720715284347534], [-0.35735392570495605, 0.9339690804481506, -0.00020088200108148158], [0.1841149777173996, 0.0706566870212555, 0.980361819267273]], [[0.9404616355895996, -0.2923060655593872, 0.1734619140625], [0.29828616976737976, 0.9544352293014526, -0.008875157684087753], [-0.1629638969898224, 0.06008803844451904, 0.9848005771636963]], [[0.9943825006484985, -0.029951535165309906, -0.10152032226324081], [0.04294541850686073, 0.9908011555671692, 0.1283305287361145], [0.09674275666475296, -0.13196945190429688, 0.9865216016769409]], [[0.6007358431816101, 0.7040180563926697, -0.37878119945526123], [-0.7569996118545532, 0.6532734036445618, 0.01362113282084465], [0.2570371627807617, 0.2785544991493225, 0.9253861308097839]], [[0.8010088801383972, -0.5805175304412842, 0.1462336629629135], [0.5835989117622375, 0.8116463422775269, 0.0253499336540699], [-0.13340608775615692, 0.06503628194332123, 0.9889253377914429]], [[0.41295310854911804, -0.29843172430992126, -0.8604698181152344], [0.11134849488735199, 0.9542460441589355, -0.2775176763534546], [0.9039199352264404, 0.018789762631058693, 0.42728880047798157]], [[0.835011899471283, 0.06796127557754517, 0.5460187792778015], [-0.08951249718666077, 0.9959017634391785, 0.012932276353240013], [-0.5429021120071411, -0.05967411398887634, 0.8376731872558594]], [[0.9764443039894104, -0.20956285297870636, -0.05137993395328522], [0.2013237029314041, 0.9705284237861633, -0.13245101273059845], [0.07762250304222107, 0.11898703873157501, 0.9898568987846375]], [[0.9868528246879578, 0.15905368328094482, 0.028698334470391273], [-0.15176574885845184, 0.9730051159858704, -0.1738627552986145], [-0.05557712912559509, 0.16722150146961212, 0.9843517541885376]], [[0.9694913029670715, 0.22986766695976257, -0.08513233810663223], [-0.20888075232505798, 0.9564642310142517, 0.20382577180862427], [0.12827900052070618, -0.1798247992992401, 0.9752987027168274]], [[0.9747607111930847, -0.21176518499851227, 0.07069002091884613], [0.1910437047481537, 0.9550485610961914, 0.22668173909187317], [-0.11551570147275925, -0.2074555605649948, 0.9714002013206482]]]], "pred_betas": [[0.06910871714353561, 0.06190991401672363, 0.6763837337493896, 0.8836260437965393, 0.008161917328834534, 0.18150073289871216, -0.45752644538879395, 0.4032145142555237, 0.48361265659332275, 0.09338033944368362]], "pred_camera": [1.2828482389450073, 0.1159886047244072, 0.40284493565559387]}