{"pred_joints_img": [[384.8694763183594, 144.73214721679688, -49.16080856323242], [386.60028076171875, 182.76980590820312, -14.703750610351562], [339.2382507324219, 196.93362426757812, -13.278597831726074], [279.1993713378906, 218.84754943847656, -19.9832706451416], [234.68331909179688, 204.86923217773438, -64.17244720458984], [428.433837890625, 212.36846923828125, -4.748693466186523], [437.6910705566406, 276.7115478515625, 7.574645519256592], [432.2331848144531, 313.2332458496094, -43.28412628173828], [375.5448913574219, 309.27301025390625, 6.870899200439453], [358.37579345703125, 331.5271301269531, 1.3382939100265503], [338.66937255859375, 367.10479736328125, -86.26782989501953], [307.1419982910156, 456.53485107421875, -52.34892654418945], [391.2643127441406, 333.7461853027344, 8.94216537475586], [444.7887878417969, 372.63519287109375, -58.119529724121094], [432.31219482421875, 461.0179443359375, -11.733981132507324], [378.1261291503906, 137.66946411132812, -36.853370666503906], [394.9767150878906, 137.78182983398438, -39.61870193481445], [370.88079833984375, 148.96226501464844, -13.860254287719727], [408.3416442871094, 149.25274658203125, -19.60449981689453], [455.69683837890625, 481.08538818359375, -51.06074142456055], [463.7698059082031, 480.04156494140625, -31.701448440551758], [427.0912170410156, 465.92437744140625, 4.715883731842041], [308.67376708984375, 472.8434753417969, -100.09668731689453], [289.9178771972656, 468.63232421875, -88.9542236328125], [302.17431640625, 465.59417724609375, -36.82028579711914], [307.1419982910156, 456.53485107421875, -52.34892654418945], [338.66937255859375, 367.10479736328125, -86.26782989501953], [341.04718017578125, 301.43768310546875, 5.388346195220947], [408.5319519042969, 304.22259521484375, 18.37199592590332], [444.7887878417969, 372.63519287109375, -58.119529724121094], [432.31219482421875, 461.0179443359375, -11.733981132507324], [234.68331909179688, 204.86923217773438, -64.17244720458984], [279.1993713378906, 218.84754943847656, -19.9832706451416], [339.2382507324219, 196.93362426757812, -13.278597831726074], [428.433837890625, 212.36846923828125, -4.748693466186523], [437.6910705566406, 276.7115478515625, 7.574645519256592], [432.2331848144531, 313.2332458496094, -43.28412628173828], [386.725341796875, 182.86297607421875, -15.563400268554688], [391.22998046875, 114.92501831054688, -10.86270523071289], [373.80914306640625, 304.1344299316406, 16.51483154296875], [385.0791015625, 197.8130645751953, -10.031394004821777], [378.21295166015625, 242.03823852539062, 5.127996444702148], [388.9581604003906, 158.220947265625, -33.40546798706055], [390.2955017089844, 131.1280975341797, -12.223868370056152], [384.8694763183594, 144.73214721679688, -49.16080856323242], [394.9767150878906, 137.78182983398438, -39.61870193481445], [378.1261291503906, 137.66946411132812, -36.853370666503906], [408.3416442871094, 149.25274658203125, -19.60449981689453], [370.88079833984375, 148.96226501464844, -13.860254287719727]], "pred_body_pose": [[2.9800264835357666, 0.06074705719947815, 0.314374178647995, -0.9326181411743164, 0.014668474905192852, 0.4101756513118744, -0.9589510560035706, 0.06084287166595459, -0.35489946603775024, 0.5674090385437012, -0.0505731999874115, 0.042440034449100494, 1.4821351766586304, 0.007114974316209555, -0.16468189656734467, 1.3888829946517944, 0.10357867181301117, 0.10250332206487656, -0.08477310836315155, -0.03367341682314873, -0.03219360113143921, -0.18013322353363037, 0.0984933003783226, -0.06824071705341339, -0.16680367290973663, -0.11586909741163254, 0.13451211154460907, -0.012838989496231079, -0.01826990209519863, -0.02741519920527935, -0.27950653433799744, 0.0650777518749237, 0.19176436960697174, -0.19704531133174896, -0.04334128275513649, -0.3110918402671814, -0.3660125136375427, -0.25107255578041077, 0.00747009739279747, 0.022069143131375313, -0.14280186593532562, -0.3663381338119507, -0.07005814462900162, 0.02617165446281433, 0.10945429652929306, -0.10715758800506592, -0.027863331139087677, 0.08799657970666885, 0.1627928465604782, -0.327829509973526, -0.8716128468513489, -0.2772819697856903, 0.10934001952409744, 0.27252089977264404, 0.16366389393806458, -1.0138853788375854, 0.24434863030910492, -0.4326934516429901, 0.7453283667564392, -0.3032569885253906, 0.09991037100553513, -0.049434203654527664, 0.2041071057319641, 0.12798212468624115, 0.0387335903942585, -0.19701708853244781, -0.19015058875083923, -0.11313660442829132, -0.23526959121227264, -0.19875329732894897, 0.09867163747549057, 0.2218279093503952]], "pred_rotmat": [[[[0.9772933125495911, 0.024999428540468216, 0.21041075885295868], [0.055189378559589386, -0.9887730479240417, -0.13885906338691711], [0.20457711815834045, 0.147318497300148, -0.9677010178565979]], [[0.9228102564811707, -0.3490622639656067, -0.16302354633808136], [0.3365255296230316, 0.5243687033653259, 0.7821688055992126], [-0.1875411570072174, -0.7766550779342651, 0.6013611555099487]], [[0.9406459927558899, 0.2693031430244446, 0.20654508471488953], [-0.32272207736968994, 0.521369993686676, 0.789951741695404], [0.10505010187625885, -0.8097216486930847, 0.5773346424102783]], [[0.997879147529602, -0.05413119122385979, -0.0361507311463356], [0.026207376271486282, 0.8424772620201111, -0.5380941033363342], [0.059583839029073715, 0.5360055565834045, 0.8421091437339783]], [[0.9887529015541077, 0.11444657295942307, -0.09627897292375565], [-0.1057162806391716, 0.07946045696735382, -0.9912164807319641], [-0.10579096525907516, 0.9902464747428894, 0.09066562354564667]], [[0.9909994602203369, -0.011314310133457184, 0.13338658213615417], [0.13326124846935272, 0.17795538902282715, -0.9749733805656433], [-0.012705711647868156, 0.9839734435081482, 0.17786145210266113]], [[0.9989156723022461, 0.033569615334272385, -0.03225741907954216], [-0.030717235058546066, 0.9958917498588562, 0.08518259227275848], [0.034984443336725235, -0.08409936726093292, 0.9958430528640747]], [[0.9928491115570068, 0.05887321010231972, 0.10384902358055115], [-0.07654602080583572, 0.9815198183059692, 0.1753837615251541], [-0.09160448610782623, -0.18207882344722748, 0.9790076017379761]], [[0.9843182563781738, -0.12356968969106674, -0.12588968873023987], [0.1428016573190689, 0.9771548509597778, 0.15740437805652618], [0.10356330871582031, -0.17291323840618134, 0.9794772863388062]], [[0.9994573593139648, 0.02752675488591194, -0.01809011958539486], [-0.027292214334011078, 0.9995417594909668, 0.013086723163723946], [0.018442068248987198, -0.012585902586579323, 0.9997506141662598]], [[0.9796983599662781, -0.19698429107666016, 0.037258584052324295], [0.17897453904151917, 0.9431193470954895, 0.2801678478717804], [-0.09032797068357468, -0.26781168580055237, 0.9592276215553284]], [[0.9512342810630798, 0.30823376774787903, -0.012054921127855778], [-0.2997909486293793, 0.9329707026481628, 0.19922585785388947], [0.07265502214431763, -0.18589650094509125, 0.9798793792724609]], [[0.9689680337905884, 0.03797109052538872, -0.24425218999385834], [0.05242541432380676, 0.9340826869010925, 0.3531869649887085], [0.2415626496076584, -0.35503190755844116, 0.903105616569519]], [[0.9236958026885986, 0.35538703203201294, -0.14312978088855743], [-0.3584980368614197, 0.933520495891571, 0.004317466635257006], [0.13514895737171173, 0.047323718667030334, 0.9896945357322693]], [[0.9936767220497131, -0.11004943400621414, 0.02226659469306469], [0.10821855813264847, 0.9915681481361389, 0.07128334045410156], [-0.029923535883426666, -0.06842292845249176, 0.9972075819969177]], [[0.9957472681999207, -0.0862131118774414, -0.03247743099927902], [0.0891939103603363, 0.9904029369354248, 0.10557680577039719], [0.02306363731622696, -0.10802459716796875, 0.9938806891441345]], [[0.5977538228034973, 0.7227125763893127, -0.34695371985435486], [-0.7722228765487671, 0.6353124380111694, -0.007063945755362511], [0.21531882882118225, 0.27214810252189636, 0.93785560131073]], [[0.9574713706970215, -0.28012678027153015, 0.06911998987197876], [0.25021860003471375, 0.9254452586174011, 0.28450271487236023], [-0.14366358518600464, -0.2551080882549286, 0.9561802744865417]], [[0.5048322081565857, -0.27696913480758667, -0.8175771832466125], [0.12588216364383698, 0.9606239199638367, -0.24769991636276245], [0.8539894819259644, 0.02212851494550705, 0.5198193788528442]], [[0.6981619000434875, 0.11245431005954742, 0.7070529460906982], [-0.41313546895980835, 0.8698495626449585, 0.2695937752723694], [-0.5847127437591553, -0.480328768491745, 0.653754711151123]], [[0.9780474901199341, -0.20473060011863708, -0.03883945569396019], [0.1998138278722763, 0.9742952585220337, -0.1040344312787056], [0.05914013087749481, 0.09398994594812393, 0.9938150644302368]], [[0.9799370765686035, 0.19762764871120453, 0.025820747017860413], [-0.1926937997341156, 0.9725325703620911, -0.1305738240480423], [-0.050916511565446854, 0.12297862768173218, 0.9911023378372192]], [[0.9662193059921265, 0.24186405539512634, -0.08900540322065353], [-0.22053742408752441, 0.9546417593955994, 0.2000555694103241], [0.1333545446395874, -0.17366854846477509, 0.9757333993911743]], [[0.9707691669464111, -0.22793154418468475, 0.07519634813070297], [0.2084806114435196, 0.9560074806213379, 0.206362783908844], [-0.11892485618591309, -0.1846536248922348, 0.9755818843841553]]]], "pred_betas": [[-0.022992394864559174, 0.10561088472604752, 0.5436065196990967, 0.8717849254608154, 0.06600871682167053, 0.2801682651042938, -0.418477326631546, 0.4038159251213074, 0.6514217853546143, 0.09147632867097855]], "pred_camera": [1.2678664922714233, 0.21483376622200012, 0.39191001653671265]}