{"pred_joints_img": [[390.95721435546875, 147.42337036132812, -57.69395446777344], [386.0903015136719, 185.90899658203125, -21.297061920166016], [336.72332763671875, 206.56591796875, -20.395601272583008], [285.0537414550781, 247.42190551757812, -14.857131004333496], [237.21282958984375, 279.2090759277344, -47.64838790893555], [430.66375732421875, 214.013427734375, -8.144078254699707], [443.20758056640625, 279.0029602050781, 7.414562702178955], [436.4279479980469, 315.8907470703125, -45.38684844970703], [378.2840576171875, 315.2226257324219, 7.3691582679748535], [360.6986389160156, 338.5365295410156, 2.7461471557617188], [336.6309814453125, 377.5474548339844, -85.05525207519531], [305.8399658203125, 461.74188232421875, -33.471214294433594], [394.9859619140625, 340.12847900390625, 9.720149040222168], [446.3197021484375, 375.67755126953125, -63.94624328613281], [432.36083984375, 465.66436767578125, -15.217887878417969], [383.16864013671875, 139.32679748535156, -45.986778259277344], [400.7220153808594, 140.930419921875, -46.63978958129883], [371.7494812011719, 149.82838439941406, -23.126996994018555], [410.9162292480469, 153.29135131835938, -24.362558364868164], [454.178466796875, 486.52471923828125, -57.142086029052734], [463.68316650390625, 485.39776611328125, -37.52543258666992], [427.5855712890625, 470.50115966796875, 1.8383046388626099], [304.6796569824219, 484.2942810058594, -80.42537689208984], [285.86639404296875, 477.71685791015625, -68.83477020263672], [301.42974853515625, 468.71258544921875, -16.25041961669922], [305.8399658203125, 461.74188232421875, -33.471214294433594], [336.6309814453125, 377.5474548339844, -85.05525207519531], [342.36029052734375, 307.5505676269531, 6.741134166717529], [413.02618408203125, 309.2615661621094, 18.73194694519043], [446.3197021484375, 375.67755126953125, -63.94624328613281], [432.36083984375, 465.66436767578125, -15.217887878417969], [237.21282958984375, 279.2090759277344, -47.64838790893555], [285.0537414550781, 247.42190551757812, -14.857131004333496], [336.72332763671875, 206.56591796875, -20.395601272583008], [430.66375732421875, 214.013427734375, -8.144078254699707], [443.20758056640625, 279.0029602050781, 7.414562702178955], [436.4279479980469, 315.8907470703125, -45.38684844970703], [386.7878112792969, 186.33538818359375, -22.177934646606445], [395.3324279785156, 116.35435485839844, -18.066999435424805], [376.7888488769531, 309.6699523925781, 17.613142013549805], [384.7214050292969, 202.49510192871094, -15.778735160827637], [379.639892578125, 246.51675415039062, 2.979379177093506], [392.0599365234375, 161.4461669921875, -40.72811508178711], [393.16998291015625, 132.9622039794922, -19.326826095581055], [390.95721435546875, 147.42337036132812, -57.69395446777344], [400.7220153808594, 140.930419921875, -46.63978958129883], [383.16864013671875, 139.32679748535156, -45.986778259277344], [410.9162292480469, 153.29135131835938, -24.362558364868164], [371.7494812011719, 149.82838439941406, -23.126996994018555]], "pred_body_pose": [[3.0177149772644043, 0.03905804082751274, 0.27620938420295715, -1.0153971910476685, -0.00039934171945787966, 0.38602733612060547, -0.9566946625709534, 0.0648360550403595, -0.3825359642505646, 0.5801964402198792, -0.035627368837594986, 0.04699751362204552, 1.5505260229110718, 0.027164550498127937, -0.20218034088611603, 1.5240117311477661, 0.12325040251016617, 0.1240190863609314, -0.07143858075141907, -0.007872294634580612, -0.025018656626343727, -0.20184682309627533, 0.10057199001312256, -0.048021100461483, -0.21309255063533783, -0.11248468607664108, 0.10145357996225357, -0.019251123070716858, 0.00311836414039135, -0.022157013416290283, -0.2673402428627014, 0.06429922580718994, 0.18195840716362, -0.20103663206100464, -0.04520653560757637, -0.2909873127937317, -0.4018579125404358, -0.1585792452096939, -0.07696215063333511, 0.03077942319214344, -0.1533694714307785, -0.3696633577346802, 0.008577626198530197, 0.06995740532875061, 0.24966739118099213, -0.1222333237528801, -0.03713444620370865, 0.029792986810207367, 0.15676270425319672, -0.3496532142162323, -0.8557189106941223, -0.11344632506370544, 0.05856340005993843, 0.44465482234954834, 0.211518332362175, -1.0825788974761963, 0.2535780966281891, -0.2168496698141098, 0.5134151577949524, -0.14735378324985504, 0.12575124204158783, -0.07638391107320786, 0.20865504443645477, 0.17636170983314514, 0.04706847295165062, -0.16887840628623962, -0.18281866610050201, -0.11174387484788895, -0.23112332820892334, -0.21892006695270538, 0.09433092921972275, 0.2178208827972412]], "pred_rotmat": [[[[0.9831067323684692, 0.01549060270190239, 0.18237677216529846], [0.03568444028496742, -0.9935133457183838, -0.10797148197889328], [0.17952121794223785, 0.11265549063682556, -0.9772824048995972]], [[0.9325361847877502, -0.31427764892578125, -0.177780419588089], [0.31464478373527527, 0.4657624065876007, 0.8270816206932068], [-0.1771298050880432, -0.827221155166626, 0.5332261323928833]], [[0.9311833381652832, 0.28975966572761536, 0.22121679782867432], [-0.3464708626270294, 0.5147013664245605, 0.7842451333999634], [0.11338202655315399, -0.8069211840629578, 0.5796746015548706]], [[0.9983097314834595, -0.0544242337346077, -0.020390084013342857], [0.03433261811733246, 0.8353292346000671, -0.5486769080162048], [0.04689375311136246, 0.5470494031906128, 0.8357858061790466]], [[0.9831023216247559, 0.1463800072669983, -0.10992104560136795], [-0.11217499524354935, 0.0072079868987202644, -0.9936622977256775], [-0.14465998113155365, 0.9892022013664246, 0.023506365716457367]], [[0.9874863028526306, -0.0039057787507772446, 0.15765638649463654], [0.15767762064933777, 0.04299701005220413, -0.9865541458129883], [-0.00292549142614007, 0.9990676045417786, 0.04307481274008751]], [[0.9996562600135803, 0.025275571271777153, -0.006971479393541813], [-0.02471345104277134, 0.997136652469635, 0.0714680626988411], [0.00875791348516941, -0.07127119600772858, 0.9974185228347778]], [[0.9938170909881592, 0.0374915637075901, 0.10450826585292816], [-0.05770192667841911, 0.9785710573196411, 0.19765903055667877], [-0.09485822916030884, -0.20246724784374237, 0.9746840000152588]], [[0.9885923266410828, -0.08838500827550888, -0.12195568531751633], [0.1122184693813324, 0.9723076224327087, 0.20499968528747559], [0.10045953840017319, -0.21634681522846222, 0.9711343050003052]], [[0.9997497200965881, 0.022123780101537704, 0.0033311699517071247], [-0.022183816879987717, 0.9995692372322083, 0.019213786348700523], [-0.002904653549194336, -0.01928287371993065, 0.9998098611831665]], [[0.9815465211868286, -0.18719671666622162, 0.03903765603899956], [0.17016209661960602, 0.9481821656227112, 0.268319696187973], [-0.08724336326122284, -0.2567254900932312, 0.9625387191772461]], [[0.9570987820625305, 0.28935685753822327, -0.015313749201595783], [-0.2803645431995392, 0.9381151795387268, 0.20331178605556488], [0.07319571822881699, -0.19029603898525238, 0.9789943099021912]], [[0.9847124218940735, 0.10587097704410553, -0.13832131028175354], [-0.043160710483789444, 0.9176281690597534, 0.3950895369052887], [0.16875603795051575, -0.38307952880859375, 0.9081693291664124]], [[0.9209829568862915, 0.3574874997138977, -0.1548970639705658], [-0.3621450662612915, 0.9321196675300598, -0.0019905618391931057], [0.14367099106311798, 0.05792848393321037, 0.9879286885261536]], [[0.9665741324424744, -0.2465779334306717, 0.07024011760950089], [0.2471746802330017, 0.9689708948135376, 0.00020243741164449602], [-0.06811054795980453, 0.017165906727313995, 0.9975300431251526]], [[0.9988683462142944, -0.02744133584201336, -0.038846276700496674], [0.03197389096021652, 0.9920970797538757, 0.12133068591356277], [0.03520980104804039, -0.12243544310331345, 0.9918517470359802]], [[0.6031404733657837, 0.7102841138839722, -0.3629298210144043], [-0.7611970901489258, 0.6485072374343872, 0.004175771493464708], [0.23832854628562927, 0.27374255657196045, 0.9318071603775024]], [[0.9012071490287781, -0.43222615122795105, 0.031721118837594986], [0.42569994926452637, 0.89657062292099, 0.12223251909017563], [-0.08127230405807495, -0.09665314853191376, 0.9919945001602173]], [[0.44509369134902954, -0.3055826723575592, -0.8417307734489441], [0.10002165287733078, 0.9510563015937805, -0.29238244891166687], [0.8898804783821106, 0.04594627022743225, 0.45387405157089233]], [[0.861253023147583, 0.08518429100513458, 0.5009858012199402], [-0.19346891343593597, 0.9665728211402893, 0.16824589669704437], [-0.46990740299224854, -0.24182745814323425, 0.8489443063735962]], [[0.9754481315612793, -0.2111722230911255, -0.06250856816768646], [0.20161890983581543, 0.9704856872558594, -0.1323152631521225], [0.08860497921705246, 0.11646375805139542, 0.9892347455024719]], [[0.9847114086151123, 0.17127245664596558, 0.03176960349082947], [-0.16301405429840088, 0.970341682434082, -0.17850366234779358], [-0.061400122940540314, 0.1705956757068634, 0.9834263324737549]], [[0.9673195481300354, 0.23744627833366394, -0.08895062655210495], [-0.21718594431877136, 0.9569379091262817, 0.19261392951011658], [0.13085567951202393, -0.16700038313865662, 0.9772347211837769]], [[0.9720717668533325, -0.22429126501083374, 0.06906390935182571], [0.2038191258907318, 0.9527269601821899, 0.22532004117965698], [-0.11633636057376862, -0.2049507200717926, 0.9718338251113892]]]], "pred_betas": [[0.033807627856731415, -0.08108252286911011, 0.4824918806552887, 0.9627411365509033, 0.0720069631934166, 0.17260466516017914, -0.40248948335647583, 0.373887300491333, 0.569227933883667, 0.08420365303754807]], "pred_camera": [1.2905051708221436, 0.191879540681839, 0.41832005977630615]}