{"pred_joints_img": [[386.7620849609375, 145.02053833007812, -45.45947265625], [387.2888488769531, 184.0209197998047, -10.883764266967773], [340.556640625, 208.98057556152344, -10.528836250305176], [318.3328857421875, 270.0158386230469, -7.221964359283447], [309.1217041015625, 320.0249328613281, -47.996788024902344], [431.2227783203125, 212.7907257080078, -7.186923980712891], [440.6492614746094, 279.2042236328125, -6.948876857757568], [428.1573791503906, 313.8633728027344, -58.96039962768555], [380.78424072265625, 313.16571044921875, 6.481870174407959], [363.5067138671875, 335.52789306640625, 0.7390363216400146], [337.36541748046875, 369.6919860839844, -87.86273956298828], [317.61798095703125, 457.118408203125, -38.49919128417969], [396.7078857421875, 337.854248046875, 5.824176788330078], [445.2311706542969, 366.5614013671875, -71.96243286132812], [428.4010009765625, 461.43414306640625, -37.74331283569336], [379.9883728027344, 137.56185913085938, -33.084747314453125], [397.1469421386719, 138.08419799804688, -35.71625518798828], [372.2181701660156, 148.59141540527344, -9.84143352508545], [410.1546936035156, 149.75912475585938, -15.305834770202637], [448.5239562988281, 477.7891845703125, -81.38422393798828], [457.69085693359375, 479.9262390136719, -62.34432601928711], [423.4870910644531, 467.93182373046875, -22.014307022094727], [315.0322265625, 477.5626220703125, -85.4373550415039], [297.4686279296875, 473.512451171875, -72.26947021484375], [314.6224670410156, 464.2030029296875, -21.728988647460938], [317.61798095703125, 457.118408203125, -38.49919128417969], [337.36541748046875, 369.6919860839844, -87.86273956298828], [346.3871154785156, 305.48565673828125, 7.853818893432617], [414.222412109375, 308.6271057128906, 16.39256477355957], [445.2311706542969, 366.5614013671875, -71.96243286132812], [428.4010009765625, 461.43414306640625, -37.74331283569336], [309.1217041015625, 320.0249328613281, -47.996788024902344], [318.3328857421875, 270.0158386230469, -7.221964359283447], [340.556640625, 208.98057556152344, -10.528836250305176], [431.2227783203125, 212.7907257080078, -7.186923980712891], [440.6492614746094, 279.2042236328125, -6.948876857757568], [428.1573791503906, 313.8633728027344, -58.96039962768555], [387.7999572753906, 184.84515380859375, -12.490640640258789], [393.62542724609375, 114.55213928222656, -6.981153964996338], [379.65673828125, 308.7109069824219, 16.726205825805664], [386.6841735839844, 202.61846923828125, -8.647900581359863], [383.3988952636719, 245.60467529296875, 8.598800659179688], [390.52020263671875, 158.75575256347656, -29.30324935913086], [392.29058837890625, 130.96536254882812, -8.227445602416992], [386.7620849609375, 145.02053833007812, -45.45947265625], [397.1469421386719, 138.08419799804688, -35.71625518798828], [379.9883728027344, 137.56185913085938, -33.084747314453125], [410.1546936035156, 149.75912475585938, -15.305834770202637], [372.2181701660156, 148.59141540527344, -9.84143352508545]], "pred_body_pose": [[2.91699481010437, 0.061440955847501755, 0.20136022567749023, -1.0021381378173828, 0.033454664051532745, 0.3778454065322876, -0.9150708913803101, 0.046519652009010315, -0.3354388177394867, 0.5862515568733215, -0.026329034939408302, 0.02638828195631504, 1.5122714042663574, 0.07144603878259659, -0.19816333055496216, 1.5545247793197632, 0.054272253066301346, 0.13052372634410858, -0.03826990723609924, -0.02932727336883545, 0.008972865529358387, -0.17104104161262512, 0.0751279965043068, -0.07119216024875641, -0.1960391104221344, -0.049539580941200256, 0.05475131422281265, -0.04383638873696327, -0.012679154053330421, 0.0006176522001624107, -0.26904088258743286, 0.08349762111902237, 0.19261932373046875, -0.23713044822216034, -0.10519237816333771, -0.19952192902565002, -0.37209954857826233, -0.12109899520874023, -0.045924052596092224, 0.04355761036276817, -0.2688661217689514, -0.3780679404735565, 0.034741923213005066, 0.21931177377700806, 0.3554948568344116, -0.07197079062461853, -0.08679242432117462, 0.03186361864209175, 0.10206576436758041, -0.4285697042942047, -0.8582951426506042, 0.04911147058010101, 0.2585368752479553, 0.8097372651100159, 0.14373019337654114, -0.8988520503044128, 0.22382953763008118, -0.03819410130381584, 0.6588402986526489, -0.14721165597438812, 0.1749909222126007, -0.03434105962514877, 0.17281432449817657, 0.11930583417415619, 0.018620571121573448, -0.13520494103431702, -0.2201639711856842, -0.11424238234758377, -0.2456715852022171, -0.20709963142871857, 0.10737324506044388, 0.2249775528907776]], "pred_rotmat": [[[[0.9897578954696655, 0.026592055335640907, 0.1402573138475418], [0.056240834295749664, -0.9756730794906616, -0.21189379692077637], [0.131210595369339, 0.21761175990104675, -0.9671757221221924]], [[0.9346822500228882, -0.32479897141456604, -0.1444806009531021], [0.29436030983924866, 0.4792935252189636, 0.8268189430236816], [-0.1993013471364975, -0.8153424263000488, 0.5435950756072998]], [[0.9470657110214233, 0.265042245388031, 0.18116064369678497], [-0.30433914065361023, 0.5615671873092651, 0.7694283127784729], [0.10219714045524597, -0.7838334441184998, 0.6125037670135498]], [[0.9993249773979187, -0.0323948971927166, -0.01732548326253891], [0.017398253083229065, 0.8327015042304993, -0.5534487962722778], [0.03235587105154991, 0.5527737736701965, 0.8327030539512634]], [[0.9818023443222046, 0.1739686280488968, -0.07615116983652115], [-0.0853487104177475, 0.04600360617041588, -0.9952885508537292], [-0.1696457415819168, 0.9836760759353638, 0.06001444533467293]], [[0.9918798804283142, -0.049329906702041626, 0.11722156405448914], [0.11789947003126144, 0.011054692789912224, -0.9929640889167786], [0.04768696799874306, 0.9987214207649231, 0.016780897974967957]], [[0.9995297789573669, -0.008408204652369022, -0.029487179592251778], [0.009530332870781422, 0.9992276430130005, 0.03812301903963089], [0.029143856838345528, -0.038386113941669464, 0.998837947845459]], [[0.9946615695953369, 0.06431525945663452, 0.08069668710231781], [-0.07712249457836151, 0.9828954339027405, 0.16723859310150146], [-0.0685604065656662, -0.17256931960582733, 0.9826084971427917]], [[0.9972839951515198, -0.04951362684369087, -0.054525140672922134], [0.05918985977768898, 0.9793610572814941, 0.1932571828365326], [0.04383093863725662, -0.1959596425294876, 0.9796318411827087]], [[0.9999194145202637, -0.0003395817766431719, -0.0126882903277874], [0.0008952939533628523, 0.9990391731262207, 0.04381726309657097], [0.012661218643188477, -0.043825093656778336, 0.998958945274353]], [[0.978175938129425, -0.20002593100070953, 0.05622563138604164], [0.17777885496616364, 0.9457865953445435, 0.27181315422058105], [-0.10754714161157608, -0.25588539242744446, 0.9607060551643372]], [[0.9747890830039978, 0.2083406150341034, -0.07987868040800095], [-0.18361811339855194, 0.95240718126297, 0.24332089722156525], [0.12677063047885895, -0.22251933813095093, 0.9666512608528137]], [[0.991720974445343, 0.066985584795475, -0.10955595225095749], [-0.02250460349023342, 0.9306209087371826, 0.36529192328453064], [0.12642435729503632, -0.35980212688446045, 0.9244237542152405]], [[0.8943209648132324, 0.35878416895866394, -0.2673277258872986], [-0.3702849745750427, 0.9288845062255859, 0.007913436740636826], [0.2511557936668396, 0.09191027283668518, 0.9635732769966125]], [[0.9140325784683228, -0.34142276644706726, 0.2190319001674652], [0.3489311635494232, 0.937136709690094, 0.004681168124079704], [-0.20686106383800507, 0.07214831560850143, 0.9757065176963806]], [[0.9957308173179626, -0.028671080246567726, -0.08773929625749588], [0.034910451620817184, 0.9969059824943542, 0.07042505592107773], [0.08544866740703583, -0.07318741083145142, 0.9936509132385254]], [[0.5744319558143616, 0.7109849452972412, -0.4056209921836853], [-0.7514379620552063, 0.6545451879501343, 0.083136186003685], [0.3246058225631714, 0.25704291462898254, 0.9102528095245361]], [[0.6600452661514282, -0.7094151377677917, 0.24712419509887695], [0.7213634848594666, 0.6903603076934814, 0.05511178448796272], [-0.20970186591148376, 0.14189010858535767, 0.9674152135848999]], [[0.6014913320541382, -0.25246283411979675, -0.7579383850097656], [0.13245789706707, 0.9671368598937988, -0.21702797710895538], [0.7878217101097107, 0.030145524069666862, 0.615165114402771]], [[0.7806797027587891, 0.1241380125284195, 0.6124776601791382], [-0.1483575701713562, 0.9888688921928406, -0.011325263418257236], [-0.6070660352706909, -0.08202429860830307, 0.7904067039489746]], [[0.9845575094223022, -0.17403292655944824, -0.018946267664432526], [0.16805440187454224, 0.9699117541313171, -0.17615005373954773], [0.04903212562203407, 0.17024587094783783, 0.9841809272766113]], [[0.9907119274139404, 0.1355733722448349, 0.01047544740140438], [-0.1333579123020172, 0.9837872982025146, -0.11990883201360703], [-0.026562059298157692, 0.11739812046289444, 0.9927296042442322]], [[0.9636684060096741, 0.25316038727760315, -0.08516543358564377], [-0.2282627522945404, 0.9461370706558228, 0.22961007058620453], [0.13870634138584137, -0.20182785391807556, 0.9695494771003723]], [[0.969199001789093, -0.2320813089609146, 0.08241026848554611], [0.21003830432891846, 0.9536551833152771, 0.21546614170074463], [-0.12859664857387543, -0.19152027368545532, 0.9730275869369507]]]], "pred_betas": [[-0.09771155565977097, 0.3909226357936859, 0.7208230495452881, 1.0303400754928589, -0.10498246550559998, 0.29299667477607727, -0.43018847703933716, 0.33946502208709717, 0.6560471057891846, 0.12009403109550476]], "pred_camera": [1.263070821762085, 0.04372735321521759, 0.4050286114215851]}