{"pred_joints_img": [[387.0240173339844, 144.38449096679688, -51.04979705810547], [385.0426940917969, 183.39404296875, -15.506830215454102], [336.5660400390625, 203.3027801513672, -13.704817771911621], [280.5423889160156, 237.7152862548828, -10.671162605285645], [226.99325561523438, 255.82369995117188, -44.451507568359375], [429.48095703125, 212.03289794921875, -4.08486270904541], [442.1064453125, 277.20294189453125, 9.538995742797852], [438.2710266113281, 311.63299560546875, -44.81278610229492], [379.62615966796875, 313.395263671875, 7.148296356201172], [362.39794921875, 336.53240966796875, 1.777083396911621], [337.1162414550781, 370.3562927246094, -87.67822265625], [304.0679016113281, 459.9420471191406, -48.589046478271484], [396.35052490234375, 338.0917663574219, 8.579336166381836], [449.7745361328125, 371.620849609375, -64.4152603149414], [437.1201477050781, 464.66998291015625, -21.97443199157715], [379.617431640625, 136.6547393798828, -38.96455383300781], [397.053466796875, 137.71136474609375, -40.54288101196289], [369.8652648925781, 147.6092529296875, -15.830373764038086], [408.61492919921875, 149.93679809570312, -19.09916877746582], [460.7276306152344, 482.6888427734375, -63.830665588378906], [469.11279296875, 482.8072509765625, -43.93555450439453], [431.92645263671875, 470.69287109375, -5.439443588256836], [302.5263366699219, 476.90985107421875, -97.45561981201172], [283.9345703125, 471.68780517578125, -85.12403869628906], [299.6670227050781, 468.96112060546875, -32.346534729003906], [304.0679016113281, 459.9420471191406, -48.589046478271484], [337.1162414550781, 370.3562927246094, -87.67822265625], [344.14813232421875, 306.03619384765625, 6.854626178741455], [413.86077880859375, 307.5097351074219, 18.39707374572754], [449.7745361328125, 371.620849609375, -64.4152603149414], [437.1201477050781, 464.66998291015625, -21.97443199157715], [226.99325561523438, 255.82369995117188, -44.451507568359375], [280.5423889160156, 237.7152862548828, -10.671162605285645], [336.5660400390625, 203.3027801513672, -13.704817771911621], [429.48095703125, 212.03289794921875, -4.08486270904541], [442.1064453125, 277.20294189453125, 9.538995742797852], [438.2710266113281, 311.63299560546875, -44.81278610229492], [385.6258850097656, 183.77777099609375, -16.294239044189453], [392.4218444824219, 113.77546691894531, -11.545557022094727], [378.12530517578125, 308.19915771484375, 17.366294860839844], [383.992431640625, 199.8881378173828, -10.234379768371582], [379.68817138671875, 244.6019287109375, 5.857816696166992], [389.3872985839844, 158.38314819335938, -34.493865966796875], [390.706787109375, 130.3512420654297, -12.915604591369629], [387.0240173339844, 144.38449096679688, -51.04979705810547], [397.053466796875, 137.71136474609375, -40.54288101196289], [379.617431640625, 136.6547393798828, -38.96455383300781], [408.61492919921875, 149.93679809570312, -19.09916877746582], [369.8652648925781, 147.6092529296875, -15.830373764038086]], "pred_body_pose": [[2.977720022201538, 0.031389251351356506, 0.268531858921051, -0.993561863899231, 0.022257886826992035, 0.40214723348617554, -0.9653558135032654, 0.0685698464512825, -0.40586474537849426, 0.5626047849655151, -0.04720176011323929, 0.06207789480686188, 1.5039498805999756, 0.021360239014029503, -0.20395582914352417, 1.4391125440597534, 0.13101835548877716, 0.11408445239067078, -0.0668092593550682, -0.015111822634935379, -0.03183957561850548, -0.18774394690990448, 0.12397059798240662, -0.06996380537748337, -0.1903664618730545, -0.14229272305965424, 0.13805711269378662, -0.012243798933923244, -0.00265576783567667, -0.025316769257187843, -0.2830493152141571, 0.06509234011173248, 0.2075662612915039, -0.20412017405033112, -0.023136120289564133, -0.3419322371482849, -0.3873900771141052, -0.19588515162467957, -0.06439681351184845, 0.030452914535999298, -0.12987898290157318, -0.4033157527446747, -0.014832133427262306, 0.03616102412343025, 0.21925123035907745, -0.1014976054430008, -0.022666897624731064, 0.04570915922522545, 0.15925636887550354, -0.3331054747104645, -0.8396449089050293, -0.16009968519210815, 0.04719177633523941, 0.34089016914367676, 0.1447254866361618, -1.0875508785247803, 0.2568965256214142, -0.3106887936592102, 0.5239591598510742, -0.17319892346858978, 0.0920853465795517, -0.06289690732955933, 0.1690179854631424, 0.16725558042526245, 0.03757408633828163, -0.13571669161319733, -0.18742381036281586, -0.11387338489294052, -0.23655448853969574, -0.22421830892562866, 0.0995778739452362, 0.22559204697608948]], "pred_rotmat": [[[[0.9837413430213928, 0.007225024979561567, 0.1794455647468567], [0.03435580059885979, -0.9883079528808594, -0.14855019748210907], [0.17627418041229248, 0.15229998528957367, -0.9724876284599304]], [[0.9263681769371033, -0.33945631980895996, -0.16312959790229797], [0.31938040256500244, 0.4785122275352478, 0.8179376721382141], [-0.1995946317911148, -0.8098119497299194, 0.5516942143440247]], [[0.9227810502052307, 0.3051931858062744, 0.23522822558879852], [-0.36553099751472473, 0.5001932382583618, 0.7849801778793335], [0.12191103398799896, -0.8103479743003845, 0.5731264352798462]], [[0.9970400333404541, -0.07171836495399475, -0.027706243097782135], [0.04586872085928917, 0.8440715670585632, -0.5342651605606079], [0.0617026723921299, 0.5314128994941711, 0.8448627591133118]], [[0.9827123284339905, 0.14738769829273224, -0.11204156279563904], [-0.1209760382771492, 0.053092457354068756, -0.991234540939331], [-0.14014722406864166, 0.9876527786254883, 0.07000499218702316]], [[0.9873735904693604, 0.0007560513913631439, 0.1584073305130005], [0.15700624883174896, 0.12812022864818573, -0.9792518615722656], [-0.021035553887486458, 0.9917582869529724, 0.12638382613658905]], [[0.9993792176246643, 0.03231387585401535, -0.014034371823072433], [-0.0313047431409359, 0.9972626566886902, 0.06698621064424515], [0.016160540282726288, -0.06650528311729431, 0.9976551532745361]], [[0.9899150133132935, 0.05773468688130379, 0.12936413288116455], [-0.08090192079544067, 0.9800213575363159, 0.1816950887441635], [-0.11628949642181396, -0.19032849371433258, 0.9748086929321289]], [[0.9804699420928955, -0.12286657840013504, -0.15356607735157013], [0.14978423714637756, 0.9725240468978882, 0.17821800708770752], [0.12744967639446259, -0.19773916900157928, 0.9719340801239014]], [[0.9996760487556458, 0.025329655036330223, -0.002500438131392002], [-0.025297148153185844, 0.9996045827865601, 0.012275785207748413], [0.002810391131788492, -0.012208553962409496, 0.9999215006828308]], [[0.9765897989273071, -0.2123003900051117, 0.03465347737073898], [0.19407089054584503, 0.9390510320663452, 0.2837597131729126], [-0.09278368949890137, -0.2703916132450104, 0.9582690000534058]], [[0.9420481324195862, 0.3352663218975067, 0.01190992072224617], [-0.33060604333877563, 0.9217544794082642, 0.2026531845331192], [0.05696476250886917, -0.19484654068946838, 0.9791781306266785]], [[0.979080080986023, 0.09968654066324234, -0.1773834228515625], [-0.0250126700848341, 0.9241206645965576, 0.3812813460826874], [0.20193229615688324, -0.3688681125640869, 0.9072815775871277]], [[0.9115756750106812, 0.3893463611602783, -0.13205702602863312], [-0.39324238896369934, 0.9194272756576538, -0.003745610825717449], [0.11995847523212433, 0.0553448349237442, 0.9912350177764893]], [[0.9754125475883484, -0.21771036088466644, 0.034243568778038025], [0.21717624366283417, 0.9759541153907776, 0.01865764521062374], [-0.037482112646102905, -0.01076201070100069, 0.9992393851280212]], [[0.9986997842788696, -0.044461820274591446, -0.024935364723205566], [0.046759989112615585, 0.9938111305236816, 0.10076194256544113], [0.020300982519984245, -0.10179691761732101, 0.9945979714393616]], [[0.6198320984840393, 0.7020474672317505, -0.3506244421005249], [-0.7514801025390625, 0.6597127318382263, -0.0075346664525568485], [0.22602170705795288, 0.2681575119495392, 0.9364858269691467]], [[0.9414909482002258, -0.33649638295173645, 0.019104626029729843], [0.3290312886238098, 0.9299283027648926, 0.16423064470291138], [-0.07302895188331604, -0.14833563566207886, 0.9862369298934937]], [[0.43895015120506287, -0.27659714221954346, -0.8548781871795654], [0.13516564667224884, 0.9609386324882507, -0.2415102869272232], [0.8882865309715271, -0.009539183229207993, 0.45919057726860046]], [[0.8527558445930481, 0.08314183354377747, 0.5156499743461609], [-0.24056164920330048, 0.9388235807418823, 0.24645565450191498], [-0.4636135697364807, -0.33421212434768677, 0.8205880522727966]], [[0.9837939739227295, -0.17075136303901672, -0.05471247807145119], [0.1649792343378067, 0.981539785861969, -0.09675455838441849], [0.07022345066070557, 0.08616012334823608, 0.9938033819198608]], [[0.990123987197876, 0.1377677023410797, 0.025970885530114174], [-0.1315082162618637, 0.9768955111503601, -0.168465718626976], [-0.048579975962638855, 0.16338656842708588, 0.9853652715682983]], [[0.9658351540565491, 0.24305245280265808, -0.0899323970079422], [-0.22189432382583618, 0.9548507332801819, 0.19754256308078766], [0.1338852196931839, -0.17083808779716492, 0.9761603474617004]], [[0.9698765873908997, -0.23249928653240204, 0.07268685102462769], [0.2103780061006546, 0.9498836994171143, 0.2312185913324356], [-0.12280221283435822, -0.20896179974079132, 0.9701827168464661]]]], "pred_betas": [[-0.02744290418922901, 0.04729768633842468, 0.5069931149482727, 0.9151990413665771, -0.01941944658756256, 0.23065559566020966, -0.42942366003990173, 0.399311363697052, 0.6017634868621826, 0.14486251771450043]], "pred_camera": [1.2878793478012085, 0.23298557102680206, 0.40633586049079895]}