{"pred_joints_img": [[385.2813720703125, 143.85662841796875, -48.30994415283203], [386.0772399902344, 182.81761169433594, -13.403915405273438], [337.5716857910156, 198.64804077148438, -11.078826904296875], [277.2516174316406, 223.63583374023438, -7.826066493988037], [220.21502685546875, 223.56875610351562, -39.7876091003418], [428.9715881347656, 212.41134643554688, -2.404242515563965], [441.25750732421875, 276.7796936035156, 12.791131019592285], [437.255859375, 313.6287536621094, -39.3017578125], [376.1507263183594, 312.0907897949219, 7.043088436126709], [358.7898254394531, 334.7973327636719, 0.9587035179138184], [336.77752685546875, 368.3741149902344, -88.67335510253906], [306.9705505371094, 458.12384033203125, -49.37413024902344], [392.39501953125, 336.95758056640625, 8.652836799621582], [448.064697265625, 376.3866882324219, -58.59580612182617], [432.6228942871094, 465.4098205566406, -10.655835151672363], [378.76470947265625, 136.5245361328125, -35.645057678222656], [395.8766174316406, 137.1614532470703, -38.60929870605469], [371.2540588378906, 147.97579956054688, -12.215959548950195], [409.3094787597656, 149.35032653808594, -18.443172454833984], [457.2444763183594, 486.01580810546875, -50.12248611450195], [465.17364501953125, 484.970703125, -30.209060668945312], [426.882080078125, 470.1660461425781, 5.969038963317871], [306.3817138671875, 475.56390380859375, -97.74040985107422], [287.74041748046875, 470.946533203125, -85.71575164794922], [302.5281677246094, 466.9229736328125, -33.19916915893555], [306.9705505371094, 458.12384033203125, -49.37413024902344], [336.77752685546875, 368.3741149902344, -88.67335510253906], [340.90484619140625, 304.3434753417969, 5.868149280548096], [409.8826904296875, 306.8218688964844, 18.93049430847168], [448.064697265625, 376.3866882324219, -58.59580612182617], [432.6228942871094, 465.4098205566406, -10.655835151672363], [220.21502685546875, 223.56875610351562, -39.7876091003418], [277.2516174316406, 223.63583374023438, -7.826066493988037], [337.5716857910156, 198.64804077148438, -11.078826904296875], [428.9715881347656, 212.41134643554688, -2.404242515563965], [441.25750732421875, 276.7796936035156, 12.791131019592285], [437.255859375, 313.6287536621094, -39.3017578125], [386.3456726074219, 183.00050354003906, -14.238153457641602], [393.10406494140625, 113.93881225585938, -9.165291786193848], [374.39715576171875, 307.0372619628906, 17.06774139404297], [384.5347900390625, 198.32046508789062, -8.112591743469238], [378.218994140625, 243.62977600097656, 6.589942932128906], [389.1893005371094, 157.8274383544922, -32.40365219116211], [391.6247253417969, 130.40025329589844, -10.658585548400879], [385.2813720703125, 143.85662841796875, -48.30994415283203], [395.8766174316406, 137.1614532470703, -38.60929870605469], [378.76470947265625, 136.5245361328125, -35.645057678222656], [409.3094787597656, 149.35032653808594, -18.443172454833984], [371.2540588378906, 147.97579956054688, -12.215959548950195]], "pred_body_pose": [[2.96159291267395, 0.05246521160006523, 0.3105449080467224, -0.914310872554779, 0.03546920046210289, 0.4157719016075134, -0.9629844427108765, 0.04874447360634804, -0.37788912653923035, 0.5677695870399475, -0.05424676090478897, 0.04549213498830795, 1.5041717290878296, 0.009191629476845264, -0.16913746297359467, 1.4589612483978271, 0.09031917154788971, 0.1103815957903862, -0.0752401351928711, -0.028691716492176056, -0.03341737762093544, -0.19614626467227936, 0.10180658102035522, -0.05455648899078369, -0.18626806139945984, -0.11055996268987656, 0.11467502266168594, -0.011630004271864891, -0.015765726566314697, -0.02515934221446514, -0.27102527022361755, 0.05284275487065315, 0.1675349771976471, -0.18493255972862244, -0.042874932289123535, -0.28836557269096375, -0.36099785566329956, -0.2513825595378876, -0.03149774670600891, 0.03495071828365326, -0.10392868518829346, -0.3737407922744751, -0.04291929677128792, -0.01195082813501358, 0.15507462620735168, -0.11153635382652283, -0.04416349157691002, 0.08331430703401566, 0.1606799215078354, -0.2972645163536072, -0.8410956859588623, -0.23498475551605225, 0.016693731769919395, 0.29185596108436584, 0.1931418478488922, -1.0685322284698486, 0.23674237728118896, -0.4050866663455963, 0.5648455619812012, -0.2216833382844925, 0.1158083826303482, -0.06244458630681038, 0.216689795255661, 0.1618112176656723, 0.03244202956557274, -0.19226707518100739, -0.19803597033023834, -0.11183960735797882, -0.24015815556049347, -0.21875660121440887, 0.10003393143415451, 0.22657935321331024]], "pred_rotmat": [[[[0.9777839183807373, 0.017849473282694817, 0.20885412395000458], [0.05175283923745155, -0.9860795140266418, -0.15801501274108887], [0.20312631130218506, 0.16531331837177277, -0.9650964736938477]], [[0.9200238585472107, -0.3641239106655121, -0.14480988681316376], [0.33433350920677185, 0.5366392135620117, 0.7747512459754944], [-0.20439478754997253, -0.7612044215202332, 0.615459680557251]], [[0.9336719512939453, 0.2924257218837738, 0.20674575865268707], [-0.3353177011013031, 0.5110756158828735, 0.7914314866065979], [0.12577220797538757, -0.8082629442214966, 0.5752325057983398]], [[0.997561514377594, -0.05803455039858818, -0.03876897320151329], [0.028066027909517288, 0.8421615362167358, -0.5384944677352905], [0.06390102207660675, 0.5360932350158691, 0.8417367339134216]], [[0.9881923198699951, 0.1172468513250351, -0.09863629937171936], [-0.10586731880903244, 0.057120852172374725, -0.9927383065223694], [-0.11076124757528305, 0.9914587140083313, 0.06885899603366852]], [[0.9915249347686768, -0.019984010607004166, 0.1283702254295349], [0.1297859102487564, 0.10808687657117844, -0.9856332540512085], [0.005821767263114452, 0.9939405918121338, 0.1097644791007042]], [[0.9990307092666626, 0.03445376828312874, -0.027399014681577682], [-0.032296355813741684, 0.9966132044792175, 0.07562395930290222], [0.02991175279021263, -0.07466576248407364, 0.9967599511146545]], [[0.9933582544326782, 0.044145118445158005, 0.10625715553760529], [-0.06402803957462311, 0.9793644547462463, 0.19169166684150696], [-0.09560222178697586, -0.19722193479537964, 0.9756863117218018]], [[0.9873764514923096, -0.10328492522239685, -0.12008319795131683], [0.12377583980560303, 0.9761964678764343, 0.17810124158859253], [0.09882961213588715, -0.19071637094020844, 0.9766575694084167]], [[0.9995593428611755, 0.025246741250157356, -0.015616764314472675], [-0.025063415989279747, 0.9996159076690674, 0.011826343834400177], [0.015909343957901, -0.011429721489548683, 0.9998081922531128]], [[0.9847034811973572, -0.1717362403869629, 0.02942238561809063], [0.15753859281539917, 0.9496784210205078, 0.27072596549987793], [-0.0744352638721466, -0.26194965839385986, 0.9622067213058472]], [[0.9579240083694458, 0.2865963876247406, -0.015627969056367874], [-0.2787458300590515, 0.9419031143188477, 0.18740129470825195], [0.06842856109142303, -0.17515994608402252, 0.9821591377258301]], [[0.9684242010116577, 0.07513013482093811, -0.23771850764751434], [0.014157022349536419, 0.9354014992713928, 0.3533037602901459], [0.24890601634979248, -0.3455132842063904, 0.9048018455505371]], [[0.9257047176361084, 0.3625691533088684, -0.10776989907026291], [-0.36615586280822754, 0.9304342865943909, -0.014896788634359837], [0.09487169235944748, 0.05325060710310936, 0.994064211845398]], [[0.9879307150840759, -0.1541467308998108, -0.015219676308333874], [0.15465854108333588, 0.9870829582214355, 0.04180869460105896], [0.008578409440815449, -0.043657947331666946, 0.9990096688270569]], [[0.9955620169639587, -0.0805598646402359, -0.048644669353961945], [0.08547695726156235, 0.9903264045715332, 0.10930376499891281], [0.03936860337853432, -0.11297667771577835, 0.9928173422813416]], [[0.6286047697067261, 0.7082668542861938, -0.3212694823741913], [-0.7528492212295532, 0.6577953100204468, -0.02287783846259117], [0.19512596726417542, 0.2562485933303833, 0.9467114210128784]], [[0.9577692747116089, -0.28699958324432373, -0.017585664987564087], [0.28312253952026367, 0.9306202530860901, 0.23192158341407776], [-0.05019581317901611, -0.2271062731742859, 0.9725755453109741]], [[0.46025609970092773, -0.2839271128177643, -0.8411597013473511], [0.0979350283741951, 0.9579352140426636, -0.26975685358047485], [0.8823678493499756, 0.04177824407815933, 0.46870192885398865]], [[0.8239255547523499, 0.09311339259147644, 0.5589960813522339], [-0.31195375323295593, 0.8980268836021423, 0.3102138042449951], [-0.4731084704399109, -0.4299739599227905, 0.7689543962478638]], [[0.9747090339660645, -0.2179727703332901, -0.049297694116830826], [0.2107798308134079, 0.9699782729148865, -0.12130133807659149], [0.07425808161497116, 0.10784254223108292, 0.9913908243179321]], [[0.9810919165611267, 0.19282707571983337, 0.016623565927147865], [-0.187605619430542, 0.9685938358306885, -0.1631874442100525], [-0.047568440437316895, 0.15698321163654327, 0.9864550232887268]], [[0.9652267098426819, 0.24677661061286926, -0.0862475112080574], [-0.2248295545578003, 0.9519929885864258, 0.20775234699249268], [0.13337545096874237, -0.18113714456558228, 0.9743717312812805]], [[0.9696056246757507, -0.2333204299211502, 0.0736650750041008], [0.2116357535123825, 0.9508533477783203, 0.2260269969701767], [-0.12278139591217041, -0.20356687903404236, 0.9713317155838013]]]], "pred_betas": [[-0.0075261835008859634, 0.06770237535238266, 0.5792133808135986, 0.8933495283126831, 0.10982377082109451, 0.27247345447540283, -0.3746106028556824, 0.38489797711372375, 0.606814980506897, 0.031953878700733185]], "pred_camera": [1.2899259328842163, 0.20790988206863403, 0.41218301653862]}