{"pred_joints_img": [[391.1895751953125, 147.30967712402344, -58.66102600097656], [388.2835693359375, 185.86602783203125, -22.485490798950195], [339.4228210449219, 208.22122192382812, -22.04252052307129], [294.902587890625, 256.4538269042969, -17.984466552734375], [256.0032958984375, 299.1844482421875, -49.449214935302734], [433.01324462890625, 213.53358459472656, -10.087607383728027], [444.58782958984375, 278.78289794921875, 3.326664924621582], [437.0680236816406, 314.83966064453125, -49.522132873535156], [380.625244140625, 314.1656799316406, 7.357547760009766], [362.7972412109375, 337.17279052734375, 3.0203351974487305], [336.7598876953125, 374.3235168457031, -84.4911880493164], [307.0847473144531, 458.4162902832031, -32.90431594848633], [397.0677185058594, 339.1352844238281, 9.005301475524902], [444.5582275390625, 372.8174743652344, -67.44966125488281], [428.971435546875, 462.19769287109375, -19.006874084472656], [383.49908447265625, 139.60763549804688, -46.78414535522461], [400.94287109375, 140.60665893554688, -47.877166748046875], [373.0534362792969, 150.5177001953125, -23.905710220336914], [412.0888671875, 152.66712951660156, -26.07483673095703], [448.3233642578125, 482.9678955078125, -61.9174690246582], [458.6869812011719, 482.34112548828125, -42.83924102783203], [424.7413330078125, 467.0015563964844, -2.0374321937561035], [305.2359924316406, 480.6080322265625, -79.79405975341797], [286.751953125, 474.086669921875, -67.95846557617188], [302.9146423339844, 465.33416748046875, -15.767878532409668], [307.0847473144531, 458.4162902832031, -32.90431594848633], [336.7598876953125, 374.3235168457031, -84.4911880493164], [344.8638000488281, 306.2279357910156, 7.862008571624756], [415.64227294921875, 308.78009033203125, 17.938011169433594], [444.5582275390625, 372.8174743652344, -67.44966125488281], [428.971435546875, 462.19769287109375, -19.006874084472656], [256.0032958984375, 299.1844482421875, -49.449214935302734], [294.902587890625, 256.4538269042969, -17.984466552734375], [339.4228210449219, 208.22122192382812, -22.04252052307129], [433.01324462890625, 213.53358459472656, -10.087607383728027], [444.58782958984375, 278.78289794921875, 3.326664924621582], [437.0680236816406, 314.83966064453125, -49.522132873535156], [388.8376770019531, 186.40774536132812, -23.542572021484375], [395.5118408203125, 116.48478698730469, -19.330717086791992], [379.4668273925781, 308.80963134765625, 17.788673400878906], [387.0980529785156, 202.95831298828125, -17.390748977661133], [382.6261291503906, 246.23953247070312, 2.4732134342193604], [393.147216796875, 161.33984375, -41.921363830566406], [393.86749267578125, 133.0404815673828, -20.599672317504883], [391.1895751953125, 147.30967712402344, -58.66102600097656], [400.94287109375, 140.60665893554688, -47.877166748046875], [383.49908447265625, 139.60763549804688, -46.78414535522461], [412.0888671875, 152.66712951660156, -26.07483673095703], [373.0534362792969, 150.5177001953125, -23.905710220336914]], "pred_body_pose": [[3.0142276287078857, 0.0566188246011734, 0.23581551015377045, -1.04013192653656, -0.003631137777119875, 0.3694571554660797, -0.9670202732086182, 0.0699213296175003, -0.38013750314712524, 0.6057889461517334, -0.029866445809602737, 0.045576311647892, 1.5838295221328735, 0.0397489070892334, -0.2079395353794098, 1.5350563526153564, 0.11713582277297974, 0.1280185729265213, -0.07459383457899094, 0.004206652753055096, -0.017353776842355728, -0.21476846933364868, 0.08397698402404785, -0.03771135210990906, -0.212179496884346, -0.09070521593093872, 0.0874771699309349, -0.02704012393951416, 0.010404462926089764, -0.015369328670203686, -0.2577713429927826, 0.07516836374998093, 0.16773730516433716, -0.20937834680080414, -0.06459685415029526, -0.26573479175567627, -0.40937289595603943, -0.16178764402866364, -0.057878222316503525, 0.029916157945990562, -0.1805313676595688, -0.3638307750225067, 0.02383679710328579, 0.1281929463148117, 0.27633535861968994, -0.12711390852928162, -0.0480959452688694, 0.03494485467672348, 0.141500324010849, -0.37975627183914185, -0.8736943006515503, -0.08575574308633804, 0.12634380161762238, 0.5360347032546997, 0.19733409583568573, -1.0572010278701782, 0.2676233649253845, -0.14941422641277313, 0.4715380370616913, -0.11766653507947922, 0.13520561158657074, -0.06517229229211807, 0.2086830586194992, 0.18371601402759552, 0.03682006150484085, -0.15455034375190735, -0.18266168236732483, -0.11185548454523087, -0.22511500120162964, -0.21728254854679108, 0.09210802614688873, 0.20451197028160095]], "pred_rotmat": [[[[0.9871808290481567, 0.028045639395713806, 0.15712206065654755], [0.04634862393140793, -0.9923915266990662, -0.11406561732292175], [0.15272754430770874, 0.11988579481840134, -0.9809697866439819]], [[0.9383988976478577, -0.2971692979335785, -0.17634621262550354], [0.30057793855667114, 0.4502074718475342, 0.8408128619194031], [-0.17047137022018433, -0.8420235514640808, 0.5117967128753662]], [[0.9318147301673889, 0.2841968536376953, 0.22572875022888184], [-0.3459179997444153, 0.5072406530380249, 0.789333701133728], [0.10982736200094223, -0.8135964274406433, 0.5709631443023682]], [[0.9985606074333191, -0.05158858373761177, -0.014674263074994087], [0.03404677286744118, 0.8210904598236084, -0.5697817802429199], [0.04144313186407089, 0.5684620141983032, 0.8216649889945984]], [[0.9819709658622742, 0.15540863573551178, -0.10761578381061554], [-0.1047591120004654, -0.02648043818771839, -0.9941449165344238], [-0.15734843909740448, 0.9874952435493469, -0.009722551330924034]], [[0.9877110123634338, -0.009452537633478642, 0.15600547194480896], [0.1562294065952301, 0.03156109154224396, -0.9872164726257324], [0.004407994449138641, 0.9994571208953857, 0.03265000134706497]], [[0.9998406171798706, 0.0171799436211586, 0.00484945485368371], [-0.017493588849902153, 0.9970687627792358, 0.07448423653841019], [-0.003555604023858905, -0.07455720752477646, 0.9972103834152222]], [[0.9957820773124695, 0.028392262756824493, 0.08724609762430191], [-0.04634597525000572, 0.9763341546058655, 0.2112431824207306], [-0.0791836678981781, -0.2143956869840622, 0.9735319018363953]], [[0.9921002984046936, -0.07701780647039413, -0.09902077913284302], [0.09616614878177643, 0.9737971425056458, 0.2060851901769638], [0.08055391907691956, -0.21397964656352997, 0.9735109210014343]], [[0.9998277425765991, 0.015225921757519245, 0.010610372759401798], [-0.015507223084568977, 0.9995163083076477, 0.02695532701909542], [-0.01019482221454382, -0.027115223929286003, 0.9995802640914917]], [[0.9832476377487183, -0.1745566725730896, 0.05247996747493744], [0.1553417146205902, 0.9531027674674988, 0.2597385048866272], [-0.09535787999629974, -0.24723491072654724, 0.9642519950866699]], [[0.9629742503166199, 0.2672080099582672, -0.0357816182076931], [-0.25381600856781006, 0.9433363080024719, 0.21376146376132965], [0.0908728837966919, -0.19676487147808075, 0.976230263710022]], [[0.9854783415794373, 0.08857082575559616, -0.14487121999263763], [-0.023420119658112526, 0.9159266948699951, 0.40066179633140564], [0.16817834973335266, -0.3914506137371063, 0.9047002792358398]], [[0.9186515212059021, 0.3511931002140045, -0.18094952404499054], [-0.3565196394920349, 0.9342820644378662, 0.0032940013334155083], [0.1702146977186203, 0.06148602068424225, 0.9834868907928467]], [[0.953962504863739, -0.2705394923686981, 0.1294754445552826], [0.27357152104377747, 0.9618335962295532, -0.00589286582544446], [-0.1229395866394043, 0.04104236513376236, 0.9915651082992554]], [[0.9982357621192932, -0.03177846223115921, -0.05015559121966362], [0.037882089614868164, 0.9913247227668762, 0.1258581429719925], [0.0457209013402462, -0.1275360882282257, 0.9907796382904053]], [[0.580231249332428, 0.7198978662490845, -0.3808920383453369], [-0.7696061730384827, 0.6376736164093018, 0.03284468874335289], [0.2665295898914337, 0.2740793228149414, 0.9240360260009766]], [[0.852237343788147, -0.5139880180358887, 0.09750805050134659], [0.5034309029579163, 0.8564314246177673, 0.11437895148992538], [-0.1422983705997467, -0.04838944599032402, 0.988640308380127]], [[0.4637778699398041, -0.31016892194747925, -0.8298826813697815], [0.12204486131668091, 0.9501500725746155, -0.2869144082069397], [0.8775050044059753, 0.031781647354364395, 0.47851309180259705]], [[0.8844255805015564, 0.0781869888305664, 0.4600850045681], [-0.14713671803474426, 0.9823012948036194, 0.1159096360206604], [-0.44287943840026855, -0.17020882666110992, 0.8802765607833862]], [[0.9762332439422607, -0.21077406406402588, -0.050426874309778214], [0.20201079547405243, 0.969255268573761, -0.14048434793949127], [0.07848697155714035, 0.1269587278366089, 0.9887978434562683]], [[0.9874411225318909, 0.1564008742570877, 0.022332072257995605], [-0.14966963231563568, 0.971322774887085, -0.18474631011486053], [-0.05058613047003746, 0.1790836900472641, 0.9825325012207031]], [[0.9686591625213623, 0.23164373636245728, -0.08966909348964691], [-0.211375892162323, 0.9583159685134888, 0.19222557544708252], [0.13045917451381683, -0.16724719107151031, 0.9772454500198364]], [[0.9750491976737976, -0.2111297994852066, 0.0685797706246376], [0.19127842783927917, 0.955842137336731, 0.22311043739318848], [-0.11265670508146286, -0.2044258415699005, 0.9723776578903198]]]], "pred_betas": [[0.12922550737857819, -0.0736774206161499, 0.5924584865570068, 0.9827361702919006, 0.11321117728948593, 0.12194094061851501, -0.43457505106925964, 0.39933499693870544, 0.5134366154670715, 0.04615821689367294]], "pred_camera": [1.2776097059249878, 0.18363381922245026, 0.4126921594142914]}