{"pred_joints_img": [[381.553466796875, 144.26583862304688, -46.25360107421875], [385.3916320800781, 183.3333282470703, -11.289972305297852], [338.24755859375, 208.11697387695312, -9.737457275390625], [318.8082580566406, 270.7773132324219, -7.4342265129089355], [313.3810119628906, 316.3863525390625, -54.54462432861328], [429.847412109375, 212.345947265625, -9.076715469360352], [438.70867919921875, 279.5017395019531, -8.04132080078125], [427.39996337890625, 316.11395263671875, -59.7429313659668], [379.5782165527344, 314.0658874511719, 6.508212566375732], [362.22509765625, 336.93951416015625, 1.5302330255508423], [333.31317138671875, 380.0015563964844, -83.39838409423828], [315.9482421875, 461.24078369140625, -22.044601440429688], [395.8794250488281, 338.8794860839844, 5.937109470367432], [444.218017578125, 365.80291748046875, -73.80150604248047], [427.9583435058594, 461.29925537109375, -38.17229461669922], [375.8023376464844, 136.68711853027344, -33.22068405151367], [392.8387145996094, 137.01373291015625, -37.5372428894043], [370.3893127441406, 147.72422790527344, -9.027650833129883], [408.07672119140625, 148.4701385498047, -18.084806442260742], [447.644775390625, 478.7043762207031, -82.14546966552734], [457.0606689453125, 480.61846923828125, -62.95874786376953], [423.1728820800781, 467.49615478515625, -22.13574981689453], [311.996337890625, 487.562744140625, -66.34828186035156], [294.7802429199219, 482.0423583984375, -52.990840911865234], [313.44525146484375, 466.05609130859375, -4.289398193359375], [315.9482421875, 461.24078369140625, -22.044601440429688], [333.31317138671875, 380.0015563964844, -83.39838409423828], [344.9254150390625, 306.4675598144531, 8.22192668914795], [413.3983154296875, 309.0850830078125, 15.625910758972168], [444.218017578125, 365.80291748046875, -73.80150604248047], [427.9583435058594, 461.29925537109375, -38.17229461669922], [313.3810119628906, 316.3863525390625, -54.54462432861328], [318.8082580566406, 270.7773132324219, -7.4342265129089355], [338.24755859375, 208.11697387695312, -9.737457275390625], [429.847412109375, 212.345947265625, -9.076715469360352], [438.70867919921875, 279.5017395019531, -8.04132080078125], [427.39996337890625, 316.11395263671875, -59.7429313659668], [385.7343444824219, 184.07345581054688, -13.017213821411133], [391.724853515625, 113.01754760742188, -8.357508659362793], [378.6269226074219, 309.35516357421875, 16.62845802307129], [384.8646545410156, 202.00021362304688, -9.157651901245117], [382.00469970703125, 245.53126525878906, 8.076122283935547], [387.07647705078125, 157.8964080810547, -30.302230834960938], [390.4501953125, 129.64036560058594, -9.365976333618164], [381.553466796875, 144.26583862304688, -46.25360107421875], [392.8387145996094, 137.01373291015625, -37.5372428894043], [375.8023376464844, 136.68711853027344, -33.22068405151367], [408.07672119140625, 148.4701385498047, -18.084806442260742], [370.3893127441406, 147.72422790527344, -9.027650833129883]], "pred_body_pose": [[2.936058282852173, 0.049315400421619415, 0.16704249382019043, -1.0305728912353516, 0.03285669535398483, 0.39185428619384766, -0.8375323414802551, 0.043854933232069016, -0.3256363272666931, 0.571026086807251, -0.020935766398906708, 0.019079085439443588, 1.5390812158584595, 0.0873623788356781, -0.20628061890602112, 1.5883281230926514, 0.06082421913743019, 0.11915400624275208, -0.04378167539834976, -0.04078662395477295, 0.008938005194067955, -0.1581038385629654, 0.06858430057764053, -0.07929155975580215, -0.19268515706062317, -0.03290047124028206, 0.03903781622648239, -0.04388044774532318, -0.01740022376179695, -0.0009651616564951837, -0.2731102705001831, 0.08276206254959106, 0.20008531212806702, -0.2555203139781952, -0.12337976694107056, -0.16989488899707794, -0.3585335612297058, -0.15495027601718903, -0.037313062697649, 0.051453668624162674, -0.2606809139251709, -0.37484297156333923, 0.02642863243818283, 0.22060415148735046, 0.34258222579956055, -0.06752306967973709, -0.11394140869379044, 0.03635633736848831, 0.09049321711063385, -0.4174292981624603, -0.8781344294548035, 0.04794842749834061, 0.29671305418014526, 0.859044075012207, 0.1483030468225479, -0.8649930953979492, 0.24904818832874298, 0.008613440208137035, 0.7540279030799866, -0.19840462505817413, 0.19968217611312866, -0.0335528701543808, 0.17459632456302643, 0.11502714455127716, 0.02510395087301731, -0.1403304934501648, -0.2211306393146515, -0.11308319866657257, -0.24658270180225372, -0.19043563306331635, 0.10911381244659424, 0.21975162625312805]], "pred_rotmat": [[[[0.9930568337440491, 0.02183634601533413, 0.11559081077575684], [0.04444415867328644, -0.9794358015060425, -0.19680005311965942], [0.10891637951135635, 0.2005709856748581, -0.9736059308052063]], [[0.9302133321762085, -0.3323706388473511, -0.1556692272424698], [0.30180642008781433, 0.45136669278144836, 0.8397505283355713], [-0.20884451270103455, -0.8281291127204895, 0.5201789140701294]], [[0.9495631456375122, 0.2662915885448456, 0.16558559238910675], [-0.30060991644859314, 0.6227596998214722, 0.7223599553108215], [0.08923837542533875, -0.7357031106948853, 0.6713995337486267]], [[0.999609649181366, -0.02387291006743908, -0.01451315451413393], [0.012240160256624222, 0.8411803841590881, -0.5406160354614258], [0.025114260613918304, 0.5402273535728455, 0.8411442637443542]], [[0.9795753955841064, 0.18733863532543182, -0.07304989546537399], [-0.07789122313261032, 0.018602915108203888, -0.9967882633209229], [-0.18537800014019012, 0.9821192026138306, 0.03281499445438385]], [[0.9927926063537598, -0.03582862392067909, 0.11436392366886139], [0.11363892257213593, -0.021663935855031013, -0.9932858347892761], [0.03806564211845398, 0.9991230964660645, -0.01743626967072487]], [[0.9991285800933838, -0.008039969019591808, -0.04095734655857086], [0.009825137443840504, 0.9990019798278809, 0.04357274994254112], [0.04056614264845848, -0.043937187641859055, 0.9982104301452637]], [[0.9945210218429565, 0.07341135293245316, 0.07442304491996765], [-0.08422230184078217, 0.9844048619270325, 0.1544463038444519], [-0.06192430108785629, -0.15986816585063934, 0.985194206237793]], [[0.9987010955810547, -0.03562057763338089, -0.03643159195780754], [0.04193904623389244, 0.9807381629943848, 0.19077160954475403], [0.028934458270668983, -0.1920517385005951, 0.9809581637382507]], [[0.9998481869697571, 0.0013464969815686345, -0.01737258955836296], [-0.000583109213039279, 0.999036967754364, 0.043872542679309845], [0.017414933070540428, -0.04385574907064438, 0.9988861083984375]], [[0.9767945408821106, -0.20724664628505707, 0.05404943227767944], [0.1848713606595993, 0.9432660937309265, 0.27581071853637695], [-0.10814385116100311, -0.25941818952560425, 0.9596911668777466]], [[0.9781567454338074, 0.18243449926376343, -0.09963420033454895], [-0.15119479596614838, 0.9533501267433167, 0.2612732946872711], [0.1426515430212021, -0.24050208926200867, 0.9601089954376221]], [[0.9874611496925354, 0.06378591805696487, -0.144401416182518], [-0.00894012488424778, 0.9358599185943604, 0.35225874185562134], [0.15760865807533264, -0.3465508818626404, 0.9246955513954163]], [[0.8975899815559387, 0.3552033603191376, -0.261080265045166], [-0.3683820366859436, 0.9296730160713196, -0.0016585817793384194], [0.24213014543056488, 0.09766600281000137, 0.9653156995773315]], [[0.9181326627731323, -0.3302667737007141, 0.21898935735225677], [0.3360164761543274, 0.9417850971221924, 0.01156508270651102], [-0.2100604772567749, 0.0629657506942749, 0.9756587147712708]], [[0.9928590059280396, -0.032401349395513535, -0.11480903625488281], [0.040082938969135284, 0.9970639944076538, 0.06524298340082169], [0.11235800385475159, -0.06937896460294724, 0.9912427067756653]], [[0.5637035369873047, 0.7276473641395569, -0.39085498452186584], [-0.762514054775238, 0.64034104347229, 0.09238885343074799], [0.3175069987773895, 0.24595247209072113, 0.915803849697113]], [[0.6147336959838867, -0.7386336326599121, 0.27662742137908936], [0.7519052028656006, 0.6547250151634216, 0.07728932797908783], [-0.23820339143276215, 0.16048528254032135, 0.9578640460968018]], [[0.6222091317176819, -0.27572697401046753, -0.7326871752738953], [0.1560993641614914, 0.9608244299888611, -0.22901834547519684], [0.7671303153038025, 0.028125304728746414, 0.6408745646476746]], [[0.7111306190490723, 0.18198826909065247, 0.6790975332260132], [-0.17581599950790405, 0.9812597036361694, -0.07885414361953735], [-0.6807217001914978, -0.06332060694694519, 0.729800283908844]], [[0.9842891097068787, -0.1758536994457245, -0.015826264396309853], [0.1691935658454895, 0.9650306701660156, -0.20022335648536682], [0.05048283934593201, 0.19439996778964996, 0.979622483253479]], [[0.9898669719696045, 0.140986829996109, 0.01691543310880661], [-0.13810725510120392, 0.9835841059684753, -0.11614147573709488], [-0.03301216661930084, 0.11262845993041992, 0.9930887222290039]], [[0.9635786414146423, 0.2539554834365845, -0.08380237221717834], [-0.22920352220535278, 0.9457067251205444, 0.23044432699680328], [0.13777506351470947, -0.20284342765808105, 0.9694702625274658]], [[0.9701429009437561, -0.22654198110103607, 0.08661141991615295], [0.20592933893203735, 0.9580605030059814, 0.19928161799907684], [-0.1281246393918991, -0.17549580335617065, 0.9761072397232056]]]], "pred_betas": [[-0.1826266497373581, 0.4053051173686981, 0.7068142890930176, 1.049291968345642, -0.16435183584690094, 0.35101062059402466, -0.41954320669174194, 0.31125757098197937, 0.6893914937973022, 0.17283593118190765]], "pred_camera": [1.260561227798462, 0.039730221033096313, 0.3887071907520294]}