{"pred_joints_img": [[383.3899230957031, 144.59732055664062, -49.501853942871094], [384.0408020019531, 183.36392211914062, -15.281722068786621], [336.6085205078125, 197.27835083007812, -16.873714447021484], [283.46136474609375, 212.078369140625, -50.69873809814453], [278.9427185058594, 156.08399963378906, -82.86145782470703], [425.65301513671875, 213.11312866210938, -4.611674785614014], [437.1843566894531, 276.42474365234375, 12.35594367980957], [443.1349182128906, 322.4670715332031, -30.582740783691406], [372.9935302734375, 310.3639221191406, 6.822486877441406], [356.1839904785156, 333.2402648925781, 1.4895046949386597], [334.9937744140625, 379.158447265625, -81.39639282226562], [312.0416259765625, 464.58856201171875, -32.23527526855469], [389.4260559082031, 334.64501953125, 9.16357135772705], [443.1202087402344, 373.64410400390625, -58.45131301879883], [427.9202880859375, 462.1426086425781, -12.01254940032959], [378.0715026855469, 136.9747314453125, -36.77580261230469], [394.7350769042969, 138.6185302734375, -40.600624084472656], [371.2521057128906, 147.81573486328125, -13.107221603393555], [408.4333801269531, 151.35357666015625, -21.26349449157715], [450.5912170410156, 482.5362548828125, -52.030147552490234], [459.46978759765625, 481.2704162597656, -32.78614807128906], [422.5799255371094, 467.1148376464844, 4.4616546630859375], [312.2493896484375, 486.46710205078125, -78.14933776855469], [293.8775329589844, 482.098388671875, -66.30586242675781], [308.3203430175781, 471.81390380859375, -15.369606971740723], [312.0416259765625, 464.58856201171875, -32.23527526855469], [334.9937744140625, 379.158447265625, -81.39639282226562], [338.1673583984375, 303.2052307128906, 4.885092258453369], [406.03009033203125, 304.60015869140625, 18.375431060791016], [443.1202087402344, 373.64410400390625, -58.45131301879883], [427.9202880859375, 462.1426086425781, -12.01254940032959], [278.9427185058594, 156.08399963378906, -82.86145782470703], [283.46136474609375, 212.078369140625, -50.69873809814453], [336.6085205078125, 197.27835083007812, -16.873714447021484], [425.65301513671875, 213.11312866210938, -4.611674785614014], [437.1843566894531, 276.42474365234375, 12.35594367980957], [443.1349182128906, 322.4670715332031, -30.582740783691406], [384.2319030761719, 183.48745727539062, -15.972259521484375], [394.7890625, 115.45237731933594, -11.677700996398926], [371.1351623535156, 305.1490478515625, 16.351543426513672], [382.3945007324219, 198.431396484375, -11.17557144165039], [375.1954650878906, 242.8372344970703, 3.609266519546509], [387.34423828125, 158.67095947265625, -33.93376541137695], [392.2909240722656, 131.63693237304688, -12.913885116577148], [383.3899230957031, 144.59732055664062, -49.501853942871094], [394.7350769042969, 138.6185302734375, -40.600624084472656], [378.0715026855469, 136.9747314453125, -36.77580261230469], [408.4333801269531, 151.35357666015625, -21.26349449157715], [371.2521057128906, 147.81573486328125, -13.107221603393555]], "pred_body_pose": [[2.987245798110962, 0.024839434772729874, 0.3130376636981964, -0.9393253326416016, 0.03403056040406227, 0.38488587737083435, -0.8610684275627136, 0.019871551543474197, -0.3325023651123047, 0.5730260014533997, -0.03239087387919426, 0.02630145102739334, 1.4978395700454712, 0.03120396099984646, -0.16676408052444458, 1.4375436305999756, 0.07618939131498337, 0.11614483594894409, -0.0788784995675087, -0.04051605239510536, -0.0324430987238884, -0.20473730564117432, 0.0742243155837059, -0.06929159164428711, -0.19807657599449158, -0.08900044113397598, 0.1044982373714447, -0.0369807593524456, -0.011993590742349625, -0.04342656955122948, -0.23346975445747375, 0.03989499434828758, 0.2239581197500229, -0.202850341796875, -0.08749787509441376, -0.26003336906433105, -0.3706035017967224, -0.2760217785835266, -0.01695386692881584, 0.015449128113687038, -0.15422408282756805, -0.35490986704826355, -0.16909755766391754, 0.11768936365842819, 0.0812353640794754, -0.09202991425991058, -0.08807364106178284, 0.019285762682557106, 0.14424346387386322, -0.21324869990348816, -0.8577678799629211, -0.46636757254600525, 0.3704347312450409, 0.18814688920974731, 0.0902196615934372, -0.861178994178772, 0.22342513501644135, -0.6119812726974487, 1.2731047868728638, -0.6101354956626892, 0.06996720284223557, -0.05203477665781975, 0.19194094836711884, 0.09399545937776566, 0.06855164468288422, -0.28721773624420166, -0.1761254519224167, -0.11485962569713593, -0.24330194294452667, -0.17425666749477386, 0.09860941767692566, 0.23705506324768066]], "pred_rotmat": [[[[0.9782446026802063, 0.0020457939244806767, 0.20744505524635315], [0.03069521114230156, -0.9903725385665894, -0.1349819004535675], [0.20517171919345856, 0.13841286301612854, -0.9688894152641296]], [[0.9315531253814697, -0.33669549226760864, -0.13727697730064392], [0.30738499760627747, 0.5275641679763794, 0.7919537425041199], [-0.19422481954097748, -0.7799438238143921, 0.5949491858482361]], [[0.9483539462089539, 0.27927348017692566, 0.15043601393699646], [-0.2952028512954712, 0.6034147143363953, 0.7407739162445068], [0.11610321700572968, -0.7469250559806824, 0.654693067073822]], [[0.9991532564163208, -0.03390603885054588, -0.02330734021961689], [0.015850218012928963, 0.8399509787559509, -0.5424306392669678], [0.037968702614307404, 0.5416018962860107, 0.8397771716117859]], [[0.988135039806366, 0.12967287003993988, -0.08230503648519516], [-0.09114088118076324, 0.06373781710863113, -0.993796169757843], [-0.12362246960401535, 0.9895061254501343, 0.07480006664991379]], [[0.9919173121452332, -0.03389452397823334, 0.1222752183675766], [0.12565794587135315, 0.12865155935287476, -0.9836965203285217], [0.017611028626561165, 0.9911104440689087, 0.1318708211183548]], [[0.9986538887023926, 0.03399164229631424, -0.039177291095256805], [-0.030798176303505898, 0.996365487575531, 0.07941807806491852], [0.04173445329070091, -0.07810459285974503, 0.9960711598396301]], [[0.9948670864105225, 0.0611247718334198, 0.08064237236976624], [-0.07625523209571838, 0.976742148399353, 0.20039939880371094], [-0.0665174350142479, -0.2055201679468155, 0.9763897061347961]], [[0.9906249642372131, -0.09471782296895981, -0.09844080358743668], [0.1122615784406662, 0.9750440716743469, 0.19153714179992676], [0.07784213125705719, -0.2007926106452942, 0.9765361547470093]], [[0.9989854693412781, 0.04362369328737259, -0.011184054426848888], [-0.04318028688430786, 0.9983737468719482, 0.037220172584056854], [0.012789547443389893, -0.036699481308460236, 0.9992445707321167]], [[0.9743537902832031, -0.2246289849281311, 0.013279172591865063], [0.2153969258069992, 0.9481291174888611, 0.2337850034236908], [-0.06510526686906815, -0.2249290496110916, 0.9721975922584534]], [[0.9627271890640259, 0.2638058364391327, -0.05969090759754181], [-0.2462283968925476, 0.9461427330970764, 0.21020342409610748], [0.11192900687456131, -0.18767091631889343, 0.9758338332176208]], [[0.9624387621879578, 0.06659851968288422, -0.26320379972457886], [0.03388630598783493, 0.9324003458023071, 0.3598351776599884], [0.2693758010864258, -0.35523831844329834, 0.8951214551925659]], [[0.9260581731796265, 0.3449278771877289, -0.15310510993003845], [-0.3472808301448822, 0.9376848936080933, 0.01196164358407259], [0.14769025146961212, 0.042093295603990555, 0.9881376028060913]], [[0.9898166656494141, -0.09048286080360413, 0.10988940298557281], [0.07066309452056885, 0.982475221157074, 0.172479510307312], [-0.12357006222009659, -0.16295799612998962, 0.9788641333580017]], [[0.995941162109375, -0.01518535427749157, -0.08871640264987946], [0.02327955700457096, 0.9955853223800659, 0.09092743694782257], [0.08694399893283844, -0.09262365102767944, 0.9918979406356812]], [[0.634799599647522, 0.7332385778427124, -0.243702232837677], [-0.7619965672492981, 0.646331250667572, -0.040213245898485184], [0.12802648544311523, 0.21122761070728302, 0.9690161347389221]], [[0.9164591431617737, -0.25975745916366577, 0.3043496310710907], [0.09254255890846252, 0.8776088356971741, 0.4703601896762848], [-0.38927945494651794, -0.4029006063938141, 0.8283312916755676]], [[0.629907488822937, -0.2311418354511261, -0.7414782643318176], [0.15848815441131592, 0.9728545546531677, -0.16862866282463074], [0.7603275775909424, -0.011295057833194733, 0.6494415998458862]], [[0.18520581722259521, 0.07780882716178894, 0.9796145558357239], [-0.7148383855819702, 0.6947022080421448, 0.07996845990419388], [-0.6743181347846985, -0.7150766849517822, 0.18428362905979156]], [[0.9802986979484558, -0.19233596324920654, -0.04496023431420326], [0.18870867788791656, 0.979208767414093, -0.07442542165517807], [0.05834013968706131, 0.06447474658489227, 0.9962125420570374]], [[0.9567510485649109, 0.2858390212059021, 0.05406884476542473], [-0.2794468402862549, 0.9546996355056763, -0.1022643893957138], [-0.08085066080093384, 0.0827322006225586, 0.993286669254303]], [[0.9641165137290955, 0.24915829300880432, -0.09164842963218689], [-0.22910232841968536, 0.9552794098854065, 0.1869584023952484], [0.13413208723068237, -0.1592528373003006, 0.9780833721160889]], [[0.9673041105270386, -0.24179217219352722, 0.07654557377099991], [0.2247462272644043, 0.9570659399032593, 0.1830681711435318], [-0.11752360314130783, -0.15987928211688995, 0.9801157116889954]]]], "pred_betas": [[0.022909127175807953, 0.11711965501308441, 0.5600614547729492, 0.8605024218559265, 0.2613283097743988, 0.23268170654773712, -0.30264797806739807, 0.35844823718070984, 0.6576127409934998, -0.13685905933380127]], "pred_camera": [1.2721220254898071, 0.07761988788843155, 0.3994883894920349]}