{"pred_joints_img": [[382.3323059082031, 145.25674438476562, -45.004783630371094], [382.9967346191406, 182.97532653808594, -9.73949146270752], [335.3847961425781, 194.41262817382812, -9.427764892578125], [278.44964599609375, 203.61148071289062, -38.75176239013672], [286.9271240234375, 144.3710479736328, -63.45452117919922], [423.7965087890625, 214.06741333007812, -0.30311456322669983], [431.8992919921875, 277.5606384277344, 17.994104385375977], [433.3838806152344, 318.6777038574219, -30.073911666870117], [369.72149658203125, 310.8859558105469, 6.857091426849365], [352.868408203125, 333.42041015625, 0.5210710167884827], [335.2383728027344, 377.39996337890625, -84.52783966064453], [309.68731689453125, 462.883544921875, -36.07176208496094], [385.9416198730469, 335.3193664550781, 8.368288040161133], [440.45037841796875, 375.4670715332031, -58.260406494140625], [424.41583251953125, 462.87823486328125, -9.41530990600586], [377.2367858886719, 137.11163330078125, -32.53075408935547], [393.8062744140625, 139.0830535888672, -36.46725082397461], [370.60748291015625, 146.97039794921875, -8.475193977355957], [407.5518798828125, 151.20089721679688, -16.832490921020508], [447.62896728515625, 484.747802734375, -48.28950881958008], [456.0786437988281, 482.9120178222656, -28.94130516052246], [418.7155456542969, 467.3333740234375, 7.088809013366699], [311.68255615234375, 484.95458984375, -81.78677368164062], [292.9267272949219, 480.4689636230469, -70.70267486572266], [305.2314758300781, 470.09588623046875, -19.321672439575195], [309.68731689453125, 462.883544921875, -36.07176208496094], [335.2383728027344, 377.39996337890625, -84.52783966064453], [334.9485778808594, 303.473876953125, 4.799473285675049], [402.62054443359375, 305.7379455566406, 18.518901824951172], [440.45037841796875, 375.4670715332031, -58.260406494140625], [424.41583251953125, 462.87823486328125, -9.41530990600586], [286.9271240234375, 144.3710479736328, -63.45452117919922], [278.44964599609375, 203.61148071289062, -38.75176239013672], [335.3847961425781, 194.41262817382812, -9.427764892578125], [423.7965087890625, 214.06741333007812, -0.30311456322669983], [431.8992919921875, 277.5606384277344, 17.994104385375977], [433.3838806152344, 318.6777038574219, -30.073911666870117], [383.1134338378906, 183.04058837890625, -10.542276382446289], [394.4096984863281, 114.81358337402344, -8.476515769958496], [367.79266357421875, 305.9649658203125, 16.346763610839844], [380.9710693359375, 197.72149658203125, -5.50720739364624], [372.7333984375, 242.73019409179688, 7.170759201049805], [386.265869140625, 158.728515625, -29.035306930541992], [391.7353210449219, 131.03485107421875, -9.10277271270752], [382.3323059082031, 145.25674438476562, -45.004783630371094], [393.8062744140625, 139.0830535888672, -36.46725082397461], [377.2367858886719, 137.11163330078125, -32.53075408935547], [407.5518798828125, 151.20089721679688, -16.832490921020508], [370.60748291015625, 146.97039794921875, -8.475193977355957]], "pred_body_pose": [[2.9494879245758057, 0.038938045501708984, 0.32110071182250977, -0.8930687308311462, 0.02789423055946827, 0.3956459164619446, -0.8581820130348206, 0.03999391943216324, -0.30067357420921326, 0.548989474773407, -0.04199112579226494, 0.018180977553129196, 1.5120536088943481, 0.020160062238574028, -0.15575970709323883, 1.464786410331726, 0.09141992032527924, 0.11213497072458267, -0.06472644209861755, -0.051549267023801804, -0.037071067839860916, -0.19548127055168152, 0.07843192666769028, -0.0782296434044838, -0.19182425737380981, -0.08893124014139175, 0.1058541014790535, -0.01956089399755001, -0.0251148771494627, -0.04810267314314842, -0.2512025535106659, 0.04616144299507141, 0.23784159123897552, -0.22023987770080566, -0.0963190495967865, -0.2669728100299835, -0.3182888627052307, -0.26945069432258606, -0.0007574557675980031, 0.02895773947238922, -0.1208229586482048, -0.351188600063324, -0.17234264314174652, 0.06205286830663681, 0.05305683612823486, -0.07331909984350204, -0.0697292760014534, 0.021927179768681526, 0.16424702107906342, -0.19401104748249054, -0.8938076496124268, -0.46384426951408386, 0.3483024537563324, 0.18219031393527985, 0.16519679129123688, -0.9881002902984619, 0.28317445516586304, -0.5271984934806824, 1.4398959875106812, -0.6973506212234497, 0.08062833547592163, -0.054132428020238876, 0.20883412659168243, 0.11514557152986526, 0.07158412039279938, -0.3080555200576782, -0.1916096806526184, -0.11752799898386002, -0.25648990273475647, -0.18927976489067078, 0.10008154809474945, 0.2547250986099243]], "pred_rotmat": [[[[0.9764137268066406, 0.007111554499715567, 0.21579091250896454], [0.04467158764600754, -0.9844851493835449, -0.16968613862991333], [0.21123623847961426, 0.17532359063625336, -0.9615824818611145]], [[0.9274062514305115, -0.347114235162735, -0.1393890529870987], [0.3241230547428131, 0.5597192645072937, 0.7626654505729675], [-0.186713308095932, -0.7524799108505249, 0.6315948963165283]], [[0.957087516784668, 0.24483436346054077, 0.15504726767539978], [-0.2768512964248657, 0.6143268346786499, 0.7388883829116821], [0.08565555512905121, -0.7501058578491211, 0.6557472348213196]], [[0.9989793300628662, -0.028513001278042793, -0.03503355383872986], [0.006037455517798662, 0.8529168963432312, -0.5220118165016174], [0.04476483166217804, 0.5212674736976624, 0.852218508720398]], [[0.9898658990859985, 0.11485292762517929, -0.0835125595331192], [-0.08980626612901688, 0.050752896815538406, -0.9946653246879578], [-0.11000170558691025, 0.9920851588249207, 0.06055307388305664]], [[0.9912923574447632, -0.020103998482227325, 0.13013587892055511], [0.1315179020166397, 0.10219793021678925, -0.9860318303108215], [0.006523566320538521, 0.994560956954956, 0.1039520651102066]], [[0.9979855418205261, 0.03868745639920235, -0.05027974769473076], [-0.03535313904285431, 0.9972200393676758, 0.06559263914823532], [0.05267758294939995, -0.06368295848369598, 0.9965789318084717]], [[0.9938900470733643, 0.06993928551673889, 0.08538777381181717], [-0.08520686626434326, 0.9779267311096191, 0.19078567624092102], [-0.07015956193208694, -0.19689559936523438, 0.9779109358787537]], [[0.9904875159263611, -0.0963805541396141, -0.09821033477783203], [0.11336036771535873, 0.9761108160018921, 0.1853567659854889], [0.07799939066171646, -0.19472672045230865, 0.9777513146400452]], [[0.9985280632972717, 0.048321567475795746, -0.02463061921298504], [-0.04783043637871742, 0.9986521601676941, 0.02015392668545246], [0.025571288540959358, -0.018946168944239616, 0.999493420124054]], [[0.9709468483924866, -0.23878192901611328, 0.015658816322684288], [0.22730331122875214, 0.9407692551612854, 0.2515680491924286], [-0.0748012512922287, -0.24069997668266296, 0.9677128791809082]], [[0.9601553678512573, 0.2717602849006653, -0.06517639011144638], [-0.25077420473098755, 0.940751314163208, 0.22825266420841217], [0.1233447939157486, -0.20281347632408142, 0.9714179039001465]], [[0.9642209410667419, 0.042999397963285446, -0.2615894079208374], [0.041528016328811646, 0.950075626373291, 0.3092436194419861], [0.2618270516395569, -0.30904248356819153, 0.9142971634864807]], [[0.9318280816078186, 0.3413931131362915, -0.12307413667440414], [-0.34485161304473877, 0.938628613948822, -0.007321015000343323], [0.11302157491445541, 0.04926424100995064, 0.9923704862594604]], [[0.9966773390769958, -0.05806683003902435, 0.05711929872632027], [0.047404833137989044, 0.9837907552719116, 0.17294111847877502], [-0.06623557209968567, -0.16965875029563904, 0.9832745790481567]], [[0.997330904006958, -0.01933407224714756, -0.07040788978338242], [0.02444198727607727, 0.9970743656158447, 0.07242438197135925], [0.0688016414642334, -0.07395198941230774, 0.9948856234550476]], [[0.6109787225723267, 0.7557945847511292, -0.23554068803787231], [-0.7854323387145996, 0.6159375309944153, -0.06096676364541054], [0.09900001436471939, 0.22225067019462585, 0.9699501991271973]], [[0.9250967502593994, -0.24949230253696442, 0.2862684428691864], [0.09285014122724533, 0.8796059489250183, 0.46655362844467163], [-0.3682049810886383, -0.4050271511077881, 0.8368859887123108]], [[0.5177563428878784, -0.3092295825481415, -0.7976875305175781], [0.16021890938282013, 0.9509426951408386, -0.2646465599536896], [0.8403917551040649, 0.009217808954417706, 0.5419010519981384]], [[-0.004394007381051779, 0.11343050003051758, 0.9935362935066223], [-0.7091853618621826, 0.700111448764801, -0.08306708931922913], [-0.7050084471702576, -0.7049663662910461, 0.07736695557832718]], [[0.9768316149711609, -0.20916549861431122, -0.0452733114361763], [0.20482014119625092, 0.9750542640686035, -0.08554483950138092], [0.06203696131706238, 0.07429002970457077, 0.9953051209449768]], [[0.9504590630531311, 0.30635473132133484, 0.052671413868665695], [-0.2981896698474884, 0.9464302062988281, -0.12390612065792084], [-0.08780904859304428, 0.10206163674592972, 0.9908949732780457]], [[0.9605843424797058, 0.26269760727882385, -0.09092714637517929], [-0.24039548635482788, 0.9492442011833191, 0.20284360647201538], [0.13959857821464539, -0.1729898899793625, 0.9749804139137268]], [[0.9628937840461731, -0.2594348192214966, 0.07435926049947739], [0.24066556990146637, 0.9501070976257324, 0.198435440659523], [-0.12213031947612762, -0.17317649722099304, 0.9772892594337463]]]], "pred_betas": [[0.05749673768877983, 0.15094584226608276, 0.6225003004074097, 0.8207255601882935, 0.12058369815349579, 0.2250714898109436, -0.31199654936790466, 0.37507691979408264, 0.6283618807792664, -0.041226379573345184]], "pred_camera": [1.2574923038482666, 0.07557284832000732, 0.38786226511001587]}