{"pred_joints_img": [[381.0375671386719, 144.61416625976562, -50.307640075683594], [382.3436584472656, 182.77474975585938, -15.153787612915039], [334.8002014160156, 195.9810791015625, -15.94523811340332], [281.765869140625, 208.5389404296875, -51.2645149230957], [286.13543701171875, 149.925537109375, -78.95008850097656], [424.11749267578125, 212.79067993164062, -5.134769916534424], [434.83123779296875, 276.4447326660156, 12.083540916442871], [437.77471923828125, 320.2886047363281, -33.750633239746094], [371.0796203613281, 310.21270751953125, 6.864008903503418], [354.1690673828125, 333.07330322265625, 1.4993010759353638], [335.57470703125, 378.16552734375, -82.87982177734375], [310.3837890625, 464.78363037109375, -36.035640716552734], [387.5079345703125, 334.59100341796875, 8.839217185974121], [438.651123046875, 373.79681396484375, -61.075740814208984], [426.5950927734375, 464.0628662109375, -16.189266204833984], [375.824462890625, 136.74021911621094, -37.6491584777832], [392.494384765625, 138.3920440673828, -41.63791275024414], [369.31097412109375, 147.1063995361328, -13.626907348632812], [406.53436279296875, 150.6836395263672, -22.128543853759766], [447.7412414550781, 483.5957946777344, -57.68385314941406], [457.46466064453125, 482.5456237792969, -38.75006866455078], [421.9356384277344, 469.5438537597656, 0.42959192395210266], [312.42791748046875, 486.13909912109375, -82.38483428955078], [293.5816955566406, 481.83685302734375, -71.13321685791016], [305.9795837402344, 472.37261962890625, -19.36948013305664], [310.3837890625, 464.78363037109375, -36.035640716552734], [335.57470703125, 378.16552734375, -82.87982177734375], [336.100830078125, 303.0214538574219, 5.2796525955200195], [404.32342529296875, 304.6290283203125, 18.04452896118164], [438.651123046875, 373.79681396484375, -61.075740814208984], [426.5950927734375, 464.0628662109375, -16.189266204833984], [286.13543701171875, 149.925537109375, -78.95008850097656], [281.765869140625, 208.5389404296875, -51.2645149230957], [334.8002014160156, 195.9810791015625, -15.94523811340332], [424.11749267578125, 212.79067993164062, -5.134769916534424], [434.83123779296875, 276.4447326660156, 12.083540916442871], [437.77471923828125, 320.2886047363281, -33.750633239746094], [382.4839172363281, 182.89625549316406, -15.900901794433594], [392.7552795410156, 114.51620483398438, -13.172582626342773], [369.2928466796875, 305.085205078125, 16.425891876220703], [380.7215270996094, 197.72723388671875, -10.980304718017578], [373.4434814453125, 242.27285766601562, 4.044955730438232], [385.24755859375, 158.38253784179688, -34.44219207763672], [390.3157043457031, 130.7872314453125, -14.021791458129883], [381.0375671386719, 144.61416625976562, -50.307640075683594], [392.494384765625, 138.3920440673828, -41.63791275024414], [375.824462890625, 136.74021911621094, -37.6491584777832], [406.53436279296875, 150.6836395263672, -22.128543853759766], [369.31097412109375, 147.1063995361328, -13.626907348632812]], "pred_body_pose": [[2.981445074081421, 0.02937980741262436, 0.29774314165115356, -0.938574492931366, 0.014675811864435673, 0.3648984134197235, -0.8758522868156433, 0.04546952247619629, -0.30471840500831604, 0.574063777923584, -0.03541167080402374, 0.026114903390407562, 1.468453288078308, 0.020035887137055397, -0.16061967611312866, 1.4307160377502441, 0.09646354615688324, 0.11322174966335297, -0.07557396590709686, -0.04269782826304436, -0.032804038375616074, -0.19676977396011353, 0.08024793863296509, -0.07754417508840561, -0.19295677542686462, -0.09272587299346924, 0.10946386307477951, -0.030699415132403374, -0.014396145939826965, -0.04454559460282326, -0.23820526897907257, 0.039922796189785004, 0.2434024214744568, -0.21202802658081055, -0.09293967485427856, -0.27429595589637756, -0.3513921797275543, -0.27487602829933167, -0.006966612301766872, 0.0143386609852314, -0.15691149234771729, -0.3491921126842499, -0.18050380051136017, 0.12092641741037369, 0.06153007596731186, -0.09197932481765747, -0.0791163519024849, 0.021806834265589714, 0.15599362552165985, -0.21641302108764648, -0.8750874996185303, -0.4697619676589966, 0.4010821282863617, 0.18086634576320648, 0.1305091679096222, -0.9184743165969849, 0.2593473494052887, -0.5590271949768066, 1.37318754196167, -0.6665974259376526, 0.07087360322475433, -0.056764643639326096, 0.19664381444454193, 0.1011156439781189, 0.07653683423995972, -0.2962857782840729, -0.1761833280324936, -0.1162719652056694, -0.24744366109371185, -0.17262066900730133, 0.09788341075181961, 0.24133192002773285]], "pred_rotmat": [[[[0.9801652431488037, 0.0050345854833722115, 0.19811786711215973], [0.03378405421972275, -0.9892895817756653, -0.14200282096862793], [0.1952810138463974, 0.14587946236133575, -0.9698373675346375]], [[0.9387660622596741, -0.3125912845134735, -0.14493098855018616], [0.2999425530433655, 0.5343972444534302, 0.790224015712738], [-0.16956642270088196, -0.785306453704834, 0.5954334139823914]], [[0.9558525085449219, 0.24426497519016266, 0.16334187984466553], [-0.2813096344470978, 0.6000294089317322, 0.7488856315612793], [0.08491659164428711, -0.7617738842964172, 0.6422536969184875]], [[0.9990584850311279, -0.03458242863416672, -0.02619640901684761], [0.014809257350862026, 0.8393954038619995, -0.5433194637298584], [0.040778450667858124, 0.5424199104309082, 0.8391172289848328]], [[0.989115834236145, 0.1204698458313942, -0.08448018878698349], [-0.0960247740149498, 0.09347966313362122, -0.990979790687561], [-0.11148598045110703, 0.9883059859275818, 0.1040303036570549]], [[0.9907183647155762, -0.020124860107898712, 0.13443242013454437], [0.1359223574399948, 0.13588660955429077, -0.981356143951416], [0.0014820899814367294, 0.9905200004577637, 0.13736078143119812]], [[0.9985514283180237, 0.034369248896837234, -0.041397906839847565], [-0.03114471398293972, 0.9966086745262146, 0.07616538554430008], [0.043875258415937424, -0.07476572692394257, 0.9962354302406311]], [[0.993800163269043, 0.06902296096086502, 0.08716200292110443], [-0.0847461000084877, 0.9777294993400574, 0.19199781119823456], [-0.07196860760450363, -0.19819405674934387, 0.9775171875953674]], [[0.9897592663764954, -0.09950916469097137, -0.10234510898590088], [0.11731519550085068, 0.9755110144615173, 0.18605226278305054], [0.08132487535476685, -0.19615358114242554, 0.9771950244903564]], [[0.9989045262336731, 0.04474325478076935, -0.013705044984817505], [-0.044301412999629974, 0.998537003993988, 0.03100394457578659], [0.015072211623191833, -0.030362825840711594, 0.9994253516197205]], [[0.9698776006698608, -0.24336901307106018, 0.010438097640872002], [0.23395198583602905, 0.9425727128982544, 0.23837584257125854], [-0.0678519606590271, -0.22875337302684784, 0.971116840839386]], [[0.9585102796554565, 0.27819162607192993, -0.0621885284781456], [-0.2586964964866638, 0.9405453205108643, 0.2201147973537445], [0.11972524225711823, -0.19489435851573944, 0.9734895825386047]], [[0.9628203511238098, 0.05423648655414581, -0.2646420896053314], [0.04076099023222923, 0.9392553567886353, 0.34079012274742126], [0.26704975962638855, -0.3389067053794861, 0.9021234512329102]], [[0.9276136755943298, 0.33960196375846863, -0.15557444095611572], [-0.341824471950531, 0.9396728873252869, 0.01307220384478569], [0.15062843263149261, 0.04105319827795029, 0.9877376556396484]], [[0.9908344745635986, -0.07187604159116745, 0.11437170207500458], [0.05014095455408096, 0.9818933010101318, 0.1826782375574112], [-0.12543100118637085, -0.17526918649673462, 0.9764976501464844]], [[0.9966367483139038, -0.018117720261216164, -0.07991776615381241], [0.025385582819581032, 0.9955378174781799, 0.09088502079248428], [0.0779145210981369, -0.09260811656713486, 0.992649495601654]], [[0.6212528944015503, 0.7422935366630554, -0.2510882019996643], [-0.7737627625465393, 0.6317400336265564, -0.04685909301042557], [0.12383927404880524, 0.2233940213918686, 0.9668294191360474]], [[0.9065057039260864, -0.25963401794433594, 0.33292269706726074], [0.07763595134019852, 0.877619206905365, 0.473029762506485], [-0.4149939715862274, -0.4029574394226074, 0.8157237768173218]], [[0.5787160992622375, -0.27650120854377747, -0.7672252655029297], [0.16561870276927948, 0.9610129594802856, -0.22141478955745697], [0.7985349297523499, 0.001069460529834032, 0.6019474267959595]], [[0.06998347491025925, 0.1030457615852356, 0.9922117590904236], [-0.7158592939376831, 0.6978983283042908, -0.021988404914736748], [-0.694728672504425, -0.7087450623512268, 0.12260761857032776]], [[0.9791362881660461, -0.19711357355117798, -0.04938061535358429], [0.19310614466667175, 0.9782393574714661, -0.07588016241788864], [0.06326306611299515, 0.06476131826639175, 0.9958934783935547]], [[0.9535823464393616, 0.2950194180011749, 0.06036839261651039], [-0.28734710812568665, 0.9514179229736328, -0.11061485856771469], [-0.09006909281015396, 0.08813368529081345, 0.9920282959938049]], [[0.9629545211791992, 0.25325652956962585, -0.09262651205062866], [-0.2329512983560562, 0.9542708396911621, 0.18735237419605255], [0.13583898544311523, -0.15883435308933258, 0.97791588306427]], [[0.9663638472557068, -0.24580439925193787, 0.0756380632519722], [0.22904473543167114, 0.9563374519348145, 0.18154123425483704], [-0.11695914715528488, -0.1581103801727295, 0.9804701209068298]]]], "pred_betas": [[0.059405818581581116, 0.12129934877157211, 0.56187504529953, 0.8669536709785461, 0.22484833002090454, 0.20528104901313782, -0.3291969895362854, 0.37866318225860596, 0.6751334071159363, -0.09566965699195862]], "pred_camera": [1.2614079713821411, 0.07241804152727127, 0.38594749569892883]}