{"pred_joints_img": [[383.30816650390625, 144.9035186767578, -50.043304443359375], [383.4823913574219, 183.71435546875, -15.265165328979492], [335.8374328613281, 195.6143798828125, -16.10025405883789], [280.14556884765625, 204.29991149902344, -48.89585876464844], [284.30499267578125, 145.55201721191406, -76.97817993164062], [424.91876220703125, 214.24261474609375, -5.07639217376709], [433.68792724609375, 278.78399658203125, 10.960431098937988], [433.1480712890625, 320.07513427734375, -37.60162353515625], [371.1972961425781, 311.49298095703125, 6.825926303863525], [354.4054260253906, 334.52899169921875, 1.2347831726074219], [336.1954040527344, 380.9664611816406, -82.96914672851562], [309.07049560546875, 466.1945495605469, -33.86954116821289], [387.73956298828125, 335.91851806640625, 9.023502349853516], [441.19830322265625, 372.9464111328125, -60.892578125], [429.4183349609375, 462.469970703125, -13.620519638061523], [377.8763732910156, 137.1874237060547, -37.27529525756836], [394.6864013671875, 138.96188354492188, -40.93590545654297], [370.66363525390625, 148.0380096435547, -13.567862510681152], [408.1421813964844, 151.84974670410156, -21.29584503173828], [451.2759704589844, 482.2838134765625, -54.78282165527344], [460.8080749511719, 480.9722595214844, -35.71232223510742], [424.8008117675781, 467.56756591796875, 3.1295905113220215], [311.7298583984375, 488.65802001953125, -79.84894561767578], [292.6578063964844, 483.99017333984375, -68.99775695800781], [304.2080383300781, 473.30938720703125, -17.067338943481445], [309.07049560546875, 466.1945495605469, -33.86954116821289], [336.1954040527344, 380.9664611816406, -82.96914672851562], [336.1398620605469, 304.38824462890625, 4.792067050933838], [404.3441467285156, 305.7559814453125, 18.506277084350586], [441.19830322265625, 372.9464111328125, -60.892578125], [429.4183349609375, 462.469970703125, -13.620519638061523], [284.30499267578125, 145.55201721191406, -76.97817993164062], [280.14556884765625, 204.29991149902344, -48.89585876464844], [335.8374328613281, 195.6143798828125, -16.10025405883789], [424.91876220703125, 214.24261474609375, -5.07639217376709], [433.68792724609375, 278.78399658203125, 10.960431098937988], [433.1480712890625, 320.07513427734375, -37.60162353515625], [383.6710205078125, 183.73663330078125, -16.012401580810547], [394.5657043457031, 115.61473083496094, -11.870588302612305], [369.2638244628906, 306.3690185546875, 16.406822204589844], [381.6948547363281, 198.42886352539062, -11.07254695892334], [373.5932922363281, 243.18899536132812, 3.849514961242676], [387.0126953125, 159.06349182128906, -34.287139892578125], [391.9521179199219, 131.88426208496094, -13.1172456741333], [383.30816650390625, 144.9035186767578, -50.043304443359375], [394.6864013671875, 138.96188354492188, -40.93590545654297], [377.8763732910156, 137.1874237060547, -37.27529525756836], [408.1421813964844, 151.84974670410156, -21.29584503173828], [370.66363525390625, 148.0380096435547, -13.567862510681152]], "pred_body_pose": [[2.977853775024414, 0.02173393964767456, 0.31628236174583435, -0.9548349380493164, 0.005149191245436668, 0.3843131959438324, -0.8591365814208984, 0.0425926111638546, -0.308927059173584, 0.5819370150566101, -0.03707011789083481, 0.022588860243558884, 1.5111511945724487, 0.020911401137709618, -0.1565869301557541, 1.4447263479232788, 0.10609018802642822, 0.09735145419836044, -0.08096033334732056, -0.04629094526171684, -0.04037345200777054, -0.20598594844341278, 0.056508924812078476, -0.06260261684656143, -0.19915024936199188, -0.07791052013635635, 0.10378618538379669, -0.03173293545842171, -0.018382154405117035, -0.048383232206106186, -0.24005889892578125, 0.05809900537133217, 0.20567062497138977, -0.20346394181251526, -0.096274733543396, -0.25336095690727234, -0.35445600748062134, -0.27675020694732666, -0.009452813304960728, 0.01217560563236475, -0.16100679337978363, -0.341555118560791, -0.1764908730983734, 0.09752301871776581, 0.036379002034664154, -0.10897161811590195, -0.06686794012784958, 0.030029717832803726, 0.16019326448440552, -0.24043874442577362, -0.8944258689880371, -0.477286159992218, 0.35809075832366943, 0.15543042123317719, 0.18011102080345154, -0.9603367447853088, 0.27634403109550476, -0.5620885491371155, 1.3320423364639282, -0.658848226070404, 0.09320449084043503, -0.05195526033639908, 0.21485678851604462, 0.13365091383457184, 0.0654926523566246, -0.30863308906555176, -0.18683341145515442, -0.11758235841989517, -0.24914292991161346, -0.18994611501693726, 0.09904370456933975, 0.24587059020996094]], "pred_rotmat": [[[[0.9777064919471741, -0.001104444614611566, 0.20997345447540283], [0.029815886169672012, -0.9891232252120972, -0.14403541386127472], [0.2078487128019333, 0.14708490669727325, -0.9670392870903015]], [[0.9324333071708679, -0.3222082257270813, -0.16355369985103607], [0.31771063804626465, 0.5154415369033813, 0.7958516478538513], [-0.1721276044845581, -0.7940414547920227, 0.5829838514328003]], [[0.9546670913696289, 0.25061938166618347, 0.16062594950199127], [-0.2847347855567932, 0.6114416122436523, 0.7382853627204895], [0.0868152305483818, -0.7505524754524231, 0.6550832390785217]], [[0.9990842342376709, -0.03181206434965134, -0.02861347235739231], [0.010844864882528782, 0.8351776003837585, -0.5498734712600708], [0.041389938443899155, 0.5490595698356628, 0.8347577452659607]], [[0.9897448420524597, 0.1159081906080246, -0.08348860591650009], [-0.08993811160326004, 0.051567159593105316, -0.9946113228797913], [-0.11097835004329681, 0.9919203519821167, 0.0614628940820694]], [[0.9913314580917358, -0.002493648324161768, 0.13136066496372223], [0.1306629776954651, 0.12333827465772629, -0.9837249517440796], [-0.013748730532824993, 0.9923615455627441, 0.1225949376821518]], [[0.9981151819229126, 0.042176246643066406, -0.04457838833332062], [-0.03843174874782562, 0.9959112405776978, 0.08175471425056458], [0.04784422367811203, -0.07988739758729935, 0.9956550598144531]], [[0.9964584708213806, 0.056290946900844574, 0.06246453523635864], [-0.06788302212953568, 0.9769207835197449, 0.20252780616283417], [-0.04962242767214775, -0.206050843000412, 0.9772821664810181]], [[0.9916187524795532, -0.09509008377790451, -0.0874648466706276], [0.11053305864334106, 0.9749022722244263, 0.19325608015060425], [0.06689294427633286, -0.2013041228055954, 0.9772419929504395]], [[0.9986609816551208, 0.048645082861185074, -0.017603429034352303], [-0.04806194454431534, 0.9983265995979309, 0.03215799853205681], [0.01913829892873764, -0.0312688834965229, 0.9993277788162231]], [[0.9773579835891724, -0.20906153321266174, 0.0326290987432003], [0.19523398578166962, 0.9504643082618713, 0.24187037348747253], [-0.0815785825252533, -0.23002362251281738, 0.9697598218917847]], [[0.9636198878288269, 0.2582394778728485, -0.06891314685344696], [-0.2388378381729126, 0.9477086663246155, 0.2116711586713791], [0.11997145414352417, -0.18751148879528046, 0.9749082922935486]], [[0.962302029132843, 0.05736377835273743, -0.26586493849754333], [0.039089228957891464, 0.9381885528564453, 0.343910276889801], [0.2691594362258911, -0.34133800864219666, 0.9005784392356873]], [[0.9295523762702942, 0.3325192332267761, -0.1592586189508438], [-0.3344564139842987, 0.9422873258590698, 0.015282823704183102], [0.1551492065191269, 0.0390588752925396, 0.9871186017990112]], [[0.994601845741272, -0.044700879603624344, 0.09364299476146698], [0.027549095451831818, 0.9838204979896545, 0.17702621221542358], [-0.10004112869501114, -0.17349080741405487, 0.9797411561012268]], [[0.9973173141479492, -0.02630535140633583, -0.0683097243309021], [0.033581580966711044, 0.9936208724975586, 0.10765605419874191], [0.06504203379154205, -0.10966119170188904, 0.9918386936187744]], [[0.6017574071884155, 0.7505412697792053, -0.2730857729911804], [-0.7863044738769531, 0.6166827082633972, -0.03778554126620293], [0.14004765450954437, 0.23746627569198608, 0.9612473249435425]], [[0.9261898398399353, -0.22854958474636078, 0.2998957931995392], [0.06298462301492691, 0.8779608011245728, 0.474571168422699], [-0.3717598021030426, -0.42065414786338806, 0.8275535106658936]], [[0.5421469211578369, -0.31054896116256714, -0.7807920575141907], [0.15194176137447357, 0.9501137137413025, -0.27239274978637695], [0.8264324069023132, 0.029041970148682594, 0.5622865557670593]], [[0.1093873605132103, 0.11266253888607025, 0.9875938296318054], [-0.7165560722351074, 0.6975294351577759, -0.00020581517310347408], [-0.6888989806175232, -0.7076438665390015, 0.157029926776886]], [[0.9756855368614197, -0.21521152555942535, -0.04149347171187401], [0.21039223670959473, 0.9727059602737427, -0.09786782413721085], [0.06142323464155197, 0.0867583155632019, 0.9943339824676514]], [[0.9507132172584534, 0.30696311593055725, 0.04379506781697273], [-0.2982952892780304, 0.9439927339553833, -0.14105907082557678], [-0.08464215695858002, 0.12104286253452301, 0.9890320301055908]], [[0.9624001979827881, 0.25545039772987366, -0.0923629105091095], [-0.2336842119693756, 0.951956570148468, 0.19791476428508759], [0.13848289847373962, -0.16888946294784546, 0.9758579134941101]], [[0.9651792049407959, -0.25085940957069397, 0.07415272295475006], [0.23221254348754883, 0.9521602392196655, 0.19866588711738586], [-0.1204424798488617, -0.17452900111675262, 0.9772579669952393]]]], "pred_betas": [[0.053702425211668015, 0.14698553085327148, 0.570841372013092, 0.875956654548645, 0.2520821690559387, 0.2479049563407898, -0.30607983469963074, 0.37194186449050903, 0.6826412677764893, -0.14435550570487976]], "pred_camera": [1.2794415950775146, 0.06875387579202652, 0.4074661433696747]}