{"pred_joints_img": [[382.2060546875, 145.4189453125, -46.81813049316406], [383.1979675292969, 183.34027099609375, -11.70461368560791], [335.60125732421875, 195.21466064453125, -11.739118576049805], [279.1502380371094, 205.72714233398438, -41.47004699707031], [286.40185546875, 146.8956298828125, -67.40135192871094], [424.2973937988281, 213.6365509033203, -1.2376224994659424], [433.1881103515625, 276.49505615234375, 18.640478134155273], [434.744384765625, 317.0298156738281, -29.87824821472168], [370.18365478515625, 311.04119873046875, 6.909292221069336], [353.2479248046875, 333.5992431640625, 0.8430508971214294], [335.7587585449219, 378.9290771484375, -83.35983276367188], [308.67010498046875, 463.138427734375, -33.74928283691406], [386.31500244140625, 335.5120544433594, 8.811285018920898], [439.72027587890625, 376.08056640625, -58.241615295410156], [423.5321350097656, 463.390380859375, -9.505084037780762], [377.05828857421875, 137.47744750976562, -34.230281829833984], [393.6412353515625, 139.24795532226562, -38.206787109375], [370.53021240234375, 147.68646240234375, -10.283853530883789], [407.55322265625, 151.50311279296875, -18.732643127441406], [446.1544189453125, 485.1336364746094, -48.80235290527344], [454.894775390625, 483.3839416503906, -29.54498291015625], [418.004150390625, 467.922607421875, 7.047068119049072], [310.9893798828125, 485.8634033203125, -79.14321899414062], [292.1336364746094, 480.95648193359375, -68.36431884765625], [303.93133544921875, 470.09246826171875, -16.960485458374023], [308.67010498046875, 463.138427734375, -33.74928283691406], [335.7587585449219, 378.9290771484375, -83.35983276367188], [335.4137268066406, 303.53204345703125, 4.647890567779541], [403.1584167480469, 305.9013671875, 18.656925201416016], [439.72027587890625, 376.08056640625, -58.241615295410156], [423.5321350097656, 463.390380859375, -9.505084037780762], [286.40185546875, 146.8956298828125, -67.40135192871094], [279.1502380371094, 205.72714233398438, -41.47004699707031], [335.60125732421875, 195.21466064453125, -11.739118576049805], [424.2973937988281, 213.6365509033203, -1.2376224994659424], [433.1881103515625, 276.49505615234375, 18.640478134155273], [434.744384765625, 317.0298156738281, -29.87824821472168], [383.2966003417969, 183.34646606445312, -12.45226001739502], [394.0733337402344, 115.33673095703125, -9.927483558654785], [368.26873779296875, 306.0015563964844, 16.36044692993164], [381.2646484375, 197.95034790039062, -7.2417826652526855], [373.3136291503906, 242.94178771972656, 6.094371795654297], [386.2913818359375, 159.06448364257812, -30.99623680114746], [391.5339660644531, 131.5481414794922, -10.72976016998291], [382.2060546875, 145.4189453125, -46.81813049316406], [393.6412353515625, 139.24795532226562, -38.206787109375], [377.05828857421875, 137.47744750976562, -34.230281829833984], [407.55322265625, 151.50311279296875, -18.732643127441406], [370.53021240234375, 147.68646240234375, -10.283853530883789]], "pred_body_pose": [[2.964639902114868, 0.04237518087029457, 0.327424556016922, -0.9078282117843628, 0.02229742519557476, 0.38239017128944397, -0.8557001352310181, 0.04427850618958473, -0.3014059066772461, 0.5516416430473328, -0.03880762681365013, 0.021244855597615242, 1.508727788925171, 0.020766323432326317, -0.15860825777053833, 1.4631893634796143, 0.09963903576135635, 0.10996446013450623, -0.0685800239443779, -0.04821278899908066, -0.03189554437994957, -0.20032663643360138, 0.07877541333436966, -0.07535330206155777, -0.19657458364963531, -0.08900190144777298, 0.1063976064324379, -0.01930222101509571, -0.02105852961540222, -0.0449877567589283, -0.2502604126930237, 0.04620148241519928, 0.2394733875989914, -0.21873685717582703, -0.09651730209589005, -0.26997295022010803, -0.32901760935783386, -0.27605876326560974, 0.0008694161660969257, 0.02711518295109272, -0.11497192084789276, -0.3410768508911133, -0.1721966564655304, 0.06464768946170807, 0.05245170369744301, -0.0890369713306427, -0.07854223996400833, 0.022738590836524963, 0.17163468897342682, -0.19218549132347107, -0.8992009162902832, -0.46583643555641174, 0.3462730050086975, 0.18697915971279144, 0.18109671771526337, -1.0244331359863281, 0.2922770380973816, -0.535905122756958, 1.4326324462890625, -0.688739538192749, 0.07471330463886261, -0.05718109384179115, 0.20677663385868073, 0.10243559628725052, 0.07230571657419205, -0.3022438585758209, -0.1896093189716339, -0.11709238588809967, -0.25647205114364624, -0.18589156866073608, 0.09908534586429596, 0.25080016255378723]], "pred_rotmat": [[[[0.9756535291671753, 0.010721058584749699, 0.21905502676963806], [0.04539818316698074, -0.9870442748069763, -0.1538916379213333], [0.2145671248435974, 0.1600896418094635, -0.9634999632835388]], [[0.9323867559432983, -0.33277830481529236, -0.14111533761024475], [0.31412172317504883, 0.5528188347816467, 0.771828293800354], [-0.17883650958538055, -0.7639698386192322, 0.6199738383293152]], [[0.95670086145401, 0.24396026134490967, 0.15876704454421997], [-0.2793150246143341, 0.6159930229187012, 0.7365702390670776], [0.08189447969198227, -0.7490233182907104, 0.6574628353118896]], [[0.9990460872650146, -0.030610455200076103, -0.03114509768784046], [0.009743374772369862, 0.8514696955680847, -0.5243134498596191], [0.042568571865558624, 0.5235098004341125, 0.8509557247161865]], [[0.9894794821739197, 0.1172727644443512, -0.08472002297639847], [-0.09150926023721695, 0.05376379191875458, -0.9943518042564392], [-0.11205551773309708, 0.9916433691978455, 0.0639297142624855]], [[0.9908367395401001, -0.013728207908570766, 0.1343652904033661], [0.1350640207529068, 0.10406586527824402, -0.9853566884994507], [-0.0004556589119601995, 0.9944756031036377, 0.10496646910905838]], [[0.9983301758766174, 0.033504895865917206, -0.0470552034676075], [-0.030200688168406487, 0.9971416592597961, 0.06925646960735321], [0.04924113303422928, -0.0677197277545929, 0.9964884519577026]], [[0.9940838813781738, 0.06684549152851105, 0.08560924977064133], [-0.08255801349878311, 0.9771947264671326, 0.19563937187194824], [-0.07057929039001465, -0.20154966413974762, 0.976932168006897]], [[0.9904254078865051, -0.09666848182678223, -0.09855294227600098], [0.11407977342605591, 0.9751392602920532, 0.1899716705083847], [0.07773856818675995, -0.19939567148685455, 0.9768306016921997]], [[0.9987666606903076, 0.0451696515083313, -0.020614484325051308], [-0.04476327449083328, 0.9988020658493042, 0.019766662269830704], [0.021482640877366066, -0.01881950907409191, 0.999592125415802]], [[0.9705603122711182, -0.2403518706560135, 0.015605240128934383], [0.22890667617321014, 0.9406190514564514, 0.2506740391254425], [-0.07492857426404953, -0.23972216248512268, 0.9679456949234009]], [[0.9593429565429688, 0.27460139989852905, -0.06523098051548004], [-0.253717303276062, 0.9402858018875122, 0.22691452503204346], [0.1236468032002449, -0.20113863050937653, 0.9717276692390442]], [[0.9624776244163513, 0.043877359479665756, -0.2677904963493347], [0.0455632247030735, 0.9467002153396606, 0.3188771605491638], [0.2675088346004486, -0.31911346316337585, 0.9091785550117493]], [[0.935924232006073, 0.33217671513557434, -0.11706575751304626], [-0.3352604806423187, 0.9420984983444214, -0.007135041989386082], [0.10791736841201782, 0.045925382524728775, 0.9930985569953918]], [[0.9965453147888184, -0.057681605219841, 0.05975199118256569], [0.046583376824855804, 0.9838478565216064, 0.1728389710187912], [-0.06875649839639664, -0.16945840418338776, 0.983135998249054]], [[0.9966611266136169, -0.019190926104784012, -0.07936213910579681], [0.026175573468208313, 0.9957828521728516, 0.0879283919930458], [0.0773400291800499, -0.08971215784549713, 0.9929603934288025]], [[0.6071900725364685, 0.758367657661438, -0.23706278204917908], [-0.7890172600746155, 0.6106637120246887, -0.06739089637994766], [0.09365856647491455, 0.22796572744846344, 0.9691541194915771]], [[0.9249369502067566, -0.2537887394428253, 0.2829892635345459], [0.09741941839456558, 0.8778735995292664, 0.468878835439682], [-0.36742499470710754, -0.40611469745635986, 0.8367016911506653]], [[0.48566684126853943, -0.3227044343948364, -0.812397301197052], [0.154547318816185, 0.9464216828346252, -0.28355082869529724], [0.8603736162185669, 0.012157417833805084, 0.5095187425613403]], [[0.0064313532784581184, 0.10635016858577728, 0.9943080544471741], [-0.7101320624351501, 0.7005464434623718, -0.0703364834189415], [-0.7040392160415649, -0.7056376338005066, 0.08002812415361404]], [[0.9770857095718384, -0.2071295529603958, -0.048999201506376266], [0.20287571847438812, 0.9759343862533569, -0.07995878905057907], [0.06438183784484863, 0.06818583607673645, 0.9955930709838867]], [[0.9521395564079285, 0.30054938793182373, 0.05567964166402817], [-0.2932085692882538, 0.9495304822921753, -0.11144717037677765], [-0.08636491000652313, 0.08978752046823502, 0.9922091960906982]], [[0.9606366157531738, 0.2625604271888733, -0.09077074378728867], [-0.24057139456272125, 0.9496225714683533, 0.20085379481315613], [0.13893422484397888, -0.17111065983772278, 0.9754067659378052]], [[0.963964581489563, -0.25546762347221375, 0.07422009110450745], [0.23721258342266083, 0.9517058730125427, 0.19490040838718414], [-0.12042643874883652, -0.1702711433172226, 0.978010892868042]]]], "pred_betas": [[0.06899070739746094, 0.11209526658058167, 0.613629937171936, 0.8393972516059875, 0.1355554461479187, 0.22296442091464996, -0.30582576990127563, 0.38356322050094604, 0.6280418038368225, -0.04715607315301895]], "pred_camera": [1.2564862966537476, 0.0778573676943779, 0.388980507850647]}