{"pred_joints_img": [[382.57281494140625, 146.38136291503906, -44.87940216064453], [384.00689697265625, 184.3297119140625, -11.301711082458496], [337.3453369140625, 196.16156005859375, -11.288567543029785], [279.69049072265625, 205.39288330078125, -36.018165588378906], [272.1162414550781, 152.80288696289062, -70.6388931274414], [424.2526550292969, 214.808349609375, -2.0255014896392822], [433.5682373046875, 277.34075927734375, 14.104528427124023], [431.36798095703125, 318.9625549316406, -31.74796485900879], [371.52825927734375, 310.2416076660156, 6.744368076324463], [354.820068359375, 332.5641174316406, 1.4950672388076782], [335.3055114746094, 380.0556945800781, -78.89767456054688], [310.0494384765625, 462.9767150878906, -30.19620132446289], [387.4114074707031, 334.258056640625, 9.076671600341797], [439.95751953125, 375.71112060546875, -55.56546401977539], [427.00250244140625, 462.591552734375, -9.243229866027832], [377.5675048828125, 138.8142547607422, -32.338645935058594], [393.8260498046875, 140.3394012451172, -36.443241119384766], [371.48541259765625, 149.28672790527344, -8.937786102294922], [407.7242431640625, 152.58250427246094, -17.655887603759766], [449.7105712890625, 482.9503479003906, -48.04636001586914], [458.1219787597656, 481.4808349609375, -29.05912971496582], [421.73724365234375, 467.38909912109375, 6.975428104400635], [311.1361999511719, 485.3233642578125, -74.78431701660156], [292.93890380859375, 480.58367919921875, -63.72787857055664], [305.8125, 469.7904052734375, -13.674742698669434], [310.0494384765625, 462.9767150878906, -30.19620132446289], [335.3055114746094, 380.0556945800781, -78.89767456054688], [337.4267578125, 302.8810729980469, 4.61237096786499], [403.9915466308594, 304.8468017578125, 17.825002670288086], [439.95751953125, 375.71112060546875, -55.56546401977539], [427.00250244140625, 462.591552734375, -9.243229866027832], [272.1162414550781, 152.80288696289062, -70.6388931274414], [279.69049072265625, 205.39288330078125, -36.018165588378906], [337.3453369140625, 196.16156005859375, -11.288567543029785], [424.2526550292969, 214.808349609375, -2.0255014896392822], [433.5682373046875, 277.34075927734375, 14.104528427124023], [431.36798095703125, 318.9625549316406, -31.74796485900879], [384.12518310546875, 184.40216064453125, -12.030665397644043], [394.3497314453125, 117.32939147949219, -8.21341323852539], [369.748779296875, 305.0025939941406, 15.832451820373535], [382.1737060546875, 198.93637084960938, -7.207083225250244], [374.3008117675781, 243.217041015625, 5.249207019805908], [386.8534240722656, 159.96876525878906, -29.640241622924805], [391.98040771484375, 133.27842712402344, -9.276912689208984], [382.57281494140625, 146.38136291503906, -44.87940216064453], [393.8260498046875, 140.3394012451172, -36.443241119384766], [377.5675048828125, 138.8142547607422, -32.338645935058594], [407.7242431640625, 152.58250427246094, -17.655887603759766], [371.48541259765625, 149.28672790527344, -8.937786102294922]], "pred_body_pose": [[2.989227294921875, 0.039598360657691956, 0.31573405861854553, -0.9030956029891968, 0.028938304632902145, 0.39145421981811523, -0.8385198712348938, 0.028074026107788086, -0.3086921274662018, 0.5328385233879089, -0.04021677374839783, 0.02272907830774784, 1.4555944204330444, 0.020401207730174065, -0.15101827681064606, 1.4199981689453125, 0.09458819031715393, 0.10327137261629105, -0.08466493338346481, -0.04719816520810127, -0.03996346890926361, -0.18941569328308105, 0.08718934655189514, -0.08530231565237045, -0.19219069182872772, -0.09508340805768967, 0.10757385939359665, -0.024813944473862648, -0.020794928073883057, -0.04623737186193466, -0.2482287436723709, 0.03609875962138176, 0.23421667516231537, -0.20030991733074188, -0.08380025625228882, -0.26251447200775146, -0.3420538902282715, -0.2870340049266815, -0.0044030435383319855, 0.023396680131554604, -0.12730582058429718, -0.36058759689331055, -0.16141924262046814, 0.05865224078297615, 0.058437950909137726, -0.07373322546482086, -0.0749189704656601, 0.035395365208387375, 0.18657569587230682, -0.22470788657665253, -0.8686985373497009, -0.4310184717178345, 0.2847170829772949, 0.16067002713680267, 0.2009059488773346, -0.9558124542236328, 0.23314042389392853, -0.5610206127166748, 1.1978248357772827, -0.5576071739196777, 0.0963791012763977, -0.05963063985109329, 0.19146957993507385, 0.1096569374203682, 0.0661432147026062, -0.258991539478302, -0.1992582231760025, -0.11365769058465958, -0.2511301040649414, -0.1894311010837555, 0.09909351170063019, 0.23963935673236847]], "pred_rotmat": [[[[0.9776927828788757, 0.011891530826687813, 0.20970305800437927], [0.04026278853416443, -0.9904916882514954, -0.13154874742031097], [0.20614482462406158, 0.13705749809741974, -0.9688753485679626]], [[0.9289903044700623, -0.343233585357666, -0.1384478062391281], [0.31914418935775757, 0.5534900426864624, 0.7692827582359314], [-0.18741416931152344, -0.7588409781455994, 0.6237279176712036]], [[0.9550758600234985, 0.25817975401878357, 0.14551036059856415], [-0.2801937460899353, 0.6266853213310242, 0.7271567583084106], [0.09654794633388519, -0.7352610230445862, 0.6708723902702332]], [[0.9989581108093262, -0.03212239220738411, -0.03241417929530144], [0.011199326254427433, 0.8611412644386292, -0.5082424283027649], [0.04423914849758148, 0.5073499083518982, 0.8606038093566895]], [[0.9903188347816467, 0.11497322469949722, -0.0777808278799057], [-0.09021367132663727, 0.10721455514431, -0.9901347160339355], [-0.10549972951412201, 0.987565815448761, 0.11654874682426453]], [[0.9917488694190979, -0.01511822734028101, 0.12730105221271515], [0.1281360536813736, 0.14717715978622437, -0.9807751178741455], [-0.003908226732164621, 0.9889945387840271, 0.14789997041225433]], [[0.9980893731117249, 0.041886478662490845, -0.0454215370118618], [-0.037894103676080704, 0.9956214427947998, 0.0854521319270134], [0.04880193993449211, -0.08356765657663345, 0.9953064322471619]], [[0.9925921559333801, 0.07635987550020218, 0.09449833631515503], [-0.09280518442392349, 0.978513777256012, 0.18411436676979065], [-0.07840895652770996, -0.19152042269706726, 0.9783517122268677]], [[0.9897428750991821, -0.09745166450738907, -0.10446188598871231], [0.1156383529305458, 0.9758613705635071, 0.1852627992630005], [0.08388615399599075, -0.195442333817482, 0.9771209955215454]], [[0.9987152218818665, 0.046470757573843, -0.020210374146699905], [-0.04595488682389259, 0.9986235499382019, 0.025281395763158798], [0.021357402205467224, -0.024320146068930626, 0.9994760751724243]], [[0.9721941947937012, -0.2340826392173767, 0.006608855444937944], [0.22520948946475983, 0.9423319101333618, 0.24757081270217896], [-0.06417976319789886, -0.23919855058193207, 0.9688472151756287]], [[0.9623976349830627, 0.2657780945301056, -0.05614984408020973], [-0.24915379285812378, 0.9460063576698303, 0.20735108852386475], [0.10822747647762299, -0.18556424975395203, 0.9766538739204407]], [[0.9594762921333313, 0.05253836140036583, -0.27684855461120605], [0.04402203857898712, 0.9424557685852051, 0.33142009377479553], [0.2783297598361969, -0.33017709851264954, 0.9019511342048645]], [[0.9277748465538025, 0.3503599762916565, -0.12838126718997955], [-0.3533022403717041, 0.935509204864502, -0.00015543577319476753], [0.12004739791154861, 0.045501600950956345, 0.9917248487472534]], [[0.9965818524360657, -0.06283876299858093, 0.05362745746970177], [0.05339709296822548, 0.9853047728538513, 0.16224431991577148], [-0.06303462386131287, -0.15882620215415955, 0.9852922558784485]], [[0.9965707063674927, -0.03256366029381752, -0.07606902718544006], [0.03808201476931572, 0.9966587424278259, 0.07225760817527771], [0.07346188277006149, -0.07490666955709457, 0.9944809675216675]], [[0.6248349547386169, 0.7325598001480103, -0.2700691223144531], [-0.7716312408447266, 0.6321428418159485, -0.07057366520166397], [0.11902282387018204, 0.25249066948890686, 0.960250973701477]], [[0.947851300239563, -0.21282437443733215, 0.2372419238090515], [0.09306982904672623, 0.8967592120170593, 0.432621031999588], [-0.3048211634159088, -0.3879803419113159, 0.869801938533783]], [[0.5553566813468933, -0.28410282731056213, -0.7815783023834229], [0.10767684876918793, 0.9564891457557678, -0.27117207646369934], [0.8246118426322937, 0.06643933802843094, 0.5617839097976685]], [[0.2670947313308716, 0.10277765244245529, 0.9581738710403442], [-0.6670358777046204, 0.7373235821723938, 0.1068505048751831], [-0.6955024600028992, -0.6676754951477051, 0.26549163460731506]], [[0.979974627494812, -0.19275541603565216, -0.049951016902923584], [0.18703193962574005, 0.9771198630332947, -0.10127107053995132], [0.06832867860794067, 0.08990063518285751, 0.9936040639877319]], [[0.9645220637321472, 0.2590046525001526, 0.051125213503837585], [-0.25180190801620483, 0.9607236981391907, -0.1166435182094574], [-0.07932842522859573, 0.09963182359933853, 0.9918570518493652]], [[0.9623726606369019, 0.25753074884414673, -0.08669926226139069], [-0.23510101437568665, 0.949108362197876, 0.20957277715206146], [0.13625843822956085, -0.18130402266979218, 0.9739416837692261]], [[0.966664731502533, -0.24484685063362122, 0.07489584386348724], [0.2262362241744995, 0.9537440538406372, 0.19796350598335266], [-0.11990219354629517, -0.17442017793655396, 0.9773439764976501]]]], "pred_betas": [[0.000728546641767025, 0.1332913637161255, 0.6689969301223755, 0.8600910305976868, 0.1380406767129898, 0.28405994176864624, -0.33529752492904663, 0.3816372752189636, 0.6393414735794067, -0.04018717259168625]], "pred_camera": [1.2376878261566162, 0.08440455049276352, 0.3800273835659027]}