{"pred_joints_img": [[382.3432922363281, 145.84542846679688, -46.320804595947266], [383.1338806152344, 183.79014587402344, -11.640104293823242], [335.8439025878906, 194.83206176757812, -10.505532264709473], [278.237060546875, 202.39308166503906, -38.06161880493164], [286.3336181640625, 143.87770080566406, -63.596195220947266], [423.9843444824219, 214.60293579101562, -2.776034116744995], [432.5575866699219, 277.88470458984375, 14.545194625854492], [431.97308349609375, 318.60772705078125, -33.40004348754883], [370.2278137207031, 310.58831787109375, 6.843929290771484], [353.4360656738281, 333.04351806640625, 0.8148286938667297], [335.9556884765625, 377.109375, -83.45975494384766], [310.0931701660156, 462.87322998046875, -37.130985260009766], [386.356689453125, 334.8716125488281, 8.4238862991333], [439.94805908203125, 374.47998046875, -58.33687210083008], [426.3943786621094, 462.7431945800781, -11.73188304901123], [377.13726806640625, 138.05972290039062, -33.76793670654297], [393.6654968261719, 139.83729553222656, -37.59324645996094], [370.3878173828125, 148.43434143066406, -10.092565536499023], [407.28302001953125, 152.24671936035156, -18.228290557861328], [449.17486572265625, 483.1688232421875, -51.32018280029297], [457.8744201660156, 481.6576843261719, -32.16769790649414], [421.11419677734375, 467.7110595703125, 4.696588039398193], [312.4805908203125, 484.1004943847656, -82.94893646240234], [293.663818359375, 479.73126220703125, -72.07835388183594], [305.5179443359375, 470.36834716796875, -20.64986801147461], [310.0931701660156, 462.87322998046875, -37.130985260009766], [335.9556884765625, 377.109375, -83.45975494384766], [335.5938720703125, 303.2373046875, 5.025965213775635], [402.99468994140625, 305.3933410644531, 18.279075622558594], [439.94805908203125, 374.47998046875, -58.33687210083008], [426.3943786621094, 462.7431945800781, -11.73188304901123], [286.3336181640625, 143.87770080566406, -63.596195220947266], [278.237060546875, 202.39308166503906, -38.06161880493164], [335.8439025878906, 194.83206176757812, -10.505532264709473], [423.9843444824219, 214.60293579101562, -2.776034116744995], [432.5575866699219, 277.88470458984375, 14.545194625854492], [431.97308349609375, 318.60772705078125, -33.40004348754883], [383.2628479003906, 183.81747436523438, -12.409625053405762], [393.90155029296875, 116.33601379394531, -9.219049453735352], [368.33746337890625, 305.6394348144531, 16.328006744384766], [381.27435302734375, 198.30242919921875, -7.314400672912598], [373.1825256347656, 242.82704162597656, 6.256165027618408], [386.2160339355469, 159.57981872558594, -30.652320861816406], [391.3551940917969, 132.4363250732422, -10.19841480255127], [382.3432922363281, 145.84542846679688, -46.320804595947266], [393.6654968261719, 139.83729553222656, -37.59324645996094], [377.13726806640625, 138.05972290039062, -33.76793670654297], [407.28302001953125, 152.24671936035156, -18.228290557861328], [370.3878173828125, 148.43434143066406, -10.092565536499023]], "pred_body_pose": [[2.958622694015503, 0.03871285170316696, 0.31286191940307617, -0.9028563499450684, 0.022964147850871086, 0.39566680788993835, -0.8637133836746216, 0.04285167530179024, -0.2968095541000366, 0.5596480965614319, -0.04391273483633995, 0.02113424614071846, 1.4834911823272705, 0.019322605803608894, -0.1542748361825943, 1.4411234855651855, 0.09611263871192932, 0.10602809488773346, -0.0660083070397377, -0.05603910982608795, -0.0372355580329895, -0.19403742253780365, 0.0758809968829155, -0.07505962997674942, -0.19312001764774323, -0.0898028239607811, 0.107975073158741, -0.02270074561238289, -0.027967505156993866, -0.04599710926413536, -0.2479988932609558, 0.05153851583600044, 0.22996702790260315, -0.20647060871124268, -0.08821367472410202, -0.2692900002002716, -0.3321945071220398, -0.2659267783164978, 0.00023408116248901933, 0.024622291326522827, -0.13489626348018646, -0.34856683015823364, -0.17475229501724243, 0.06317979097366333, 0.03883395716547966, -0.09733253717422485, -0.05634517967700958, 0.0321657657623291, 0.16066952049732208, -0.20956145226955414, -0.8908102512359619, -0.47021549940109253, 0.3338426649570465, 0.16334523260593414, 0.16541078686714172, -0.9861232042312622, 0.2737009525299072, -0.5393332839012146, 1.424936056137085, -0.6782696843147278, 0.07435785233974457, -0.05498921126127243, 0.2026870995759964, 0.11130321770906448, 0.07197757810354233, -0.2999374270439148, -0.19393864274024963, -0.11652707308530807, -0.25470834970474243, -0.1902237981557846, 0.10036944597959518, 0.2554926872253418]], "pred_rotmat": [[[[0.9777028560638428, 0.008299441076815128, 0.20982903242111206], [0.04309537261724472, -0.9858806729316711, -0.16180892288684845], [0.20552346110343933, 0.16724371910095215, -0.9642559885978699]], [[0.9276207685470581, -0.34415265917778015, -0.14518500864505768], [0.3250456154346466, 0.5522585511207581, 0.7676951885223389], [-0.18402467668056488, -0.7593217492103577, 0.6241518259048462]], [[0.9580802917480469, 0.23989973962306976, 0.1566213220357895], [-0.27440381050109863, 0.6112061738967896, 0.7423809766769409], [0.08236909657716751, -0.7542381286621094, 0.6514139771461487]], [[0.9988433718681335, -0.032008130103349686, -0.035879265516996384], [0.00807199440896511, 0.8472548723220825, -0.5311253070831299], [0.04739920794963837, 0.5302214026451111, 0.8465332984924316]], [[0.9899942278862, 0.11496840417385101, -0.08181469887495041], [-0.09123936295509338, 0.07925145328044891, -0.992670476436615], [-0.10764180123806, 0.990202784538269, 0.08894812315702438]], [[0.991429328918457, -0.014697566628456116, 0.12981466948986053], [0.13062989711761475, 0.1261441558599472, -0.9833735227584839], [-0.0019221619004383683, 0.9919030666351318, 0.12698295712471008]], [[0.997738242149353, 0.039028599858284, -0.054728150367736816], [-0.035332296043634415, 0.9971303343772888, 0.06695316731929779], [0.057184185832738876, -0.06486806273460388, 0.996254026889801]], [[0.9943273067474365, 0.06711579114198685, 0.08251474797725677], [-0.08177945017814636, 0.9784460663795471, 0.18961910903453827], [-0.06800980120897293, -0.19529147446155548, 0.9783843159675598]], [[0.9901852011680603, -0.09832166880369186, -0.09932847321033478], [0.11558213084936142, 0.9756391048431396, 0.18646477162837982], [0.07857522368431091, -0.19611524045467377, 0.97742760181427]], [[0.9985514283180237, 0.046288296580314636, -0.02742966264486313], [-0.04565359652042389, 0.998684823513031, 0.023330863565206528], [0.028473535552620888, -0.02204480580985546, 0.9993513822555542]], [[0.9724992513656616, -0.23183579742908478, 0.022300267592072487], [0.21917849779129028, 0.9433615207672119, 0.249057799577713], [-0.0787777304649353, -0.23732079565525055, 0.9682317972183228]], [[0.9602602124214172, 0.2728203535079956, -0.058900799602270126], [-0.2547926604747772, 0.9430137872695923, 0.2140226662158966], [0.11393401026725769, -0.19050997495651245, 0.97505122423172]], [[0.965171754360199, 0.04328015074133873, -0.25801217555999756], [0.04373431205749512, 0.9456509351730347, 0.32222914695739746], [0.2579355835914612, -0.32229045033454895, 0.9108227491378784]], [[0.9309649467468262, 0.33883166313171387, -0.13600526750087738], [-0.3421144485473633, 0.939657986164093, -0.0008139699348248541], [0.12752263247966766, 0.047287147492170334, 0.9907078742980957]], [[0.9972583055496216, -0.044104963541030884, 0.059418004006147385], [0.0330972857773304, 0.9840248823165894, 0.17492762207984924], [-0.06618396937847137, -0.1724814623594284, 0.9827867150306702]], [[0.997897744178772, -0.029353488236665726, -0.05778038129210472], [0.0348314493894577, 0.9947518706321716, 0.09620556980371475], [0.05465317517518997, -0.09801588207483292, 0.9936830997467041]], [[0.6105401515960693, 0.7524030208587646, -0.24724571406841278], [-0.7837195992469788, 0.6189581155776978, -0.05171491578221321], [0.11412429064512253, 0.22534532845020294, 0.9675717353820801]], [[0.9329767227172852, -0.22990678250789642, 0.2769428789615631], [0.07757223397493362, 0.8797725439071655, 0.469023197889328], [-0.35147836804389954, -0.41610461473464966, 0.8386417031288147]], [[0.5215762853622437, -0.3017541468143463, -0.7980619072914124], [0.15273384749889374, 0.953282356262207, -0.26062461733818054], [0.8394228219985962, 0.014044543728232384, 0.543297529220581]], [[0.017908021807670593, 0.10173529386520386, 0.9946503639221191], [-0.7078425288200378, 0.7038809657096863, -0.05925044044852257], [-0.7061432003974915, -0.7029947638511658, 0.08461768180131912]], [[0.9780381321907043, -0.20305053889751434, -0.04703087359666824], [0.19897854328155518, 0.9767906665802002, -0.07929406315088272], [0.062040019780397415, 0.06819447875022888, 0.9957412481307983]], [[0.9528531432151794, 0.2985606789588928, 0.05415156111121178], [-0.2906208634376526, 0.9492815136909485, -0.12001713365316391], [-0.08723746985197067, 0.09862112998962402, 0.9912938475608826]], [[0.9611504673957825, 0.2610003650188446, -0.08982503414154053], [-0.23861899971961975, 0.9492494463920593, 0.2049059271812439], [0.13874688744544983, -0.1755114644765854, 0.9746512174606323]], [[0.9626736044883728, -0.26022762060165405, 0.0744386538863182], [0.24131174385547638, 0.9497389197349548, 0.19941045343875885], [-0.12258940190076828, -0.17400425672531128, 0.9770845770835876]]]], "pred_betas": [[0.05461469292640686, 0.1182054877281189, 0.5923005938529968, 0.8467708230018616, 0.12872090935707092, 0.2454509288072586, -0.2840587794780731, 0.37752091884613037, 0.635129451751709, -0.041538991034030914]], "pred_camera": [1.250673770904541, 0.07809136807918549, 0.3850608468055725]}