{"pred_joints_img": [[385.1487121582031, 146.2890625, -47.58012008666992], [386.2018737792969, 184.33224487304688, -13.57136058807373], [339.1851806640625, 198.90194702148438, -10.982133865356445], [282.58575439453125, 216.6143341064453, -34.063045501708984], [270.0061950683594, 164.03884887695312, -67.64351654052734], [428.05596923828125, 213.6331787109375, -5.606963157653809], [442.9888916015625, 274.87225341796875, 11.90002155303955], [451.10357666015625, 327.08935546875, -20.80180549621582], [376.91790771484375, 310.3034362792969, 6.810044765472412], [359.9430847167969, 332.77142333984375, 2.1273183822631836], [334.7073669433594, 378.9171142578125, -77.53338623046875], [311.7786560058594, 461.6001892089844, -27.154760360717773], [393.1451721191406, 334.3769226074219, 8.142736434936523], [441.98516845703125, 375.76580810546875, -59.504737854003906], [428.2055969238281, 462.65423583984375, -13.289778709411621], [379.39794921875, 138.69125366210938, -35.31747817993164], [395.9486389160156, 140.04881286621094, -38.56744384765625], [372.14031982421875, 149.2252655029297, -11.965140342712402], [409.1126403808594, 152.00514221191406, -19.002906799316406], [447.8735656738281, 483.54364013671875, -53.77226257324219], [457.839599609375, 482.250732421875, -35.36399841308594], [423.7500305175781, 467.4044189453125, 3.2486276626586914], [309.9064025878906, 484.3537292480469, -71.69026947021484], [292.21734619140625, 479.2198486328125, -59.7246208190918], [308.4731140136719, 468.1461486816406, -10.279364585876465], [311.7786560058594, 461.6001892089844, -27.154760360717773], [334.7073669433594, 378.9171142578125, -77.53338623046875], [342.44775390625, 302.991943359375, 6.4616899490356445], [410.1910705566406, 304.8335266113281, 16.62584686279297], [441.98516845703125, 375.76580810546875, -59.504737854003906], [428.2055969238281, 462.65423583984375, -13.289778709411621], [270.0061950683594, 164.03884887695312, -67.64351654052734], [282.58575439453125, 216.6143341064453, -34.063045501708984], [339.1851806640625, 198.90194702148438, -10.982133865356445], [428.05596923828125, 213.6331787109375, -5.606963157653809], [442.9888916015625, 274.87225341796875, 11.90002155303955], [451.10357666015625, 327.08935546875, -20.80180549621582], [386.35113525390625, 184.50900268554688, -14.19195556640625], [394.6429443359375, 116.74525451660156, -10.355903625488281], [375.5885009765625, 305.1309814453125, 16.235349655151367], [384.8707275390625, 199.42518615722656, -9.095599174499512], [379.0467224121094, 243.6322479248047, 4.797458171844482], [388.8037109375, 159.8865509033203, -31.896724700927734], [392.60693359375, 132.80421447753906, -11.449657440185547], [385.1487121582031, 146.2890625, -47.58012008666992], [395.9486389160156, 140.04881286621094, -38.56744384765625], [379.39794921875, 138.69125366210938, -35.31747817993164], [409.1126403808594, 152.00514221191406, -19.002906799316406], [372.14031982421875, 149.2252655029297, -11.965140342712402]], "pred_body_pose": [[2.988053560256958, 0.03867793828248978, 0.2422618418931961, -0.9048148393630981, 0.04572458937764168, 0.37294241786003113, -0.8369494676589966, 0.03174706548452377, -0.33686503767967224, 0.557529091835022, -0.032851334661245346, 0.028651099652051926, 1.4681811332702637, 0.024430036544799805, -0.16100288927555084, 1.4333994388580322, 0.0844135731458664, 0.10801645368337631, -0.07458629459142685, -0.04741327464580536, -0.02225104160606861, -0.19616550207138062, 0.06971117854118347, -0.06687983870506287, -0.18673594295978546, -0.08334697037935257, 0.09616518020629883, -0.03499173745512962, -0.0181980449706316, -0.03781271353363991, -0.2175745666027069, 0.025735558941960335, 0.21072834730148315, -0.19692856073379517, -0.07719408720731735, -0.2338501214981079, -0.37166401743888855, -0.21416619420051575, 1.875488851510454e-05, 0.02734474092721939, -0.12869693338871002, -0.3681623935699463, -0.149631068110466, 0.06242404505610466, 0.11039559543132782, -0.0745229721069336, -0.049082767218351364, 0.008995339274406433, 0.132903590798378, -0.17595192790031433, -0.8200531601905823, -0.44843125343322754, 0.3168925344944, 0.212226003408432, 0.0657564327120781, -0.7019522786140442, 0.1419050693511963, -0.6282097697257996, 1.2748204469680786, -0.5666967034339905, 0.09665139764547348, -0.058443065732717514, 0.17947106063365936, 0.05592953786253929, 0.08155783265829086, -0.26802146434783936, -0.17732569575309753, -0.10951665788888931, -0.23372800648212433, -0.15750378370285034, 0.09471464902162552, 0.22548729181289673]], "pred_rotmat": [[[[0.9866770505905151, 0.014028355479240417, 0.16208498179912567], [0.0371374636888504, -0.9893925189971924, -0.1404394954442978], [0.15839552879333496, 0.14458785951137543, -0.9767318964004517]], [[0.9348803162574768, -0.33516231179237366, -0.11689771711826324], [0.29699525237083435, 0.55821293592453, 0.7747207880020142], [-0.19440336525440216, -0.7589892148971558, 0.6214038729667664]], [[0.9465405941009521, 0.2805306911468506, 0.15925925970077515], [-0.3053451478481293, 0.6199185252189636, 0.7228176593780518], [0.10404475033283234, -0.7328052520751953, 0.6724367141723633]], [[0.9990744590759277, -0.03610249236226082, -0.023384680971503258], [0.01825929991900921, 0.8481892943382263, -0.5293785333633423], [0.03894651681184769, 0.5284615755081177, 0.8480634689331055]], [[0.9889830350875854, 0.12341681867837906, -0.08173690736293793], [-0.09361491352319717, 0.09372282028198242, -0.9911873936653137], [-0.11466857045888901, 0.9879192113876343, 0.1042439341545105]], [[0.9921188354492188, -0.023631079122424126, 0.12305192649364471], [0.12511534988880157, 0.13347128033638, -0.9831233024597168], [0.006808369420468807, 0.9907708764076233, 0.1353759765625]], [[0.9986293911933899, 0.023987218737602234, -0.04651842638850212], [-0.020453281700611115, 0.9969729781150818, 0.07501021772623062], [0.048176903277635574, -0.0739559531211853, 0.9960971474647522]], [[0.9953522682189941, 0.05953789874911308, 0.07569064944982529], [-0.07315841317176819, 0.9786086082458496, 0.19228415191173553], [-0.06262331455945969, -0.19692789018154144, 0.9784160256385803]], [[0.9919371604919434, -0.08759994059801102, -0.09158003330230713], [0.10309770703315735, 0.9780347347259521, 0.18116021156311035], [0.07369881868362427, -0.18914124369621277, 0.9791803359985352]], [[0.9991196990013123, 0.03811221569776535, -0.017527587711811066], [-0.037475597113370895, 0.9986732006072998, 0.03531830012798309], [0.01885039173066616, -0.03463035449385643, 0.9992223381996155]], [[0.9776386022567749, -0.2102760374546051, 0.0025924553629010916], [0.20471961796283722, 0.9544796347618103, 0.2169298678636551], [-0.04808959737420082, -0.21154829859733582, 0.9761837720870972]], [[0.969927966594696, 0.23753228783607483, -0.05308551713824272], [-0.22245609760284424, 0.953652560710907, 0.20263279974460602], [0.09875696897506714, -0.18473003804683685, 0.977814793586731]], [[0.9774159789085388, 0.03917423635721207, -0.20766198635101318], [0.03921060636639595, 0.9319854378700256, 0.3603687286376953], [0.207655131816864, -0.3603726625442505, 0.9094014167785645]], [[0.9249106049537659, 0.35711729526519775, -0.13041310012340546], [-0.3605918884277344, 0.9327179193496704, -0.0032629703637212515], [0.12047339230775833, 0.05004386603832245, 0.9914543032646179]], [[0.9919837713241577, -0.11434441059827805, 0.053791679441928864], [0.1050337478518486, 0.9827669858932495, 0.1521080732345581], [-0.07025740295648575, -0.14523880183696747, 0.9868988990783691]], [[0.9987558126449585, -0.0071556102484464645, -0.049351949244737625], [0.01081095915287733, 0.9971846342086792, 0.07420249283313751], [0.048682037740945816, -0.07464371621608734, 0.9960213303565979]], [[0.6689112186431885, 0.7139819264411926, -0.20685167610645294], [-0.7359946370124817, 0.6751691102981567, -0.049584224820137024], [0.10425761342048645, 0.18540917336940765, 0.9771150946617126]], [[0.9293459057807922, -0.26920270919799805, 0.252677857875824], [0.13115490972995758, 0.8804479241371155, 0.45564213395118713], [-0.3451298177242279, -0.39030921459198, 0.8535479307174683]], [[0.7544265985488892, -0.15208660066127777, -0.6385219097137451], [0.10788413137197495, 0.988287627696991, -0.10792841017246246], [0.6474577784538269, 0.012537680566310883, 0.761998176574707]], [[0.20247678458690643, 0.041918203234672546, 0.9783895611763], [-0.6982365846633911, 0.7066959738731384, 0.11422166228294373], [-0.6866359114646912, -0.7062745690345764, 0.17235834896564484]], [[0.982253909111023, -0.18094274401664734, -0.04936543107032776], [0.1753152757883072, 0.9793020486831665, -0.10115345567464828], [0.06664665788412094, 0.09070386737585068, 0.9936453104019165]], [[0.9610226154327393, 0.2666558027267456, 0.07300862669944763], [-0.26212525367736816, 0.9627724289894104, -0.06602733582258224], [-0.08789726346731186, 0.044316355139017105, 0.9951432943344116]], [[0.9669599533081055, 0.2395574301481247, -0.0871812179684639], [-0.22029554843902588, 0.9573139548301697, 0.18713584542274475], [0.128289595246315, -0.1617472618818283, 0.9784576892852783]], [[0.9703026413917542, -0.22972695529460907, 0.07575176656246185], [0.2149139940738678, 0.962440013885498, 0.16589511930942535], [-0.1110171228647232, -0.14468836784362793, 0.9832296371459961]]]], "pred_betas": [[-0.00033321231603622437, 0.056049644947052, 0.6232190728187561, 0.8940866589546204, 0.27398478984832764, 0.2662011682987213, -0.2773089110851288, 0.3938319981098175, 0.5904465913772583, -0.18281301856040955]], "pred_camera": [1.2548856735229492, 0.10698384791612625, 0.3959173262119293]}