{"pred_joints_img": [[386.568115234375, 146.28036499023438, -49.233238220214844], [387.83721923828125, 184.66409301757812, -15.62182903289795], [340.5910339355469, 195.84085083007812, -14.916643142700195], [279.9200134277344, 205.54408264160156, -32.89470291137695], [256.4544372558594, 158.5276641845703, -69.42623138427734], [427.765625, 216.2097625732422, -5.43109655380249], [435.33819580078125, 279.7112121582031, 10.36996078491211], [434.7254638671875, 320.7922058105469, -36.705322265625], [373.19158935546875, 310.464111328125, 6.754724025726318], [355.9691162109375, 332.88671875, 2.01615571975708], [334.9731750488281, 376.98712158203125, -81.11323547363281], [312.2996520996094, 462.9481506347656, -34.43935775756836], [388.9070739746094, 334.9004821777344, 9.596416473388672], [442.8164367675781, 377.8059387207031, -54.46444320678711], [427.83489990234375, 461.7769470214844, -1.7121871709823608], [381.61163330078125, 138.73033142089844, -36.468204498291016], [398.01763916015625, 140.2219696044922, -40.75477981567383], [375.7027282714844, 149.55494689941406, -12.943586349487305], [412.16558837890625, 152.74765014648438, -22.032760620117188], [450.3785400390625, 485.38604736328125, -39.161563873291016], [458.8690185546875, 482.9957275390625, -20.189210891723633], [422.52972412109375, 465.08905029296875, 14.939122200012207], [312.20220947265625, 484.7578125, -79.7801284790039], [294.1009521484375, 480.44818115234375, -68.05029296875], [308.6285705566406, 470.0975341796875, -17.80438995361328], [312.2996520996094, 462.9481506347656, -34.43935775756836], [334.9731750488281, 376.98712158203125, -81.11323547363281], [338.78271484375, 302.678955078125, 4.896615982055664], [406.1011962890625, 305.1743469238281, 17.81997299194336], [442.8164367675781, 377.8059387207031, -54.46444320678711], [427.83489990234375, 461.7769470214844, -1.7121871709823608], [256.4544372558594, 158.5276641845703, -69.42623138427734], [279.9200134277344, 205.54408264160156, -32.89470291137695], [340.5910339355469, 195.84085083007812, -14.916643142700195], [427.765625, 216.2097625732422, -5.43109655380249], [435.33819580078125, 279.7112121582031, 10.36996078491211], [434.7254638671875, 320.7922058105469, -36.705322265625], [387.99761962890625, 184.74960327148438, -16.31620979309082], [398.79791259765625, 117.31710815429688, -11.980313301086426], [371.49755859375, 305.0382995605469, 16.020137786865234], [385.7186279296875, 199.39682006835938, -11.040587425231934], [376.9303283691406, 243.41415405273438, 2.95668625831604], [390.9949645996094, 160.08331298828125, -34.054893493652344], [396.3883972167969, 133.3915557861328, -13.218670845031738], [386.568115234375, 146.28036499023438, -49.233238220214844], [398.01763916015625, 140.2219696044922, -40.75477981567383], [381.61163330078125, 138.73033142089844, -36.468204498291016], [412.16558837890625, 152.74765014648438, -22.032760620117188], [375.7027282714844, 149.55494689941406, -12.943586349487305]], "pred_body_pose": [[3.011357545852661, 0.05818407982587814, 0.31368309259414673, -0.9067785143852234, 0.028364628553390503, 0.4157927334308624, -0.9005417823791504, 0.018304869532585144, -0.32521381974220276, 0.5619633197784424, -0.04317281395196915, 0.025436745956540108, 1.5113416910171509, 0.017749715596437454, -0.14799334108829498, 1.4309537410736084, 0.04569948837161064, 0.10798342525959015, -0.0983734205365181, -0.04533829167485237, -0.048471126705408096, -0.1846180260181427, 0.06404831260442734, -0.0655219554901123, -0.17442269623279572, -0.07220733910799026, 0.10289682447910309, -0.03257068619132042, -0.01988084614276886, -0.04250779747962952, -0.2511216998100281, 0.04497401788830757, 0.17828966677188873, -0.17260514199733734, -0.07168171554803848, -0.24504278600215912, -0.36727356910705566, -0.30644768476486206, -0.017594991251826286, 0.02338089980185032, -0.12385988980531693, -0.3764389753341675, -0.1365065574645996, 0.03760448098182678, 0.06597499549388885, -0.08052092790603638, -0.07341186702251434, 0.07154686748981476, 0.15821771323680878, -0.2508675754070282, -0.8579395413398743, -0.4345545470714569, 0.20011094212532043, 0.16233155131340027, 0.1599663943052292, -0.9544520378112793, 0.2527030408382416, -0.6344580054283142, 1.0082849264144897, -0.4828342795372009, 0.11604086309671402, -0.0651114284992218, 0.22829313576221466, 0.11776106059551239, 0.060111213475465775, -0.2646637558937073, -0.20223352313041687, -0.10860950499773026, -0.24172523617744446, -0.18538613617420197, 0.10054507851600647, 0.22878015041351318]], "pred_rotmat": [[[[0.977872371673584, 0.026371682062745094, 0.20753341913223267], [0.04981129616498947, -0.9928431510925293, -0.108542300760746], [0.20318567752838135, 0.11647802591323853, -0.9721875190734863]], [[0.9201284050941467, -0.3619597852230072, -0.14949503540992737], [0.3383043706417084, 0.542383074760437, 0.7690063714981079], [-0.19726578891277313, -0.7581594586372375, 0.6215146780014038]], [[0.9508827328681946, 0.2701052129268646, 0.15121251344680786], [-0.2853676378726959, 0.5756067633628845, 0.7663173079490662], [0.11994736641645432, -0.7718290686607361, 0.6244138479232788]], [[0.9987773895263672, -0.035920970141887665, -0.033958908170461655], [0.012296201661229134, 0.8459279537200928, -0.5331554412841797], [0.04787824675440788, 0.5320861339569092, 0.8453354239463806]], [[0.9908689260482788, 0.10834193229675293, -0.08025434613227844], [-0.08629147708415985, 0.05222807452082634, -0.9948999285697937], [-0.10359787940979004, 0.9927407503128052, 0.06110016256570816]], [[0.9942282438278198, -0.04707343503832817, 0.09640689939260483], [0.10197795182466507, 0.13551311194896698, -0.9855133891105652], [0.03332710638642311, 0.9896566271781921, 0.13953141868114471]], [[0.9978001117706299, 0.05058487504720688, -0.042850613594055176], [-0.04613001272082329, 0.9939936995506287, 0.09924021363258362], [0.04761328920722008, -0.09704519063234329, 0.9941405057907104]], [[0.9958171844482422, 0.059167709201574326, 0.0696227103471756], [-0.07095038890838623, 0.9808793663978577, 0.1812228560447693], [-0.05756893754005432, -0.18540459871292114, 0.9809744954109192]], [[0.9921295642852783, -0.09583284705877304, -0.08059157431125641], [0.10837899148464203, 0.9795733690261841, 0.16938136518001556], [0.06271306425333023, -0.17678268253803253, 0.9822499752044678]], [[0.9988992214202881, 0.04280836135149002, -0.019177967682480812], [-0.0421610027551651, 0.9985665082931519, 0.03297540172934532], [0.020562099292874336, -0.032130539417266846, 0.9992721676826477]], [[0.9832310676574707, -0.18102657794952393, 0.022045334801077843], [0.16982349753379822, 0.9529569745063782, 0.2510637938976288], [-0.06645747274160385, -0.24310992658138275, 0.9677194952964783]], [[0.9676650762557983, 0.2473197877407074, -0.0495714396238327], [-0.23504473268985748, 0.9554351568222046, 0.17859910428524017], [0.09153337776660919, -0.16117258369922638, 0.9826724529266357]], [[0.9537826776504517, 0.07213959842920303, -0.2917094826698303], [0.03827803209424019, 0.933681070804596, 0.3560539484024048], [0.2980492115020752, -0.3507641851902008, 0.887767493724823]], [[0.9225020408630371, 0.36520010232925415, -0.12497540563344955], [-0.3680582046508789, 0.9298027157783508, 0.00023667799541726708], [0.11628890037536621, 0.045779887586832047, 0.9921597838401794]], [[0.9971224069595337, -0.06826842576265335, 0.03295787423849106], [0.06314561516046524, 0.9885299801826477, 0.137190043926239], [-0.041945599019527435, -0.13471414148807526, 0.9899962544441223]], [[0.994753360748291, -0.06839300692081451, -0.0760805755853653], [0.07429582625627518, 0.994206964969635, 0.077670618891716], [0.07032770663499832, -0.08291556686162949, 0.9940720200538635]], [[0.6271930932998657, 0.7263524532318115, -0.28114211559295654], [-0.7633923292160034, 0.6448778510093689, -0.03694147244095802], [0.1544697880744934, 0.23779118061065674, 0.9589548110961914]], [[0.9675021171569824, -0.19807632267475128, 0.15717929601669312], [0.11295110732316971, 0.89467453956604, 0.43220311403274536], [-0.22623351216316223, -0.4004038870334625, 0.8879724740982056]], [[0.5518856644630432, -0.282810240983963, -0.7845001816749573], [0.14244183897972107, 0.9588823914527893, -0.2454686015844345], [0.8216644525527954, 0.02372497320175171, 0.5694774389266968]], [[0.4565562605857849, 0.08226115256547928, 0.8858835101127625], [-0.6386027932167053, 0.7235895991325378, 0.26192474365234375], [-0.6194698214530945, -0.6853110790252686, 0.38289156556129456]], [[0.9719849824905396, -0.229401633143425, -0.05118758976459503], [0.2218898981809616, 0.9673987627029419, -0.12208431214094162], [0.07752514630556107, 0.1073061004281044, 0.9911989569664001]], [[0.9634377360343933, 0.2643333375453949, 0.043767936527729034], [-0.2573060691356659, 0.9583479166030884, -0.12394745647907257], [-0.07470835000276566, 0.10815390199422836, 0.9913231134414673]], [[0.9652103781700134, 0.24815396964550018, -0.0823921337723732], [-0.22639213502407074, 0.9507935047149658, 0.211514413356781], [0.13082604110240936, -0.18550299108028412, 0.9738958477973938]], [[0.9690262675285339, -0.23435120284557343, 0.07789470255374908], [0.21586142480373383, 0.9569944739341736, 0.19381801784038544], [-0.1199662834405899, -0.17100028693675995, 0.9779401421546936]]]], "pred_betas": [[-0.06839728355407715, 0.16697540879249573, 0.6893773078918457, 0.8346729874610901, 0.11186539381742477, 0.37109968066215515, -0.366736501455307, 0.41035476326942444, 0.5651158690452576, -0.03897680342197418]], "pred_camera": [1.2667920589447021, 0.11834181845188141, 0.39725568890571594]}