{"pred_joints_img": [[383.1961975097656, 144.62168884277344, -52.47085189819336], [383.3736267089844, 183.24411010742188, -17.066280364990234], [335.470703125, 195.82200622558594, -18.401981353759766], [281.1957092285156, 207.52850341796875, -53.17235565185547], [289.4334411621094, 148.5211944580078, -80.48123931884766], [425.1407470703125, 213.0918426513672, -5.093620300292969], [434.5255126953125, 276.5539855957031, 15.455856323242188], [437.6337585449219, 317.91119384765625, -33.341495513916016], [371.1136169433594, 311.1201171875, 6.936782360076904], [354.1120910644531, 334.2026062011719, 1.4186445474624634], [335.8697509765625, 379.663818359375, -83.74635314941406], [308.985595703125, 465.53167724609375, -34.666805267333984], [387.66455078125, 335.69805908203125, 9.299947738647461], [440.597412109375, 374.2138977050781, -60.72417449951172], [428.1460876464844, 463.439697265625, -12.104565620422363], [377.6247253417969, 136.82272338867188, -39.739192962646484], [394.5360107421875, 138.52857971191406, -43.29500198364258], [370.294189453125, 147.57749938964844, -15.882746696472168], [408.0496826171875, 151.26283264160156, -23.39851951599121], [449.684326171875, 484.15447998046875, -53.299686431884766], [459.434326171875, 482.535888671875, -34.21665954589844], [423.4454040527344, 468.3533630371094, 4.787197113037109], [311.531494140625, 487.822998046875, -81.02558135986328], [292.4080505371094, 483.16485595703125, -69.99119567871094], [304.2110595703125, 472.8103942871094, -17.790029525756836], [308.985595703125, 465.53167724609375, -34.666805267333984], [335.8697509765625, 379.663818359375, -83.74635314941406], [335.8131103515625, 303.8684997558594, 4.866547584533691], [404.5621337890625, 305.4382019042969, 18.70728302001953], [440.597412109375, 374.2138977050781, -60.72417449951172], [428.1460876464844, 463.439697265625, -12.104565620422363], [289.4334411621094, 148.5211944580078, -80.48123931884766], [281.1957092285156, 207.52850341796875, -53.17235565185547], [335.470703125, 195.82200622558594, -18.401981353759766], [425.1407470703125, 213.0918426513672, -5.093620300292969], [434.5255126953125, 276.5539855957031, 15.455856323242188], [437.6337585449219, 317.91119384765625, -33.341495513916016], [383.5358581542969, 183.25006103515625, -17.756671905517578], [394.1064147949219, 114.876708984375, -14.297513008117676], [369.19158935546875, 305.9276123046875, 16.599023818969727], [381.5690002441406, 197.94015502929688, -12.44345474243164], [373.70941162109375, 242.77333068847656, 3.191356658935547], [386.90924072265625, 158.7330322265625, -36.501983642578125], [391.5787353515625, 131.22509765625, -15.420745849609375], [383.1961975097656, 144.62168884277344, -52.47085189819336], [394.5360107421875, 138.52857971191406, -43.29500198364258], [377.6247253417969, 136.82272338867188, -39.739192962646484], [408.0496826171875, 151.26283264160156, -23.39851951599121], [370.294189453125, 147.57749938964844, -15.882746696472168]], "pred_body_pose": [[2.985475540161133, 0.027506303042173386, 0.31936171650886536, -0.9513293504714966, 0.002855492290109396, 0.37628066539764404, -0.8787426352500916, 0.04564454406499863, -0.31399962306022644, 0.5878451466560364, -0.0338301956653595, 0.025706304237246513, 1.511399507522583, 0.01652502454817295, -0.15866483747959137, 1.4533921480178833, 0.09869208186864853, 0.10871484875679016, -0.07848577201366425, -0.039179250597953796, -0.03613375499844551, -0.20599038898944855, 0.062230002135038376, -0.06768358498811722, -0.20027059316635132, -0.07840849459171295, 0.10489282757043839, -0.02967199496924877, -0.011701480485498905, -0.0457330085337162, -0.24096137285232544, 0.05580873042345047, 0.22272291779518127, -0.21095873415470123, -0.10560307651758194, -0.2630356252193451, -0.3575482666492462, -0.27840375900268555, -0.007576939184218645, 0.015400530770421028, -0.1387404352426529, -0.3380465507507324, -0.17564965784549713, 0.10326831787824631, 0.044574737548828125, -0.11754852533340454, -0.07439478486776352, 0.0265270434319973, 0.16562756896018982, -0.20503529906272888, -0.8998038172721863, -0.4771097004413605, 0.378947913646698, 0.17633700370788574, 0.17106051743030548, -1.0139673948287964, 0.31156134605407715, -0.5357010364532471, 1.411285161972046, -0.689670979976654, 0.07990746945142746, -0.055986642837524414, 0.21094797551631927, 0.12141016125679016, 0.07260724902153015, -0.3088427186012268, -0.1821943074464798, -0.11739833652973175, -0.24903804063796997, -0.18254978954792023, 0.0976223573088646, 0.24262164533138275]], "pred_rotmat": [[[[0.9773168563842773, 0.003396790474653244, 0.21175488829612732], [0.03286110982298851, -0.9901937246322632, -0.13578075170516968], [0.2092171609401703, 0.1396593302488327, -0.9678446650505066]], [[0.9351658821105957, -0.31523770093917847, -0.16152448952198029], [0.3127500116825104, 0.5207718014717102, 0.7943452000617981], [-0.16629011929035187, -0.7933611273765564, 0.5855986475944519]], [[0.9532172083854675, 0.2516343891620636, 0.1675027757883072], [-0.2889102101325989, 0.5953706502914429, 0.7497098445892334], [0.0889265239238739, -0.7630295157432556, 0.6402173042297363]], [[0.9991230964660645, -0.033902619034051895, -0.024565881118178368], [0.01458474900573492, 0.8318420648574829, -0.554820716381073], [0.03924480825662613, 0.5539759993553162, 0.8316071033477783]], [[0.9895443320274353, 0.11452499777078629, -0.08767031878232956], [-0.09400122612714767, 0.05109159275889397, -0.9942602515220642], [-0.10938843339681625, 0.9921056628227234, 0.0613228864967823]], [[0.991006076335907, -0.014133051969110966, 0.13306842744350433], [0.13381114602088928, 0.11384789645671844, -0.9844456315040588], [-0.0012363396817818284, 0.9933976531028748, 0.11471511423587799]], [[0.998580813407898, 0.03761593997478485, -0.03770357742905617], [-0.03454321622848511, 0.9962700009346008, 0.0790754184126854], [0.04053743556141853, -0.07766078412532806, 0.9961555004119873]], [[0.9957910180091858, 0.0607287734746933, 0.06864514946937561], [-0.07349329441785812, 0.9765929579734802, 0.20215076208114624], [-0.05476199835538864, -0.20634488761425018, 0.9769456386566162]], [[0.9914656281471252, -0.09608061611652374, -0.08811581879854202], [0.11170874536037445, 0.9745662808418274, 0.19427217543125153], [0.0672089159488678, -0.2024575024843216, 0.9769819974899292]], [[0.9988861083984375, 0.045882873237133026, -0.011017099022865295], [-0.04553575441241264, 0.9985144138336182, 0.029924124479293823], [0.012373737059533596, -0.029389118775725365, 0.9994915127754211]], [[0.9738824367523193, -0.22529539465904236, 0.028196992352604866], [0.21197132766246796, 0.9466611742973328, 0.2426947057247162], [-0.0813709944486618, -0.2303791344165802, 0.9696928858757019]], [[0.9602463245391846, 0.26862019300460815, -0.07596205919981003], [-0.24657310545444489, 0.9437432885169983, 0.22034136950969696], [0.130876824259758, -0.19285178184509277, 0.9724605679512024]], [[0.9618763327598572, 0.05624545365571976, -0.267638623714447], [0.041605059057474136, 0.9371380805969238, 0.3464696705341339], [0.2703016698360443, -0.34439608454704285, 0.8990708589553833]], [[0.9339786767959595, 0.32950401306152344, -0.1382421851158142], [-0.33161696791648865, 0.9433789849281311, 0.008130638860166073], [0.13309386372566223, 0.03824961185455322, 0.9903649687767029]], [[0.9936972856521606, -0.05328892916440964, 0.09862057864665985], [0.03521556034684181, 0.9836395382881165, 0.176672101020813], [-0.10642178356647491, -0.17208561301231384, 0.9793165326118469]], [[0.9968860745429993, -0.02207326889038086, -0.07570286095142365], [0.030803654342889786, 0.9927514791488647, 0.11617090553045273], [0.07258985191583633, -0.11814107745885849, 0.9903400540351868]], [[0.604453980922699, 0.7578683495521545, -0.24550136923789978], [-0.789411723613739, 0.6112378835678101, -0.056721679866313934], [0.10707216709852219, 0.22808732092380524, 0.9677353501319885]], [[0.9155414700508118, -0.25215762853622437, 0.31336936354637146], [0.07733899354934692, 0.8749153017997742, 0.4780605137348175], [-0.3947182595729828, -0.4134485423564911, 0.8205228447914124]], [[0.48948439955711365, -0.3336765170097351, -0.805645763874054], [0.17628441751003265, 0.9426817893981934, -0.2833283841609955], [0.8540075421333313, -0.003337983274832368, 0.5202500224113464]], [[0.024723151698708534, 0.11508619040250778, 0.993047833442688], [-0.7127549648284912, 0.6985589265823364, -0.06321240216493607], [-0.7009772658348083, -0.7062369585037231, 0.09929883480072021]], [[0.9762902855873108, -0.21128077805042267, -0.04709366708993912], [0.2068271040916443, 0.9746721982955933, -0.08506860584020615], [0.0638742446899414, 0.07331139594316483, 0.9952616095542908]], [[0.9501543641090393, 0.30730241537094116, 0.05265011638402939], [-0.2985716462135315, 0.9454652667045593, -0.13019326329231262], [-0.0897875726222992, 0.10798384249210358, 0.9900897145271301]], [[0.9624418020248413, 0.2551364302635193, -0.09279591590166092], [-0.2339407056570053, 0.9528234601020813, 0.19338856637477875], [0.13775861263275146, -0.16441652178764343, 0.9767239093780518]], [[0.9660911560058594, -0.24736446142196655, 0.07401754707098007], [0.22969405353069305, 0.9542945623397827, 0.19121326506137848], [-0.11793390661478043, -0.16772806644439697, 0.9787536859512329]]]], "pred_betas": [[0.08825936168432236, 0.10738148540258408, 0.5576274394989014, 0.8539733290672302, 0.26898810267448425, 0.1951153427362442, -0.309475839138031, 0.37094464898109436, 0.6579012870788574, -0.1443730890750885]], "pred_camera": [1.2826002836227417, 0.0683082789182663, 0.40679579973220825]}