{"pred_joints_img": [[381.59344482421875, 145.0071258544922, -43.08665466308594], [385.5391845703125, 181.4048614501953, -8.76184368133545], [340.20269775390625, 199.0753173828125, -3.4759721755981445], [290.39801025390625, 234.879150390625, -13.902837753295898], [261.99652099609375, 225.37109375, -68.4657974243164], [428.54071044921875, 204.21633911132812, -6.336845397949219], [477.531005859375, 245.53463745117188, -5.228693962097168], [508.6940612792969, 269.6203308105469, -51.70867919921875], [377.9217224121094, 307.0851745605469, 6.6725172996521], [360.53497314453125, 328.6828308105469, 3.170898914337158], [333.33868408203125, 374.604736328125, -73.89945983886719], [315.74163818359375, 454.6751708984375, -20.897951126098633], [393.19097900390625, 331.0859069824219, 6.904667854309082], [437.09912109375, 378.01226806640625, -58.05801773071289], [420.36090087890625, 457.69232177734375, -4.410655975341797], [375.47509765625, 137.81210327148438, -31.06586265563965], [391.7415466308594, 137.86703491210938, -34.45732116699219], [369.3541564941406, 148.2476348876953, -7.849327087402344], [405.7469482421875, 148.14303588867188, -15.160932540893555], [440.502197265625, 482.81500244140625, -41.22262191772461], [449.2107849121094, 480.0256652832031, -22.733318328857422], [415.3713684082031, 460.85797119140625, 12.18812370300293], [310.69708251953125, 477.47808837890625, -64.1408462524414], [294.37945556640625, 472.0181884765625, -51.300865173339844], [313.27447509765625, 460.7254943847656, -4.017816543579102], [315.74163818359375, 454.6751708984375, -20.897951126098633], [333.33868408203125, 374.604736328125, -73.89945983886719], [344.40826416015625, 299.2237243652344, 8.325115203857422], [410.8918762207031, 302.55255126953125, 13.850110054016113], [437.09912109375, 378.01226806640625, -58.05801773071289], [420.36090087890625, 457.69232177734375, -4.410655975341797], [261.99652099609375, 225.37109375, -68.4657974243164], [290.39801025390625, 234.879150390625, -13.902837753295898], [340.20269775390625, 199.0753173828125, -3.4759721755981445], [428.54071044921875, 204.21633911132812, -6.336845397949219], [477.531005859375, 245.53463745117188, -5.228693962097168], [508.6940612792969, 269.6203308105469, -51.70867919921875], [385.63629150390625, 181.49127197265625, -9.665611267089844], [388.9073181152344, 114.66534423828125, -7.043955326080322], [377.18316650390625, 302.0675354003906, 15.73473072052002], [385.3611145019531, 195.1845245361328, -5.217167854309082], [381.89154052734375, 241.26649475097656, 7.2676682472229], [386.3587341308594, 157.6833038330078, -27.42499542236328], [388.20123291015625, 130.54127502441406, -7.817737102508545], [381.59344482421875, 145.0071258544922, -43.08665466308594], [391.7415466308594, 137.86703491210938, -34.45732116699219], [375.47509765625, 137.81210327148438, -31.06586265563965], [405.7469482421875, 148.14303588867188, -15.160932540893555], [369.3541564941406, 148.2476348876953, -7.849327087402344]], "pred_body_pose": [[2.993234634399414, 0.0834835022687912, 0.145933136343956, -0.8303258419036865, 0.07800847291946411, 0.38177818059921265, -0.8373024463653564, 0.03791986405849457, -0.2895977795124054, 0.5006468892097473, -0.028423508629202843, 0.004697228781878948, 1.499087929725647, 0.007544814143329859, -0.16686812043190002, 1.461473822593689, 0.07122783362865448, 0.1254349797964096, -0.08764579147100449, -0.048202309757471085, 0.022416112944483757, -0.19793279469013214, 0.16495242714881897, -0.08883316069841385, -0.19511809945106506, -0.11930646002292633, 0.05996130779385567, -0.005867054685950279, -0.02320394665002823, 0.007085387594997883, -0.22673240303993225, -0.007001514546573162, 0.2444910705089569, -0.2254829704761505, -0.05482577160000801, -0.21858736872673035, -0.3073340058326721, -0.10766373574733734, 0.01000071782618761, -0.014297676272690296, -0.09985499829053879, -0.17973138391971588, -0.092469722032547, 0.0906011089682579, 0.15577049553394318, -0.08239524066448212, -0.07205423712730408, 0.025813592597842216, -0.040288884192705154, -0.1353914737701416, -0.4075639545917511, -0.20635631680488586, 0.250836044549942, 0.4351543188095093, -0.03270496800541878, -0.7567844986915588, 0.1575193554162979, -0.2845604121685028, 1.019474983215332, -0.3072683811187744, 0.16388338804244995, -0.07702981680631638, 0.16340556740760803, 0.015496877022087574, 0.07558665424585342, -0.16002647578716278, -0.1954917013645172, -0.09988494962453842, -0.22831577062606812, -0.12896937131881714, 0.09317345917224884, 0.19962230324745178]], "pred_rotmat": [[[[0.9937425255775452, 0.048351678997278214, 0.1006876528263092], [0.06228773295879364, -0.988158643245697, -0.14022418856620789], [0.0927152931690216, 0.14561833441257477, -0.9849869608879089]], [[0.9292555451393127, -0.36063337326049805, -0.08017357438802719], [0.30027642846107483, 0.6108698844909668, 0.7325791120529175], [-0.21521681547164917, -0.7048273682594299, 0.675943911075592]], [[0.9600704312324524, 0.23824508488178253, 0.1466425061225891], [-0.26796862483024597, 0.6325833201408386, 0.726657509803772], [0.08035899698734283, -0.7369379997253418, 0.6711667776107788]], [[0.9995936155319214, -0.011470024473965168, -0.02609569951891899], [-0.0024643943179398775, 0.8772699236869812, -0.47999101877212524], [0.028398482128977776, 0.4798602759838104, 0.876885175704956]], [[0.9885015487670898, 0.11507398635149002, -0.0980960875749588], [-0.1057518720626831, 0.06241373345255852, -0.9924319982528687], [-0.10808055847883224, 0.9913942217826843, 0.0738653615117073]], [[0.9913367629051208, -0.04162536561489105, 0.1245741918683052], [0.12830834090709686, 0.10415557771921158, -0.9862497448921204], [0.028077909722924232, 0.9936895966529846, 0.1085941344499588]], [[0.9985882639884949, -0.02026635967195034, -0.04909941554069519], [0.024487394839525223, 0.9959114789962769, 0.08695259690284729], [0.04713645577430725, -0.08803215622901917, 0.9950017929077148]], [[0.982558012008667, 0.07151354849338531, 0.17165514826774597], [-0.10396146774291992, 0.9766110181808472, 0.1882101446390152], [-0.15418070554733276, -0.20277291536331177, 0.9670116305351257]], [[0.9911267757415771, -0.04781891778111458, -0.12402058392763138], [0.07098952680826187, 0.9792636632919312, 0.18974505364894867], [0.11237545311450958, -0.19686555862426758, 0.9739691019058228]], [[0.9997056722640991, -0.007016586139798164, -0.023222319781780243], [0.007152717560529709, 0.9999576807022095, 0.005784244742244482], [0.023180752992630005, -0.005948645528405905, 0.9997135400772095]], [[0.9703638553619385, -0.2391972690820694, -0.0343334898352623], [0.24077005684375763, 0.9449216723442078, 0.2217044085264206], [-0.020588619634509087, -0.22340038418769836, 0.9745093584060669]], [[0.974821150302887, 0.22103260457515717, -0.029465969651937485], [-0.20877470076084137, 0.9511046409606934, 0.2276245653629303], [0.07833769172430038, -0.21574151515960693, 0.973302960395813]], [[0.9942057728767395, 0.006573806516826153, -0.10729237645864487], [0.02622327022254467, 0.95313960313797, 0.301392138004303], [0.10424590855836868, -0.30245935916900635, 0.947444498538971]], [[0.9789374470710754, 0.17917293310165405, -0.09786920994520187], [-0.17775031924247742, 0.9838035702705383, 0.023138482123613358], [0.10042986273765564, -0.005254850257188082, 0.9949302077293396]], [[0.9838190078735352, -0.1588822603225708, 0.08280547708272934], [0.15053300559520721, 0.983648419380188, 0.09887118637561798], [-0.09716036170721054, -0.08480637520551682, 0.9916490316390991]], [[0.9970740675926208, -0.022793879732489586, -0.07296480238437653], [0.02872455306351185, 0.996276319026947, 0.08129267394542694], [0.07084012031555176, -0.08315068483352661, 0.9940160512924194]], [[0.9092013835906982, 0.39772769808769226, -0.12314817309379578], [-0.3923569321632385, 0.9174265265464783, 0.06621627509593964], [0.1393154412508011, -0.011885890737175941, 0.9901766777038574]], [[0.8769301176071167, -0.4393334686756134, 0.1948835700750351], [0.3888312578201294, 0.8868505954742432, 0.2496119737625122], [-0.28249552845954895, -0.14311543107032776, 0.9485325813293457]], [[0.7158418297767639, -0.13049758970737457, -0.6859596967697144], [0.1540379375219345, 0.9876918196678162, -0.027151167392730713], [0.6810599565505981, -0.08622787147760391, 0.7271326780319214]], [[0.48823726177215576, 0.11778189241886139, 0.8647264838218689], [-0.37968161702156067, 0.920831024646759, 0.08895011246204376], [-0.785790205001831, -0.37174952030181885, 0.4943036437034607]], [[0.9837632179260254, -0.16807086765766144, -0.06294482201337814], [0.15550942718982697, 0.9733529090881348, -0.16852565109729767], [0.08959177881479263, 0.15600082278251648, 0.9836853742599487]], [[0.9843802452087402, 0.1597701460123062, 0.07395298033952713], [-0.15860186517238617, 0.9871096611022949, -0.021447530016303062], [-0.07642637193202972, 0.009383444674313068, 0.9970310926437378]], [[0.9692061543464661, 0.23419934511184692, -0.07609223574399948], [-0.21483536064624786, 0.9552038908004761, 0.20354700088500977], [0.12035416066646576, -0.1809317171573639, 0.9761037826538086]], [[0.9758663177490234, -0.20343703031539917, 0.07936200499534607], [0.19148562848567963, 0.9719119668006897, 0.13682259619235992], [-0.10496766120195389, -0.11832387745380402, 0.9874114394187927]]]], "pred_betas": [[-0.04750557243824005, 0.10007327795028687, 0.7148661613464355, 1.0009756088256836, 0.08574864268302917, 0.28855204582214355, -0.32410189509391785, 0.3246622085571289, 0.6816772818565369, 0.1629561334848404]], "pred_camera": [1.2225205898284912, -0.01688392460346222, 0.3619873523712158]}