{"pred_joints_img": [[389.53167724609375, 140.72299194335938, -53.976356506347656], [388.6560363769531, 178.0001220703125, -16.957683563232422], [341.5788879394531, 200.02587890625, -9.405665397644043], [303.3623962402344, 250.0974884033203, 8.238140106201172], [268.59759521484375, 292.428466796875, -27.28262710571289], [432.87249755859375, 195.1631622314453, -7.16021728515625], [498.3326110839844, 207.8519287109375, 2.0563933849334717], [542.9943237304688, 180.357666015625, -34.29225158691406], [380.22003173828125, 306.5228271484375, 7.020872592926025], [361.3924865722656, 328.70367431640625, 4.674405097961426], [326.2206726074219, 372.8069763183594, -75.4958724975586], [308.6513671875, 452.4949035644531, -13.859050750732422], [395.7865295410156, 331.8273620605469, 7.599946022033691], [435.6853942871094, 375.499755859375, -67.54420471191406], [425.6577453613281, 461.1094970703125, -12.738072395324707], [382.1638488769531, 132.79910278320312, -42.22795104980469], [399.44580078125, 133.5688018798828, -43.882293701171875], [372.7275085449219, 143.16798400878906, -18.775386810302734], [411.2659606933594, 144.6629638671875, -22.405059814453125], [442.66546630859375, 486.82586669921875, -53.836158752441406], [453.3463134765625, 483.97149658203125, -35.36030960083008], [422.15252685546875, 465.12530517578125, 5.005820274353027], [300.1651916503906, 478.2688903808594, -57.330772399902344], [284.0910949707031, 471.4530029296875, -43.19843292236328], [306.57891845703125, 457.609130859375, 4.386569499969482], [308.6513671875, 452.4949035644531, -13.859050750732422], [326.2206726074219, 372.8069763183594, -75.4958724975586], [345.2862548828125, 297.62298583984375, 9.6272611618042], [415.38250732421875, 302.5959167480469, 13.773580551147461], [435.6853942871094, 375.499755859375, -67.54420471191406], [425.6577453613281, 461.1094970703125, -12.738072395324707], [268.59759521484375, 292.428466796875, -27.28262710571289], [303.3623962402344, 250.0974884033203, 8.238140106201172], [341.5788879394531, 200.02587890625, -9.405665397644043], [432.87249755859375, 195.1631622314453, -7.16021728515625], [498.3326110839844, 207.8519287109375, 2.0563933849334717], [542.9943237304688, 180.357666015625, -34.29225158691406], [388.9409484863281, 177.8863525390625, -17.09688377380371], [394.533447265625, 109.26217651367188, -15.844066619873047], [379.92645263671875, 301.3221740722656, 16.669145584106445], [388.0722961425781, 191.18118286132812, -10.023717880249023], [385.6615295410156, 239.60708618164062, 4.4588141441345215], [392.3179016113281, 154.10789489746094, -36.96241760253906], [393.1937561035156, 125.66844177246094, -16.563915252685547], [389.53167724609375, 140.72299194335938, -53.976356506347656], [399.44580078125, 133.5688018798828, -43.882293701171875], [382.1638488769531, 132.79910278320312, -42.22795104980469], [411.2659606933594, 144.6629638671875, -22.405059814453125], [372.7275085449219, 143.16798400878906, -18.775386810302734]], "pred_body_pose": [[3.027778387069702, 0.11729075014591217, 0.10263298451900482, -0.9438768029212952, 0.02789343148469925, 0.3656345009803772, -0.8893259763717651, 0.030299698933959007, -0.33875641226768494, 0.5399034023284912, 0.00529154296964407, -0.012365329079329967, 1.530182123184204, -0.025268711149692535, -0.16097664833068848, 1.5486315488815308, 0.08396566659212112, 0.15570175647735596, -0.10716993361711502, 0.0008338337065652013, 0.05428200960159302, -0.19135166704654694, 0.17303910851478577, -0.12267537415027618, -0.1958136409521103, -0.11490976065397263, 0.04622067138552666, 0.011173855513334274, 0.001363664399832487, 0.02646578848361969, -0.20001833140850067, -0.016226230189204216, 0.2828333079814911, -0.2616957128047943, -0.054640308022499084, -0.19220596551895142, -0.3360438346862793, -0.006076302379369736, -0.02441348508000374, -0.0858764573931694, 0.07190621644258499, -0.03707977384328842, -0.022796163335442543, -0.01762121543288231, 0.28694668412208557, -0.13060921430587769, -0.1282389760017395, -0.02883877046406269, -0.31842413544654846, -0.09419255703687668, -0.0988888368010521, 0.0326913483440876, 0.07034961879253387, 0.6436682343482971, -0.45221617817878723, -0.8634274005889893, 0.3207245171070099, -0.10744291543960571, 0.7671071290969849, -0.13456358015537262, 0.11836117506027222, -0.07600414752960205, 0.17260462045669556, -0.0044399104081094265, 0.06027388200163841, -0.11653977632522583, -0.16366535425186157, -0.08935041725635529, -0.20619213581085205, -0.13849803805351257, 0.08780166506767273, 0.18156415224075317]], "pred_rotmat": [[[[0.994730532169342, 0.07332929223775864, 0.07165101170539856], [0.08074872195720673, -0.9909930229187012, -0.10682900249958038], [0.06317196041345596, 0.11205180734395981, -0.9916922450065613]], [[0.9383187890052795, -0.31835269927978516, -0.13494214415550232], [0.2941989004611969, 0.5300093293190002, 0.7953220009803772], [-0.18167231976985931, -0.7859654426574707, 0.5909767150878906]], [[0.9464025497436523, 0.2773568630218506, 0.1655154973268509], [-0.302327960729599, 0.5803646445274353, 0.7561578154563904], [0.11366621404886246, -0.7656696438789368, 0.633111298084259]], [[0.9999117255210876, 0.013167000375688076, 0.001780341612175107], [-0.01037884596735239, 0.8576858639717102, -0.5140693187713623], [-0.008295723237097263, 0.5140054225921631, 0.8577468395233154]], [[0.9891455769538879, 0.08874952048063278, -0.11710945516824722], [-0.12036263942718506, 0.03221815079450607, -0.9922071695327759], [-0.08428484946489334, 0.9955328106880188, 0.04255056753754616]], [[0.9872754812240601, -0.04701096937060356, 0.15191127359867096], [0.15275825560092926, 0.014960476197302341, -0.9881502985954285], [0.04418123885989189, 0.9987823367118835, 0.021951425820589066]], [[0.9985281229019165, -0.054196156561374664, -0.0020733738783746958], [0.054106906056404114, 0.9927927255630493, 0.10693493485450745], [-0.0037370326463133097, -0.10688973218202591, 0.9942638278007507]], [[0.9776567220687866, 0.10457026213407516, 0.18235261738300323], [-0.137457013130188, 0.9743428826332092, 0.1782178431749344], [-0.15903767943382263, -0.19930149614810944, 0.9669467806816101]], [[0.9923639297485352, -0.03460802137851715, -0.11838950216770172], [0.05700843781232834, 0.979850709438324, 0.19142258167266846], [0.10937927663326263, -0.19671007990837097, 0.9743414521217346]], [[0.9996488690376282, -0.026454519480466843, 0.001511328504420817], [0.026469755917787552, 0.99958735704422, -0.011154268868267536], [-0.0012156241573393345, 0.011190356686711311, 0.9999366402626038]], [[0.9602716565132141, -0.27559158205986023, -0.04390650615096092], [0.2788046896457672, 0.9405980110168457, 0.19376140832901], [-0.012100630439817905, -0.1983048915863037, 0.9800658226013184]], [[0.9802153706550598, 0.19583696126937866, -0.028735008090734482], [-0.18166658282279968, 0.9477605819702148, 0.26219651103019714], [0.07858169078826904, -0.251788854598999, 0.9645864963531494]], [[0.9996865391731262, 0.02496536821126938, -0.001898623420856893], [-0.022942710667848587, 0.9437744617462158, 0.32979321479797363], [0.01002527866512537, -0.3296462595462799, 0.9440513849258423]], [[0.9967311024665833, 0.033909860998392105, 0.07332980632781982], [-0.04007774963974953, 0.9956302046775818, 0.08434576541185379], [-0.07014922052621841, -0.08700893819332123, 0.99373459815979]], [[0.9589611291885376, -0.28278622031211853, -0.0206260085105896], [0.28318509459495544, 0.9588573575019836, 0.019970783963799477], [0.014129936695098877, -0.024992186576128006, 0.9995877742767334]], [[0.9913861751556396, 0.037024691700935364, -0.12562845647335052], [-0.02032335475087166, 0.9910804033279419, 0.13170692324638367], [0.12938429415225983, -0.12801924347877502, 0.9832958579063416]], [[0.9907673001289368, 0.11176933348178864, -0.0767318606376648], [-0.08207499235868454, 0.9449673891067505, 0.31670230627059937], [0.10790670663118362, -0.30748051404953003, 0.945416271686554]], [[0.7976115942001343, -0.5984045267105103, 0.0756816565990448], [0.6006249189376831, 0.7994847893714905, -0.008589938282966614], [-0.05536607280373573, 0.052307724952697754, 0.997094988822937]], [[0.6117503046989441, -0.08864513039588928, -0.7860683798789978], [0.44602257013320923, 0.8593376874923706, 0.2502051591873169], [0.6533187031745911, -0.5036673545837402, 0.565237820148468]], [[0.7120229005813599, 0.08199266344308853, 0.6973526477813721], [-0.16025404632091522, 0.9859224557876587, 0.04770347848534584], [-0.683624267578125, -0.14571954309940338, 0.7151390314102173]], [[0.9822888374328613, -0.17566131055355072, -0.06520496308803558], [0.1667024940252304, 0.9781895279884338, -0.1239178404211998], [0.08555037528276443, 0.11085329204797745, 0.9901478290557861]], [[0.991405189037323, 0.11607171595096588, 0.06035924702882767], [-0.11633891612291336, 0.993209183216095, 0.000920057762414217], [-0.059842560440301895, -0.00793427973985672, 0.9981763958930969]], [[0.9749128818511963, 0.21081125736236572, -0.07143909484148026], [-0.19628167152404785, 0.9655718207359314, 0.17071783542633057], [0.10496881604194641, -0.15241281688213348, 0.9827268123626709]], [[0.979763925075531, -0.1858081817626953, 0.07441782206296921], [0.17370834946632385, 0.9740562438964844, 0.14505165815353394], [-0.09943891316652298, -0.1291893869638443, 0.986621618270874]]]], "pred_betas": [[-0.02074064314365387, 0.0790419727563858, 0.5016324520111084, 0.775813102722168, 0.23668652772903442, 0.26404687762260437, -0.49417489767074585, 0.44105103611946106, 0.6941162347793579, 0.09178906679153442]], "pred_camera": [1.2867813110351562, -0.12027487903833389, 0.38163983821868896]}