{"pred_joints_img": [[380.52117919921875, 140.5646514892578, -60.46601486206055], [384.3572082519531, 177.91067504882812, -22.359024047851562], [336.5851745605469, 198.79298400878906, -13.776735305786133], [288.4050598144531, 243.857177734375, -4.414299011230469], [248.4776153564453, 265.91845703125, -52.94281005859375], [429.90106201171875, 194.7371368408203, -12.282760620117188], [495.1952209472656, 207.1682586669922, 4.687613487243652], [557.4000244140625, 203.1805419921875, -14.24163818359375], [377.3674011230469, 308.0167541503906, 7.07568359375], [358.7006530761719, 331.0166931152344, 4.955625057220459], [327.691162109375, 372.9294738769531, -80.22834777832031], [308.3661193847656, 455.00390625, -19.11829948425293], [393.5043640136719, 333.5416259765625, 8.459367752075195], [435.174072265625, 375.91009521484375, -68.70386505126953], [425.34796142578125, 460.17950439453125, -8.510807037353516], [374.70294189453125, 132.56736755371094, -47.53861618041992], [391.8934631347656, 133.14422607421875, -51.773983001708984], [368.7708435058594, 143.06117248535156, -22.512386322021484], [407.23577880859375, 144.2635498046875, -31.676313400268555], [443.1152648925781, 486.9318542480469, -49.817970275878906], [454.2191162109375, 483.25775146484375, -31.15960693359375], [422.168701171875, 463.71099853515625, 9.846661567687988], [300.95025634765625, 480.40789794921875, -64.22460174560547], [284.1170959472656, 473.90966796875, -50.012550354003906], [305.9096374511719, 460.733154296875, -0.6437345147132874], [308.3661193847656, 455.00390625, -19.11829948425293], [327.691162109375, 372.9294738769531, -80.22834777832031], [341.51690673828125, 299.5255126953125, 9.479090690612793], [412.80987548828125, 303.2084655761719, 14.645970344543457], [435.174072265625, 375.91009521484375, -68.70386505126953], [425.34796142578125, 460.17950439453125, -8.510807037353516], [248.4776153564453, 265.91845703125, -52.94281005859375], [288.4050598144531, 243.857177734375, -4.414299011230469], [336.5851745605469, 198.79298400878906, -13.776735305786133], [429.90106201171875, 194.7371368408203, -12.282760620117188], [495.1952209472656, 207.1682586669922, 4.687613487243652], [557.4000244140625, 203.1805419921875, -14.24163818359375], [384.60498046875, 177.71160888671875, -22.44733238220215], [390.650146484375, 108.21937561035156, -22.92929458618164], [376.7413635253906, 302.5587463378906, 17.09897804260254], [383.99029541015625, 190.41415405273438, -14.866747856140137], [381.99365234375, 239.84686279296875, 1.8037391901016235], [386.0075378417969, 154.05519104003906, -43.693626403808594], [389.3799743652344, 124.9376220703125, -23.359750747680664], [380.52117919921875, 140.5646514892578, -60.46601486206055], [391.8934631347656, 133.14422607421875, -51.773983001708984], [374.70294189453125, 132.56736755371094, -47.53861618041992], [407.23577880859375, 144.2635498046875, -31.676313400268555], [368.7708435058594, 143.06117248535156, -22.512386322021484]], "pred_body_pose": [[3.048677921295166, 0.09045881778001785, 0.12447041273117065, -0.9841808080673218, 0.026826582849025726, 0.35529467463493347, -0.9603115916252136, 0.0480453260242939, -0.3290802836418152, 0.568803608417511, 0.003955957945436239, -0.011851424351334572, 1.5976793766021729, -0.049431778490543365, -0.1674640029668808, 1.581239938735962, 0.08750691264867783, 0.15201285481452942, -0.12602925300598145, -0.021602734923362732, 0.05703805387020111, -0.21745234727859497, 0.18448762595653534, -0.09122266620397568, -0.20457518100738525, -0.14170324802398682, 0.06544184684753418, 0.018068378791213036, -0.0009504735353402793, 0.02529427967965603, -0.20361974835395813, -0.019679274410009384, 0.2577937841415405, -0.26372939348220825, -0.0385921485722065, -0.21683427691459656, -0.3350026309490204, -0.08436693251132965, -0.028293490409851074, -0.053748611360788345, 0.07522113621234894, -0.04425249993801117, -0.06577565521001816, -0.0094295684248209, 0.21739235520362854, -0.154561385512352, -0.18471089005470276, -0.007698402740061283, -0.21452544629573822, -0.0001916334149427712, -0.12901127338409424, -0.0782216489315033, 0.12785604596138, 0.510317325592041, -0.3167725205421448, -0.4667820334434509, 0.14538587629795074, -0.20841184258460999, 0.8868384957313538, -0.2159578651189804, 0.17068198323249817, -0.05045084282755852, 0.11381636559963226, 0.018467403948307037, 0.06243345886468887, -0.1426074057817459, -0.19104164838790894, -0.09002184867858887, -0.19929134845733643, -0.1418028622865677, 0.08989961445331573, 0.18361632525920868]], "pred_rotmat": [[[[0.9949284791946411, 0.05544932186603546, 0.08392149955034256], [0.06270062178373337, -0.9942861795425415, -0.08639182895421982], [0.07865162938833237, 0.09121561050415039, -0.992720365524292]], [[0.9421107769012451, -0.305921345949173, -0.13725696504116058], [0.28184324502944946, 0.5007652044296265, 0.818412184715271], [-0.18163622915744781, -0.8097198605537415, 0.5579981803894043]], [[0.9492976069450378, 0.2541380226612091, 0.1850619614124298], [-0.2964397370815277, 0.5276004076004028, 0.7960912585258484], [0.10467827320098877, -0.8105872273445129, 0.5761864185333252]], [[0.9999240636825562, 0.012317380867898464, 0.0004653426876757294], [-0.010127264074981213, 0.8424796462059021, -0.5386329293251038], [-0.007026589009910822, 0.5385872721672058, 0.8425403833389282]], [[0.9877676367759705, 0.07244051992893219, -0.13808518648147583], [-0.13581472635269165, -0.03540749475359917, -0.9901013374328613], [-0.07661270350217819, 0.9967440366744995, -0.025135887786746025]], [[0.9876002073287964, -0.039760712534189224, 0.15187157690525055], [0.1512988805770874, -0.01705445908010006, -0.9883409738540649], [0.041887227445840836, 0.9990636706352234, -0.010827235877513885]], [[0.9981429576873779, -0.055492814630270004, -0.025120586156845093], [0.05821094661951065, 0.9904472827911377, 0.12500278651714325], [0.017943857237696648, -0.12623296678066254, 0.991838276386261]], [[0.9789790511131287, 0.06995660811662674, 0.19158804416656494], [-0.10977508872747421, 0.9724035263061523, 0.20586596429347992], [-0.17189921438694, -0.22257009148597717, 0.9596421718597412]], [[0.9878858327865601, -0.050307366997003555, -0.1468016803264618], [0.07913672924041748, 0.9770601987838745, 0.1977139115333557], [0.13348759710788727, -0.20693619549274445, 0.9692050814628601]], [[0.9996796250343323, -0.025298789143562317, -0.000721825344953686], [0.025281617417931557, 0.9995169043540955, -0.018077485263347626], [0.0011788151459768414, 0.01805344596505165, 0.999836266040802]], [[0.9668781161308289, -0.251179963350296, -0.045335885137319565], [0.25515103340148926, 0.9465259313583374, 0.19745026528835297], [-0.006683959160000086, -0.20247782766819, 0.9792640209197998]], [[0.975984513759613, 0.21763190627098083, -0.00952467042952776], [-0.2075537145137787, 0.9422860145568848, 0.2627137005329132], [0.06614983081817627, -0.25442758202552795, 0.9648268818855286]], [[0.9960803985595703, 0.04172099381685257, -0.07799574732780457], [-0.013739670626819134, 0.9440499544143677, 0.32951632142066956], [0.08737961202859879, -0.3271530568599701, 0.9409229159355164]], [[0.9961950778961182, 0.04215531423687935, 0.0762777104973793], [-0.046194806694984436, 0.997578501701355, 0.051991645246744156], [-0.07390128821134567, -0.055317457765340805, 0.9957301616668701]], [[0.9764275550842285, -0.21521610021591187, -0.016467394307255745], [0.21583369374275208, 0.9743179082870483, 0.06419006735086441], [0.002229739213362336, -0.06623117625713348, 0.9978017210960388]], [[0.9829938411712646, 0.021829765290021896, -0.18233641982078552], [0.006581533700227737, 0.9880836009979248, 0.15377746522426605], [0.18352055549621582, -0.15236236155033112, 0.9711364507675171]], [[0.9917213916778564, 0.12768852710723877, 0.013576352037489414], [-0.12764763832092285, 0.9688307642936707, 0.2123042196035385], [0.013955628499388695, -0.21227963268756866, 0.9771093130111694]], [[0.8648462295532227, -0.4914785623550415, 0.10241971909999847], [0.4817110300064087, 0.8698410391807556, 0.10644717514514923], [-0.141405388712883, -0.04272373393177986, 0.9890294075012207]], [[0.8838306069374084, -0.06543654948472977, -0.46320784091949463], [0.20916560292243958, 0.9409575462341309, 0.2661741077899933], [0.41844138503074646, -0.3321399688720703, 0.8453341722488403]], [[0.6129928231239319, 0.09990477561950684, 0.7837467193603516], [-0.2716197371482849, 0.9581584930419922, 0.0903051495552063], [-0.741931676864624, -0.26823750138282776, 0.6144803762435913]], [[0.992279052734375, -0.11726115643978119, -0.04039926454424858], [0.10868208855390549, 0.9790349006652832, -0.1722755879163742], [0.05975352227687836, 0.1665547788143158, 0.984220027923584]], [[0.987907350063324, 0.14259931445121765, 0.06086394935846329], [-0.1414487063884735, 0.9896821975708008, -0.022834481671452522], [-0.06349214911460876, 0.013949227519333363, 0.9978848099708557]], [[0.9762570261955261, 0.20504122972488403, -0.06985901296138763], [-0.1879638135433197, 0.962160050868988, 0.19727569818496704], [0.10766519606113434, -0.1794608235359192, 0.9778558611869812]], [[0.9792091846466064, -0.1880689412355423, 0.07602330297231674], [0.17538654804229736, 0.9732270240783691, 0.14855538308620453], [-0.10192658752202988, -0.13213331997394562, 0.9859775900840759]]]], "pred_betas": [[-0.015075203031301498, 0.08322589099407196, 0.47392410039901733, 0.8931562900543213, 0.2148110270500183, 0.3388423025608063, -0.3897370398044586, 0.3899190127849579, 0.737533688545227, 0.05654725432395935]], "pred_camera": [1.3128830194473267, -0.11427685618400574, 0.3966149389743805]}