{"pred_joints_img": [[382.5347900390625, 145.74099731445312, -53.28499221801758], [385.31146240234375, 181.3547821044922, -15.747528076171875], [337.51025390625, 198.02456665039062, -12.09235954284668], [283.9997863769531, 230.97181701660156, -25.928808212280273], [256.6250305175781, 206.96820068359375, -79.0930404663086], [428.8878479003906, 207.8743896484375, -7.949224472045898], [464.35345458984375, 262.2540588378906, 5.2816691398620605], [481.2552795410156, 303.77880859375, -39.08232116699219], [375.1161193847656, 309.2392578125, 6.916937351226807], [357.58953857421875, 331.735107421875, 2.5234897136688232], [332.294677734375, 376.8861999511719, -79.27418518066406], [315.58489990234375, 459.29052734375, -23.552528381347656], [391.0323181152344, 333.88751220703125, 8.119632720947266], [439.65545654296875, 373.988525390625, -62.098472595214844], [423.29486083984375, 461.54681396484375, -15.029671669006348], [376.3857116699219, 137.55804443359375, -41.2677001953125], [393.18719482421875, 138.1180877685547, -44.77421188354492], [369.9371032714844, 146.7891387939453, -16.65690040588379], [407.6057434082031, 147.8743896484375, -24.26801109313965], [444.9533386230469, 482.98162841796875, -55.214839935302734], [454.0487365722656, 481.68878173828125, -35.896697998046875], [418.0126647949219, 466.517333984375, 1.624410629272461], [311.29766845703125, 483.3122863769531, -68.20040130615234], [294.114013671875, 477.96917724609375, -54.97819519042969], [313.3865051269531, 465.6058654785156, -6.083788871765137], [315.58489990234375, 459.29052734375, -23.552528381347656], [332.294677734375, 376.8861999511719, -79.27418518066406], [340.35430908203125, 301.3031311035156, 7.163371562957764], [408.7324523925781, 304.2502136230469, 16.654855728149414], [439.65545654296875, 373.988525390625, -62.098472595214844], [423.29486083984375, 461.54681396484375, -15.029671669006348], [256.6250305175781, 206.96820068359375, -79.0930404663086], [283.9997863769531, 230.97181701660156, -25.928808212280273], [337.51025390625, 198.02456665039062, -12.09235954284668], [428.8878479003906, 207.8743896484375, -7.949224472045898], [464.35345458984375, 262.2540588378906, 5.2816691398620605], [481.2552795410156, 303.77880859375, -39.08232116699219], [385.4435729980469, 181.61917114257812, -16.60590934753418], [390.8224792480469, 112.50558471679688, -17.931089401245117], [373.8457336425781, 304.033203125, 16.647430419921875], [384.4294738769531, 196.08218383789062, -10.895597457885742], [379.00396728515625, 241.48301696777344, 5.028642177581787], [387.2350769042969, 158.0076141357422, -36.40767288208008], [389.71685791015625, 128.882568359375, -17.775264739990234], [382.5347900390625, 145.74099731445312, -53.28499221801758], [393.18719482421875, 138.1180877685547, -44.77421188354492], [376.3857116699219, 137.55804443359375, -41.2677001953125], [407.6057434082031, 147.8743896484375, -24.26801109313965], [369.9371032714844, 146.7891387939453, -16.65690040588379]], "pred_body_pose": [[2.995276689529419, 0.06445136666297913, 0.22369039058685303, -0.9381134510040283, 0.049187853932380676, 0.38053098320961, -0.8700863122940063, 0.01845797337591648, -0.3108275532722473, 0.54788738489151, -0.02130194380879402, 0.007388345897197723, 1.5025334358215332, 0.017252273857593536, -0.18912877142429352, 1.5085577964782715, 0.053343068808317184, 0.14428497850894928, -0.06559331715106964, -0.049103107303380966, 0.002819992834702134, -0.201847642660141, 0.1523524522781372, -0.08083389699459076, -0.2049277424812317, -0.12017743289470673, 0.0824369564652443, -0.008404062129557133, -0.015995079651474953, -0.0066009340807795525, -0.23994995653629303, -0.002212699269875884, 0.2542685270309448, -0.22035905718803406, -0.06535252183675766, -0.2588755488395691, -0.3217828571796417, -0.1718788743019104, -0.002317973179742694, 0.014044838026165962, -0.11855938285589218, -0.27212849259376526, -0.10300315171480179, 0.08477594703435898, 0.1552179902791977, -0.07510042935609818, -0.08534057438373566, 0.05007483810186386, 0.07655473798513412, -0.16576766967773438, -0.5942254662513733, -0.29702556133270264, 0.24896208941936493, 0.373933881521225, 0.03063255175948143, -0.8744149804115295, 0.14225350320339203, -0.5037532448768616, 1.103257417678833, -0.3877979815006256, 0.09114038199186325, -0.07095301151275635, 0.1607857495546341, -0.033604804426431656, 0.06419608741998672, -0.18660178780555725, -0.19540046155452728, -0.10369729995727539, -0.24362324178218842, -0.1407890021800995, 0.09982366114854813, 0.22016727924346924]], "pred_rotmat": [[[[0.9880484342575073, 0.032386139035224915, 0.15070278942584991], [0.052765294909477234, -0.9896752834320068, -0.13326166570186615], [0.14483100175857544, 0.13962087035179138, -0.9795559644699097]], [[0.932478129863739, -0.3398079574108124, -0.12253598868846893], [0.29748156666755676, 0.5299621820449829, 0.7941313982009888], [-0.20491273701190948, -0.776962399482727, 0.595264732837677]], [[0.9548760652542114, 0.2609627842903137, 0.14181047677993774], [-0.27591192722320557, 0.6026926636695862, 0.7487550973892212], [0.10992906987667084, -0.7540954351425171, 0.6474995613098145]], [[0.9997521042823792, -0.012714373879134655, -0.018276555463671684], [0.0013328398345038295, 0.8536065220832825, -0.5209166407585144], [0.02222411520779133, 0.5207631587982178, 0.853411853313446]], [[0.985160231590271, 0.13534727692604065, -0.10554791241884232], [-0.11401619762182236, 0.05640099570155144, -0.9918765425682068], [-0.12829478085041046, 0.9891915917396545, 0.07099580019712448]], [[0.9902685284614563, -0.06191703677177429, 0.12463738769292831], [0.12810304760932922, 0.05555889010429382, -0.9902033805847168], [0.05438575521111488, 0.9965336918830872, 0.06294998526573181]], [[0.9987912178039551, -0.0012073139660060406, -0.0491405613720417], [0.00442635640501976, 0.9978460073471069, 0.06545067578554153], [0.04895569384098053, -0.0655890628695488, 0.9966451525688171]], [[0.9852144718170166, 0.06460172683000565, 0.15867917239665985], [-0.09517347812652588, 0.9765002727508545, 0.19336313009262085], [-0.14245864748954773, -0.20560620725154877, 0.9682105779647827]], [[0.9894366264343262, -0.06932181864976883, -0.12731729447841644], [0.0938200056552887, 0.975732684135437, 0.197847381234169], [0.11051250249147415, -0.20770233869552612, 0.9719294309616089]], [[0.9998502731323242, 0.006667736452072859, -0.015966353937983513], [-0.00653331633657217, 0.9999428987503052, 0.008456331677734852], [0.01602182723581791, -0.008350753225386143, 0.9998367428779602]], [[0.967999279499054, -0.2488573044538498, -0.03236427903175354], [0.2493828386068344, 0.9395057559013367, 0.23481296002864838], [-0.02802848629653454, -0.23536986112594604, 0.9715016484260559]], [[0.9647108316421509, 0.2608644664287567, -0.035815898329019547], [-0.246606707572937, 0.9427874684333801, 0.22435879707336426], [0.09229402244091034, -0.2076089084148407, 0.9738482236862183]], [[0.985389232635498, 0.0296153761446476, -0.1677227020263672], [0.025081582367420197, 0.9487968683242798, 0.3148893713951111], [0.16846036911010742, -0.31449535489082336, 0.9341914057731628]], [[0.9562680721282959, 0.26731452345848083, -0.11871912330389023], [-0.26896747946739197, 0.9631468653678894, 0.0021742929238826036], [0.11492515355348587, 0.02985237166285515, 0.9929255247116089]], [[0.9844146966934204, -0.158487468957901, 0.07621920853853226], [0.14978574216365814, 0.9827092885971069, 0.10884197056293488], [-0.09215142577886581, -0.09572909027338028, 0.9911326169967651]], [[0.9951110482215881, -0.046745721250772476, -0.08699918538331985], [0.0531465969979763, 0.9959315061569214, 0.07277347892522812], [0.08324337005615234, -0.07704140245914459, 0.9935468435287476]], [[0.8157582879066467, 0.550542414188385, -0.17731772363185883], [-0.5628292560577393, 0.8262237310409546, -0.02403256669640541], [0.1332731693983078, 0.11940436065196991, 0.9838602542877197]], [[0.901511013507843, -0.39220768213272095, 0.182896226644516], [0.32002967596054077, 0.8887041211128235, 0.3283079266548157], [-0.2913055121898651, -0.23744100332260132, 0.9266946315765381]], [[0.6326136589050293, -0.13688044250011444, -0.7622753381729126], [0.1118035539984703, 0.9900881052017212, -0.08500243723392487], [0.7663549780845642, -0.031451381742954254, 0.6416469812393188]], [[0.4037533104419708, 0.0488700233399868, 0.9135617613792419], [-0.533491849899292, 0.8237919211387634, 0.19171158969402313], [-0.7432158589363098, -0.564781904220581, 0.35868048667907715]], [[0.9846071600914001, -0.16296033561229706, -0.06318730860948563], [0.1565147489309311, 0.9829763770103455, -0.09623171389102936], [0.07779358327388763, 0.08486069738864899, 0.9933512806892395]], [[0.9805942177772522, 0.1842830330133438, 0.06689313054084778], [-0.18643313646316528, 0.9820851683616638, 0.02741124853491783], [-0.06064332276582718, -0.03935040906071663, 0.9973834753036499]], [[0.9652624726295471, 0.24929025769233704, -0.07824786752462387], [-0.22920995950698853, 0.9516717195510864, 0.20441091060638428], [0.12542392313480377, -0.17937499284744263, 0.9757528305053711]], [[0.9709709286689758, -0.22428809106349945, 0.08312896639108658], [0.2103254646062851, 0.966074526309967, 0.14987729489803314], [-0.11392447352409363, -0.1280423402786255, 0.9852038025856018]]]], "pred_betas": [[0.012124970555305481, 0.058547306805849075, 0.6521663665771484, 1.027613639831543, 0.11799148470163345, 0.24776405096054077, -0.2269468903541565, 0.3212226331233978, 0.6861923336982727, 0.044928573071956635]], "pred_camera": [1.2600524425506592, 0.033469703048467636, 0.3826589584350586]}