{"pred_joints_img": [[384.0217590332031, 144.55343627929688, -52.070770263671875], [385.8555908203125, 183.7354736328125, -18.35655975341797], [338.28021240234375, 198.8514404296875, -13.546431541442871], [281.5993347167969, 223.1217041015625, -31.640987396240234], [262.6452941894531, 176.48614501953125, -71.66348266601562], [428.58575439453125, 212.88400268554688, -12.385905265808105], [448.06634521484375, 274.6758728027344, 0.5675192475318909], [452.7081298828125, 323.0787048339844, -39.21022415161133], [376.9007873535156, 310.1175842285156, 6.822585582733154], [359.725830078125, 332.8785095214844, 2.999565839767456], [335.3211669921875, 377.89312744140625, -78.65913391113281], [314.6474609375, 464.2552490234375, -31.704166412353516], [393.2018127441406, 334.40087890625, 8.382246017456055], [440.2127685546875, 374.5603942871094, -62.46413803100586], [426.0509033203125, 463.71112060546875, -18.676326751708984], [378.6817932128906, 137.28256225585938, -39.21635055541992], [395.2879333496094, 138.6180877685547, -43.10028839111328], [372.0628662109375, 148.64524841308594, -15.707862854003906], [409.24700927734375, 151.43698120117188, -24.206523895263672], [444.759033203125, 483.492919921875, -60.781822204589844], [455.40533447265625, 482.9138488769531, -42.41193389892578], [421.741943359375, 469.2127685546875, -2.0943589210510254], [313.23175048828125, 485.70758056640625, -77.60546875], [295.22186279296875, 481.281005859375, -65.26762390136719], [311.5597229003906, 471.6144104003906, -14.88743782043457], [314.6474609375, 464.2552490234375, -31.704166412353516], [335.3211669921875, 377.89312744140625, -78.65913391113281], [342.10870361328125, 302.74652099609375, 7.2712507247924805], [410.5625915527344, 304.4718933105469, 16.18634796142578], [440.2127685546875, 374.5603942871094, -62.46413803100586], [426.0509033203125, 463.71112060546875, -18.676326751708984], [262.6452941894531, 176.48614501953125, -71.66348266601562], [281.5993347167969, 223.1217041015625, -31.640987396240234], [338.28021240234375, 198.8514404296875, -13.546431541442871], [428.58575439453125, 212.88400268554688, -12.385905265808105], [448.06634521484375, 274.6758728027344, 0.5675192475318909], [452.7081298828125, 323.0787048339844, -39.21022415161133], [386.021728515625, 183.8795166015625, -18.91514778137207], [395.13250732421875, 116.07601928710938, -13.875774383544922], [375.6852722167969, 304.76446533203125, 16.478601455688477], [384.70367431640625, 198.97549438476562, -13.77993106842041], [379.3034362792969, 243.00502014160156, 2.736330032348633], [388.1815185546875, 158.8809814453125, -36.714900970458984], [392.9214782714844, 132.17953491210938, -15.387703895568848], [384.0217590332031, 144.55343627929688, -52.070770263671875], [395.2879333496094, 138.6180877685547, -43.10028839111328], [378.6817932128906, 137.28256225585938, -39.21635055541992], [409.24700927734375, 151.43698120117188, -24.206523895263672], [372.0628662109375, 148.64524841308594, -15.707862854003906]], "pred_body_pose": [[3.0138118267059326, 0.039921484887599945, 0.21369269490242004, -0.9520030617713928, 0.0477512888610363, 0.3581693470478058, -0.8887549638748169, 0.04299650713801384, -0.3199986219406128, 0.5735688805580139, -0.03734627738595009, 0.023044006898999214, 1.4620565176010132, 0.037564393132925034, -0.17636263370513916, 1.4122198820114136, 0.06529990583658218, 0.12019858509302139, -0.07780160009860992, -0.05447320267558098, -0.014018814079463482, -0.20179001986980438, 0.08130171149969101, -0.07150410115718842, -0.17761576175689697, -0.08459571748971939, 0.09883187711238861, -0.037697140127420425, -0.027106767520308495, -0.030798299238085747, -0.2138969749212265, 0.012691106647253036, 0.2262355387210846, -0.19803157448768616, -0.07610952109098434, -0.2520267367362976, -0.40415099263191223, -0.20189787447452545, -0.011648016050457954, 0.020568106323480606, -0.17518669366836548, -0.3420412540435791, -0.14031390845775604, 0.08268700540065765, 0.12725664675235748, -0.10402078926563263, -0.06160273030400276, 0.019728632643818855, 0.11146778613328934, -0.21897707879543304, -0.7705453038215637, -0.40712079405784607, 0.2819027006626129, 0.2787884771823883, 0.02578764595091343, -0.7814679741859436, 0.13961032032966614, -0.6393038034439087, 1.269957184791565, -0.5193695425987244, 0.06816975027322769, -0.07008132338523865, 0.1803625375032425, -0.002777381567284465, 0.08275821805000305, -0.2514915466308594, -0.17742078006267548, -0.1067705973982811, -0.23636117577552795, -0.15617460012435913, 0.09691233187913895, 0.22850893437862396]], "pred_rotmat": [[[[0.9896852970123291, 0.017797859385609627, 0.14214904606342316], [0.034723225980997086, -0.9924666285514832, -0.11749131232500076], [0.13898710906505585, 0.12121528387069702, -0.9828476309776306]], [[0.9401666522026062, -0.32023635506629944, -0.11634095013141632], [0.2785716652870178, 0.5258837342262268, 0.8036442995071411], [-0.19617429375648499, -0.7879689335823059, 0.5836271047592163]], [[0.9516459703445435, 0.25667402148246765, 0.1687850058078766], [-0.29212361574172974, 0.5861250758171082, 0.7557255029678345], [0.09504599869251251, -0.7684892416000366, 0.6327641010284424]], [[0.9990633130073547, -0.032212190330028534, -0.028891975060105324], [0.011375736445188522, 0.8397372961044312, -0.5428736805915833], [0.04174881801009178, 0.5420365929603577, 0.8393171429634094]], [[0.9864780306816101, 0.14198905229568481, -0.08185527473688126], [-0.09630866348743439, 0.09809368848800659, -0.9905061721801758], [-0.13261154294013977, 0.9849958419799805, 0.11044204235076904]], [[0.9921119809150696, -0.044865746051073074, 0.11705055832862854], [0.1226150393486023, 0.15318024158477783, -0.9805617332458496], [0.02606380544602871, 0.9871792197227478, 0.15747316181659698]], [[0.9984193444252014, 0.016114715486764908, -0.0538446418941021], [-0.011879866011440754, 0.9968775510787964, 0.07806368172168732], [0.05493449419736862, -0.07730060815811157, 0.9954932928085327]], [[0.994164228439331, 0.062713623046875, 0.08777590841054916], [-0.07904791831970215, 0.9771839380264282, 0.19713692367076874], [-0.0734100416302681, -0.2029249519109726, 0.9764387011528015]], [[0.9915720224380493, -0.090552918612957, -0.09265561401844025], [0.10551787167787552, 0.9794257283210754, 0.1720208376646042], [0.0751723051071167, -0.18034787476062775, 0.9807261228561401]], [[0.9991585612297058, 0.03129316121339798, -0.02651239186525345], [-0.03027157671749592, 0.9988154768943787, 0.03809494897723198], [0.02767309918999672, -0.03726032376289368, 0.9989223480224609]], [[0.9745352864265442, -0.22393856942653656, -0.011513682082295418], [0.22124584019184113, 0.951923668384552, 0.21187636256217957], [-0.03648713603615761, -0.20902833342552185, 0.9772287011146545]], [[0.9656572341918945, 0.25496092438697815, -0.0500105619430542], [-0.24002467095851898, 0.9490958452224731, 0.20397338271141052], [0.09947006404399872, -0.1849645972251892, 0.9776982069015503]], [[0.9798964858055115, 0.05136450007557869, -0.1927812397480011], [0.028853390365839005, 0.919644832611084, 0.3916897177696228], [0.1974092274904251, -0.38937774300575256, 0.8996747136116028]], [[0.9270656108856201, 0.3318810760974884, -0.17436864972114563], [-0.3354400396347046, 0.9420133829116821, 0.009528444148600101], [0.167419895529747, 0.04965673387050629, 0.9846343994140625]], [[0.9885252714157104, -0.13213297724723816, 0.07320333272218704], [0.12057206779718399, 0.9821226596832275, 0.14455954730510712], [-0.09099572896957397, -0.13407447934150696, 0.9867846369743347]], [[0.9979104995727539, -0.01647935062646866, -0.0624736025929451], [0.022879313677549362, 0.9944021701812744, 0.10315393656492233], [0.06042398139834404, -0.10436776280403137, 0.9927014112472534]], [[0.696266770362854, 0.6776924133300781, -0.23652803897857666], [-0.7007994651794434, 0.7130823135375977, -0.019840724766254425], [0.15521806478500366, 0.1795731633901596, 0.971422016620636]], [[0.9234964847564697, -0.31988003849983215, 0.21173350512981415], [0.2081671506166458, 0.8815058469772339, 0.423808753490448], [-0.322212278842926, -0.3473099172115326, 0.8806560635566711]], [[0.7011285424232483, -0.13494502007961273, -0.7001489996910095], [0.1158301830291748, 0.9904407858848572, -0.07490291446447372], [0.7035638689994812, -0.02858181856572628, 0.7100570201873779]], [[0.22527632117271423, 0.008438319899141788, 0.9742584228515625], [-0.6766743659973145, 0.7207945585250854, 0.15022341907024384], [-0.7009724378585815, -0.6930974721908569, 0.1680879443883896]], [[0.9813445806503296, -0.18148033320903778, -0.06346464157104492], [0.17671965062618256, 0.9814762473106384, -0.07399044185876846], [0.07571684569120407, 0.06139466539025307, 0.9952375292778015]], [[0.965155839920044, 0.2484491467475891, 0.08214186131954193], [-0.24867765605449677, 0.9685565233230591, -0.007600799668580294], [-0.08144743740558624, -0.013090888038277626, 0.9965917468070984]], [[0.9666424989700317, 0.24188438057899475, -0.08422635495662689], [-0.22309646010398865, 0.9566859006881714, 0.18702997267246246], [0.12581779062747955, -0.16200055181980133, 0.9787368178367615]], [[0.9694159626960754, -0.23276124894618988, 0.07781309634447098], [0.21773415803909302, 0.961970329284668, 0.1649392545223236], [-0.11324535310268402, -0.14295218884944916, 0.9832294583320618]]]], "pred_betas": [[0.021264435723423958, 0.06212688982486725, 0.6033185124397278, 0.9730578064918518, 0.27353566884994507, 0.26144251227378845, -0.24519100785255432, 0.39485877752304077, 0.5863900184631348, -0.19429904222488403]], "pred_camera": [1.266755223274231, 0.08714402467012405, 0.3988676965236664]}