{"pred_joints_img": [[383.99560546875, 141.02882385253906, -54.84555435180664], [384.89208984375, 178.07003784179688, -17.899879455566406], [338.2804870605469, 196.66387939453125, -7.790253162384033], [291.3370361328125, 240.8111114501953, 1.1008037328720093], [256.93682861328125, 251.8267364501953, -53.052337646484375], [429.4255676269531, 196.77145385742188, -10.745583534240723], [491.3029479980469, 217.19610595703125, 4.680013179779053], [551.10400390625, 221.76141357421875, -16.72216033935547], [377.2216491699219, 306.25689697265625, 6.898565769195557], [358.89971923828125, 328.57806396484375, 5.137141704559326], [326.906494140625, 372.1255187988281, -76.16000366210938], [308.8721008300781, 454.48583984375, -19.12131690979004], [392.8432922363281, 331.2018127441406, 7.84264612197876], [434.0592041015625, 373.3590087890625, -66.92803192138672], [422.7574768066406, 459.5025634765625, -14.086488723754883], [377.58203125, 133.13075256347656, -42.63790512084961], [394.58990478515625, 134.158935546875, -45.470184326171875], [369.5983581542969, 143.35130310058594, -18.712106704711914], [407.6711730957031, 145.45932006835938, -24.92692756652832], [440.829833984375, 484.00592041015625, -55.18466567993164], [451.18328857421875, 481.477783203125, -36.49027633666992], [418.8282165527344, 464.10394287109375, 3.50937819480896], [300.6723937988281, 478.08599853515625, -63.68621826171875], [284.5202941894531, 472.05316162109375, -49.27912902832031], [306.96246337890625, 460.6856689453125, -1.195274829864502], [308.8721008300781, 454.48583984375, -19.12131690979004], [326.906494140625, 372.1255187988281, -76.16000366210938], [342.4250793457031, 297.69183349609375, 9.806962966918945], [411.7691955566406, 301.7035827636719, 13.53370475769043], [434.0592041015625, 373.3590087890625, -66.92803192138672], [422.7574768066406, 459.5025634765625, -14.086488723754883], [256.93682861328125, 251.8267364501953, -53.052337646484375], [291.3370361328125, 240.8111114501953, 1.1008037328720093], [338.2804870605469, 196.66387939453125, -7.790253162384033], [429.4255676269531, 196.77145385742188, -10.745583534240723], [491.3029479980469, 217.19610595703125, 4.680013179779053], [551.10400390625, 221.76141357421875, -16.72216033935547], [385.31219482421875, 177.8150634765625, -17.99365997314453], [391.87054443359375, 109.93638610839844, -17.372730255126953], [376.76934814453125, 300.8001708984375, 16.561952590942383], [384.65283203125, 190.611083984375, -10.97609806060791], [382.0367431640625, 239.04225158691406, 3.4363460540771484], [387.6432800292969, 154.3963165283203, -38.10343933105469], [390.2701721191406, 126.20185852050781, -17.982730865478516], [383.99560546875, 141.02882385253906, -54.84555435180664], [394.58990478515625, 134.158935546875, -45.470184326171875], [377.58203125, 133.13075256347656, -42.63790512084961], [407.6711730957031, 145.45932006835938, -24.92692756652832], [369.5983581542969, 143.35130310058594, -18.712106704711914]], "pred_body_pose": [[3.0483815670013428, 0.09890949726104736, 0.09388510137796402, -0.9725203514099121, 0.053840141743421555, 0.37024641036987305, -0.9292096495628357, 0.04631490632891655, -0.3176741600036621, 0.5273206830024719, -0.005284406244754791, -0.008233776316046715, 1.5268645286560059, -0.023439638316631317, -0.17920982837677002, 1.515669345855713, 0.07826831936836243, 0.14630071818828583, -0.1246107742190361, -0.037230733782052994, 0.044414035975933075, -0.19837495684623718, 0.19460324943065643, -0.11981596052646637, -0.19520148634910583, -0.1492268592119217, 0.0748804435133934, 0.023150349035859108, -0.013648097403347492, 0.01863681897521019, -0.20883993804454803, -0.02184261381626129, 0.2973504662513733, -0.2707516849040985, -0.04421845078468323, -0.2417750358581543, -0.32758840918540955, -0.028665948659181595, -0.028668295592069626, -0.03893968090415001, 0.06636383384466171, -0.07783091068267822, -0.06903842836618423, -0.02754620462656021, 0.19381536543369293, -0.1347726285457611, -0.11432931572198868, -0.016737304627895355, -0.17252755165100098, 0.014152822084724903, -0.19950740039348602, -0.07422581315040588, 0.1571301519870758, 0.5549579858779907, -0.30630654096603394, -0.49279290437698364, 0.14230625331401825, -0.192778542637825, 1.0749931335449219, -0.2701125741004944, 0.1452648639678955, -0.04715089872479439, 0.11876295506954193, -0.022220086306333542, 0.06634890288114548, -0.14695394039154053, -0.19830796122550964, -0.09097166359424591, -0.20810343325138092, -0.13855193555355072, 0.09143668413162231, 0.1941422075033188]], "pred_rotmat": [[[[0.9960135221481323, 0.061861664056777954, 0.06426738202571869], [0.06740229576826096, -0.9938410520553589, -0.08795960992574692], [0.05843023583292961, 0.09194071590900421, -0.9940487742424011]], [[0.9361175298690796, -0.33068594336509705, -0.11971190571784973], [0.2828947603702545, 0.5058119297027588, 0.8149386644363403], [-0.20893700420856476, -0.7967441082000732, 0.5670487284660339]], [[0.9524880051612854, 0.24907934665679932, 0.1752888262271881], [-0.28875917196273804, 0.5554313659667969, 0.7798168063163757], [0.09687533974647522, -0.7933823466300964, 0.600965678691864]], [[0.9999532103538513, 0.006496039219200611, -0.007163866423070431], [-0.009218619205057621, 0.8641263842582703, -0.5031903982162476], [0.0029217416886240244, 0.5032328963279724, 0.864145815372467]], [[0.9866415858268738, 0.10185714066028595, -0.12713541090488434], [-0.13112860918045044, 0.033490411937236786, -0.9907994270324707], [-0.09666218608617783, 0.994235098361969, 0.04639941826462746]], [[0.9887034893035889, -0.047172658145427704, 0.14226780831813812], [0.14452822506427765, 0.048569779843091965, -0.9883078932762146], [0.03971119225025177, 0.9977052211761475, 0.054838892072439194]], [[0.9983232021331787, -0.04195833578705788, -0.03987652808427811], [0.04659038037061691, 0.9912635087966919, 0.12339340150356293], [0.034350767731666565, -0.12504437565803528, 0.9915562272071838]], [[0.9740855693817139, 0.09884020686149597, 0.20344038307666779], [-0.13715088367462158, 0.9733501076698303, 0.183791384100914], [-0.17985273897647858, -0.20693054795265198, 0.9616823196411133]], [[0.9861385822296143, -0.059574972838163376, -0.15485955774784088], [0.08854447305202484, 0.9782645106315613, 0.1875055581331253], [0.1403229832649231, -0.19861844182014465, 0.9699794054031372]], [[0.9997331500053406, -0.01879146136343479, -0.013429959304630756], [0.01847553253173828, 0.9995583891868591, -0.023273387923836708], [0.013861370272934437, 0.023019054904580116, 0.9996388554573059]], [[0.9560414552688599, -0.28857117891311646, -0.05207138508558273], [0.29308265447616577, 0.9347100257873535, 0.20104645192623138], [-0.009344566613435745, -0.20746995508670807, 0.9781967401504517]], [[0.9701297879219055, 0.24234238266944885, -0.010872156359255314], [-0.23050299286842346, 0.9348500370979309, 0.2700440287590027], [0.07560695707798004, -0.25947174429893494, 0.9627864956855774]], [[0.9991856217384338, 0.032803356647491455, -0.023494992405176163], [-0.023497678339481354, 0.9464210271835327, 0.32207903265953064], [0.03280143439769745, -0.32126468420028687, 0.9464210867881775]], [[0.994774341583252, 0.07638482004404068, 0.06774525344371796], [-0.0789664164185524, 0.9962167739868164, 0.03628198429942131], [-0.06471756845712662, -0.041441988199949265, 0.997042715549469]], [[0.980907142162323, -0.19147899746894836, -0.034015171229839325], [0.1933739334344864, 0.9789105653762817, 0.0658838301897049], [0.0206824392080307, -0.0712035596370697, 0.9972473978996277]], [[0.993341863155365, 0.02433355152606964, -0.11260485649108887], [-0.008965513668954372, 0.9908022880554199, 0.13502013683319092], [0.11485467106103897, -0.1331115961074829, 0.9844235777854919]], [[0.9801142811775208, 0.19598178565502167, 0.031099257990717888], [-0.19840937852859497, 0.9654172658920288, 0.1691247522830963], [0.0031216100323945284, -0.17193196713924408, 0.9851038455963135]], [[0.838300883769989, -0.5298726558685303, 0.12840022146701813], [0.5185345411300659, 0.8476238250732422, 0.11249776184558868], [-0.16844457387924194, -0.027727022767066956, 0.985321044921875]], [[0.8723185062408447, -0.060736171901226044, -0.48515111207962036], [0.20724527537822723, 0.9446390271186829, 0.2543746531009674], [0.442842960357666, -0.3224410116672516, 0.8366134166717529]], [[0.4478352665901184, 0.12349092215299606, 0.8855471611022949], [-0.3097694516181946, 0.9505060911178589, 0.024105792865157127], [-0.8387410640716553, -0.28511086106300354, 0.4639238715171814]], [[0.9918615221977234, -0.12143746018409729, -0.0382581390440464], [0.11460944265127182, 0.9824516177177429, -0.14715149998664856], [0.05545647442340851, 0.14156916737556458, 0.9883738160133362]], [[0.9870299100875854, 0.14557044208049774, 0.06768540292978287], [-0.1470414400100708, 0.9889797568321228, 0.017257746309041977], [-0.06442727893590927, -0.026986470445990562, 0.9975574612617493]], [[0.974403440952301, 0.21391673386096954, -0.06912112981081009], [-0.19601261615753174, 0.958995521068573, 0.2047112137079239], [0.11007800698280334, -0.18592266738414764, 0.9763789176940918]], [[0.9770989418029785, -0.1983378529548645, 0.07706916332244873], [0.18573786318302155, 0.9717104434967041, 0.14587783813476562], [-0.1038220003247261, -0.12822243571281433, 0.9862961173057556]]]], "pred_betas": [[0.018950792029500008, 0.09577317535877228, 0.4405215382575989, 0.8552890419960022, 0.15790948271751404, 0.2799270749092102, -0.31382089853286743, 0.34096384048461914, 0.7057263851165771, 0.02894160896539688]], "pred_camera": [1.2540318965911865, -0.1274506002664566, 0.36252737045288086]}