{"pred_joints_img": [[384.2168273925781, 144.11940002441406, -49.79875564575195], [385.8460998535156, 181.5091094970703, -15.275146484375], [339.98968505859375, 199.39608764648438, -9.166069984436035], [290.0659484863281, 237.91839599609375, -12.129837989807129], [258.2564697265625, 239.97476196289062, -66.59679412841797], [429.05596923828125, 202.1058807373047, -9.258764266967773], [486.41302490234375, 231.857666015625, -2.0847740173339844], [532.6463623046875, 245.87408447265625, -40.5143928527832], [376.816650390625, 306.95977783203125, 6.656630516052246], [358.99432373046875, 328.6099548339844, 4.000164031982422], [330.6357421875, 370.3484802246094, -76.30093383789062], [310.7476501464844, 452.6940002441406, -25.41826057434082], [391.901611328125, 331.3310852050781, 7.669713973999023], [433.810302734375, 375.2945556640625, -62.071571350097656], [423.3995056152344, 458.9073486328125, -10.65147876739502], [377.6138610839844, 137.09698486328125, -37.71479797363281], [394.2076416015625, 137.35549926757812, -40.35920715332031], [370.1303405761719, 148.17861938476562, -14.920405387878418], [407.2064208984375, 148.62603759765625, -20.629928588867188], [441.7835998535156, 481.999267578125, -50.45967483520508], [451.7357482910156, 479.63946533203125, -32.26398849487305], [419.6566162109375, 463.2785949707031, 6.36132287979126], [305.1310729980469, 474.243408203125, -69.843505859375], [288.7282409667969, 468.9486083984375, -56.51096725463867], [308.1316833496094, 459.4114685058594, -8.433588981628418], [310.7476501464844, 452.6940002441406, -25.41826057434082], [330.6357421875, 370.3484802246094, -76.30093383789062], [342.9917907714844, 298.61126708984375, 8.467414855957031], [410.1993713378906, 302.66314697265625, 13.945143699645996], [433.810302734375, 375.2945556640625, -62.071571350097656], [423.3995056152344, 458.9073486328125, -10.65147876739502], [258.2564697265625, 239.97476196289062, -66.59679412841797], [290.0659484863281, 237.91839599609375, -12.129837989807129], [339.98968505859375, 199.39608764648438, -9.166069984436035], [429.05596923828125, 202.1058807373047, -9.258764266967773], [486.41302490234375, 231.857666015625, -2.0847740173339844], [532.6463623046875, 245.87408447265625, -40.5143928527832], [386.1085510253906, 181.39129638671875, -15.649908065795898], [390.4864196777344, 114.85646057128906, -12.188284873962402], [376.1329650878906, 301.7549743652344, 15.92727279663086], [385.4974670410156, 194.468505859375, -10.093944549560547], [381.74188232421875, 241.2382354736328, 4.178325176239014], [388.1163024902344, 157.5458526611328, -34.02075958251953], [389.51324462890625, 130.76075744628906, -13.411128044128418], [384.2168273925781, 144.11940002441406, -49.79875564575195], [394.2076416015625, 137.35549926757812, -40.35920715332031], [377.6138610839844, 137.09698486328125, -37.71479797363281], [407.2064208984375, 148.62603759765625, -20.629928588867188], [370.1303405761719, 148.17861938476562, -14.920405387878418]], "pred_body_pose": [[3.0269811153411865, 0.10185609012842178, 0.1422526091337204, -0.9148694276809692, 0.04156336560845375, 0.37290096282958984, -0.918917179107666, 0.04518822208046913, -0.3111555278301239, 0.5286363959312439, -0.012962592765688896, -0.004674242343753576, 1.4856362342834473, -0.029769862070679665, -0.16385509073734283, 1.476942777633667, 0.07547403126955032, 0.13903987407684326, -0.10912755131721497, -0.03505442291498184, 0.033777497708797455, -0.20155833661556244, 0.1775861382484436, -0.09959918260574341, -0.19087181985378265, -0.13597451150417328, 0.08278755843639374, 0.006024290341883898, -0.012578403577208519, 0.0160952340811491, -0.22071002423763275, -0.013422937132418156, 0.26722636818885803, -0.2464848905801773, -0.03988863155245781, -0.24890433251857758, -0.34864938259124756, -0.06998147070407867, -0.007399440743029118, -0.03734392672777176, -0.031954873353242874, -0.1129705086350441, -0.0843890905380249, 0.05082609876990318, 0.17103971540927887, -0.12673889100551605, -0.09728426486253738, 0.020407279953360558, -0.11010685563087463, -0.07721869647502899, -0.2740727663040161, -0.14765700697898865, 0.19598309695720673, 0.4621289074420929, -0.1622164249420166, -0.6745391488075256, 0.14695203304290771, -0.2567920684814453, 0.9893628358840942, -0.27032479643821716, 0.15353627502918243, -0.06962811201810837, 0.12898269295692444, 0.006593511439859867, 0.07002009451389313, -0.13609662652015686, -0.19003722071647644, -0.09399563819169998, -0.2102036476135254, -0.13227367401123047, 0.09101435542106628, 0.18922752141952515]], "pred_rotmat": [[[[0.9933605790138245, 0.061743754893541336, 0.09706906229257584], [0.07200349867343903, -0.9917541146278381, -0.10601530224084854], [0.08972285687923431, 0.11230073869228363, -0.9896152019500732]], [[0.9351605176925659, -0.3325481116771698, -0.12201052159070969], [0.2975221276283264, 0.5504701137542725, 0.7800405025482178], [-0.19223785400390625, -0.7657639384269714, 0.6137183308601379]], [[0.9543354511260986, 0.24531374871730804, 0.17048457264900208], [-0.28367483615875244, 0.5652358531951904, 0.7746205925941467], [0.09366107732057571, -0.7876101136207581, 0.6090139746665955]], [[0.9999072551727295, 0.001112268422730267, -0.013573789037764072], [-0.007806556299328804, 0.863487184047699, -0.5043104290962219], [0.011159864254295826, 0.5043696165084839, 0.8634157776832581]], [[0.9885303974151611, 0.09100110083818436, -0.12052609026432037], [-0.12758125364780426, 0.07614865899085999, -0.9889006018638611], [-0.08081315457820892, 0.9929351210594177, 0.08688529580831528]], [[0.9896239638328552, -0.04705139249563217, 0.13575893640518188], [0.1394759714603424, 0.08766230940818787, -0.9863374829292297], [0.03450760617852211, 0.9950383901596069, 0.0933152586221695]], [[0.9988164901733398, -0.03178674727678299, -0.03681190311908722], [0.03560759499669075, 0.9934828877449036, 0.10827672481536865], [0.033130232244729996, -0.10945937037467957, 0.9934389591217041]], [[0.9794129729270935, 0.08046730607748032, 0.18513569235801697], [-0.11601711809635162, 0.9748995304107666, 0.1900288462638855], [-0.16519758105278015, -0.2075956165790558, 0.9641648530960083]], [[0.9873936772346497, -0.06902763247489929, -0.14243917167186737], [0.09484800696372986, 0.9784682393074036, 0.18331310153007507], [0.12671853601932526, -0.194512277841568, 0.9726805090904236]], [[0.9997913837432861, -0.01613190397620201, -0.012528974562883377], [0.016056131571531296, 0.9998523592948914, -0.006125058047473431], [0.01262593362480402, 0.005922613199800253, 0.9999027848243713]], [[0.9645624160766602, -0.26043397188186646, -0.04235072806477547], [0.2633669674396515, 0.9405383467674255, 0.2145356833934784], [-0.0160398967564106, -0.2180868238210678, 0.9757976531982422]], [[0.9685555696487427, 0.24864515662193298, -0.008708255365490913], [-0.2389145791530609, 0.9392788410186768, 0.24632327258586884], [0.06942654401063919, -0.2364972084760666, 0.9691486954689026]], [[0.9975500106811523, 0.019315849989652634, -0.06723888218402863], [0.004827030934393406, 0.9398328065872192, 0.34160080552101135], [0.06979160010814667, -0.3410883843898773, 0.9374369978904724]], [[0.9931169748306274, 0.11328084766864777, -0.029767382889986038], [-0.11208903789520264, 0.9929304122924805, 0.03905222564935684], [0.03398081287741661, -0.035446830093860626, 0.9987936019897461]], [[0.984132707118988, -0.17206887900829315, 0.043303173035383224], [0.1677936315536499, 0.9818708896636963, 0.0881747454404831], [-0.05769025534391403, -0.07950964570045471, 0.9951633214950562]], [[0.9950703382492065, -0.014167618937790394, -0.09815456718206406], [0.026470689103007317, 0.9917781352996826, 0.12520109117031097], [0.09557376801967621, -0.12718211114406586, 0.9872640371322632]], [[0.9597746133804321, 0.2740534543991089, -0.06105296313762665], [-0.2656170129776001, 0.9567180275917053, 0.11890428513288498], [0.09099660068750381, -0.09790460020303726, 0.9910269379615784]], [[0.8768619894981384, -0.4554711878299713, 0.15381522476673126], [0.42718711495399475, 0.8849776387214661, 0.18527214229106903], [-0.2205091416835785, -0.09675020724534988, 0.970574676990509]], [[0.7715221047401428, -0.08248487114906311, -0.6308326721191406], [0.1873966008424759, 0.9770326614379883, 0.10143765807151794], [0.6079771518707275, -0.19647729396820068, 0.7692596912384033]], [[0.5212485194206238, 0.10707293450832367, 0.846661388874054], [-0.33833104372024536, 0.9367297291755676, 0.0898306593298912], [-0.7834744453430176, -0.3332759141921997, 0.5244950652122498]], [[0.9892979860305786, -0.1333414614200592, -0.05924178287386894], [0.1226910725235939, 0.9799704551696777, -0.15685944259166718], [0.07897105067968369, 0.14791229367256165, 0.9858425855636597]], [[0.9883102774620056, 0.13579531013965607, 0.06929874420166016], [-0.1353345513343811, 0.9907352328300476, -0.011323190294206142], [-0.07019434124231339, 0.001812313450500369, 0.9975315928459167]], [[0.9736860394477844, 0.21595998108386993, -0.07278013229370117], [-0.1982295960187912, 0.9601475596427917, 0.19703257083892822], [0.11243080347776413, -0.17742066085338593, 0.9776919484138489]], [[0.9780675768852234, -0.1932797133922577, 0.07763219624757767], [0.18130260705947876, 0.9734847545623779, 0.13948723673820496], [-0.10253382474184036, -0.12235302478075027, 0.9871760010719299]]]], "pred_betas": [[-0.009694758802652359, 0.13224950432777405, 0.5974178910255432, 0.9636051058769226, 0.1912439465522766, 0.26900923252105713, -0.42854592204093933, 0.3964836001396179, 0.6904548406600952, 0.10460127890110016]], "pred_camera": [1.2456079721450806, -0.0723680928349495, 0.37682515382766724]}