{"pred_joints_img": [[385.7429504394531, 139.3703155517578, -54.92817306518555], [386.6264343261719, 177.1396026611328, -18.02440071105957], [339.43939208984375, 197.97430419921875, -8.74604320526123], [300.58990478515625, 247.71060180664062, 9.270295143127441], [268.6360168457031, 283.11724853515625, -35.72517013549805], [430.7055969238281, 194.40869140625, -8.079005241394043], [495.9012756347656, 203.03085327148438, 7.461787223815918], [551.1612548828125, 177.24014282226562, -12.27551555633545], [377.8568115234375, 306.3463134765625, 6.976045608520508], [359.1852722167969, 328.81207275390625, 5.329558372497559], [325.9815979003906, 371.97955322265625, -76.80498504638672], [310.09765625, 450.2037353515625, -12.102043151855469], [393.5717468261719, 331.6319274902344, 7.859928131103516], [432.064697265625, 372.33599853515625, -70.25720977783203], [424.1124572753906, 457.7453918457031, -13.89712905883789], [379.0602722167969, 131.5326385498047, -42.65116500854492], [396.2978820800781, 132.3805694580078, -45.2990608215332], [370.8411865234375, 142.1664581298828, -18.783889770507812], [409.3056335449219, 143.8880615234375, -24.554187774658203], [440.2003479003906, 483.6437683105469, -55.62522888183594], [451.50347900390625, 480.36431884765625, -37.43558120727539], [421.1400451660156, 461.85943603515625, 4.032092094421387], [301.798095703125, 476.9364929199219, -55.27316665649414], [285.696044921875, 470.029541015625, -41.10047149658203], [308.0218811035156, 454.9058837890625, 6.33644962310791], [310.09765625, 450.2037353515625, -12.102043151855469], [325.9815979003906, 371.97955322265625, -76.80498504638672], [342.7208251953125, 297.6363830566406, 10.005252838134766], [413.02044677734375, 302.1094970703125, 13.402522087097168], [432.064697265625, 372.33599853515625, -70.25720977783203], [424.1124572753906, 457.7453918457031, -13.89712905883789], [268.6360168457031, 283.11724853515625, -35.72517013549805], [300.58990478515625, 247.71060180664062, 9.270295143127441], [339.43939208984375, 197.97430419921875, -8.74604320526123], [430.7055969238281, 194.40869140625, -8.079005241394043], [495.9012756347656, 203.03085327148438, 7.461787223815918], [551.1612548828125, 177.24014282226562, -12.27551555633545], [386.781982421875, 176.91506958007812, -17.932056427001953], [393.0127868652344, 108.32978820800781, -16.622642517089844], [377.5589904785156, 301.013427734375, 16.687335968017578], [385.90130615234375, 189.98939514160156, -10.422207832336426], [383.317626953125, 239.015869140625, 3.3422181606292725], [389.4365539550781, 153.04611206054688, -38.17469024658203], [391.5394592285156, 124.75935363769531, -17.455041885375977], [385.7429504394531, 139.3703155517578, -54.92817306518555], [396.2978820800781, 132.3805694580078, -45.2990608215332], [379.0602722167969, 131.5326385498047, -42.65116500854492], [409.3056335449219, 143.8880615234375, -24.554187774658203], [370.8411865234375, 142.1664581298828, -18.783889770507812]], "pred_body_pose": [[3.048367977142334, 0.10701215267181396, 0.0836137980222702, -0.9987466335296631, 0.018787633627653122, 0.35789626836776733, -0.9337671995162964, 0.051707323640584946, -0.32342034578323364, 0.534896731376648, 0.008558171801269054, -0.0223060492426157, 1.5761691331863403, -0.03438417613506317, -0.16152966022491455, 1.6061590909957886, 0.0746927484869957, 0.16542094945907593, -0.13013435900211334, -0.0077292234636843204, 0.053679946810007095, -0.20722568035125732, 0.18030205368995667, -0.13201919198036194, -0.2073669284582138, -0.11929217725992203, 0.03253360465168953, 0.01743718981742859, -0.006404401734471321, 0.02114138752222061, -0.1868637651205063, -0.030194900929927826, 0.3144330680370331, -0.28399261832237244, -0.06289777159690857, -0.17681370675563812, -0.33158546686172485, -0.021080227568745613, -0.0047933426685631275, -0.07569575309753418, 0.12343891710042953, -0.03195446357131004, -0.0346425324678421, -0.055091433227062225, 0.2691112756729126, -0.14207723736763, -0.14441382884979248, -0.04065288230776787, -0.34536316990852356, -0.02117530256509781, -0.05040661618113518, 0.03739694505929947, 0.09339790791273117, 0.6563922166824341, -0.48783183097839355, -0.6162943840026855, 0.28788092732429504, -0.03856716677546501, 0.946474015712738, -0.19275932013988495, 0.13420192897319794, -0.07352381944656372, 0.1372549682855606, -0.015281353145837784, 0.08093710243701935, -0.11475057899951935, -0.16798686981201172, -0.08485279977321625, -0.20183776319026947, -0.12583129107952118, 0.08810369670391083, 0.1804160326719284]], "pred_rotmat": [[[[0.9960465431213379, 0.06745964288711548, 0.05779718607664108], [0.07239629328250885, -0.99347984790802, -0.08807158470153809], [0.05147906020283699, 0.09190769493579865, -0.9944360256195068]], [[0.9415827989578247, -0.3029501438140869, -0.14711613953113556], [0.2858818769454956, 0.4880710244178772, 0.8246565461158752], [-0.17802666127681732, -0.8185401558876038, 0.546167254447937]], [[0.950599193572998, 0.2509285807609558, 0.18274571001529694], [-0.29539766907691956, 0.550303041934967, 0.780965268611908], [0.09540095925331116, -0.7963676452636719, 0.5972413420677185]], [[0.9997212886810303, 0.02349012717604637, 0.002330527873709798], [-0.01902071200311184, 0.8600850701332092, -0.5097959041595459], [-0.013979623094201088, 0.509609580039978, 0.8602921366691589]], [[0.9889886379241943, 0.08003424108028412, -0.12448292225599289], [-0.12379472702741623, -0.013523358851671219, -0.9922156929969788], [-0.0810946598649025, 0.9967003464698792, -0.003466630820184946]], [[0.9868165254592896, -0.05422390252351761, 0.15248899161815643], [0.15024399757385254, -0.04333718493580818, -0.9876986742019653], [0.060165319591760635, 0.9975879192352295, -0.034619033336639404]], [[0.9985317587852478, -0.053000204265117645, -0.01119066309183836], [0.054004374891519547, 0.9901081323623657, 0.12949655950069427], [0.004216623026877642, -0.12991078197956085, 0.991516649723053]], [[0.9752237200737, 0.1114475429058075, 0.19109724462032318], [-0.14852245151996613, 0.970047116279602, 0.19222284853458405], [-0.163950577378273, -0.21584251523017883, 0.9625654220581055]], [[0.9923924803733826, -0.019909800961613655, -0.12149345129728317], [0.04452711343765259, 0.9780770540237427, 0.20342710614204407], [0.1147797703742981, -0.20728930830955505, 0.971522867679596]], [[0.9997560381889343, -0.02119443006813526, -0.0062192450277507305], [0.021082760766148567, 0.999624490737915, -0.01750258170068264], [0.00658786715939641, 0.01736719347536564, 0.9998274445533752]], [[0.9506676197052002, -0.3046318590641022, -0.058571361005306244], [0.3102111220359802, 0.9338544011116028, 0.17800280451774597], [0.00047180705587379634, -0.18739096820354462, 0.9822853207588196]], [[0.9825597405433655, 0.18226416409015656, -0.03682471811771393], [-0.16457349061965942, 0.9445807337760925, 0.2840469777584076], [0.08655551075935364, -0.2730327546596527, 0.958102822303772]], [[0.9997684955596924, 0.008168529719114304, -0.019907016307115555], [-0.0012427062029018998, 0.9455180764198303, 0.3255670964717865], [0.021481849253177643, -0.32546696066856384, 0.9453093409538269]], [[0.991885781288147, 0.027174148708581924, 0.12419424951076508], [-0.03650083765387535, 0.9966307282447815, 0.07345005869865417], [-0.12177985906600952, -0.0773872584104538, 0.9895357489585876]], [[0.9625124335289001, -0.2647381126880646, -0.059021931141614914], [0.266634464263916, 0.9634240865707397, 0.026836004108190536], [0.049758635461330414, -0.04156726598739624, 0.9978959560394287]], [[0.988785982131958, 0.05058673769235611, -0.14051075279712677], [-0.030141718685626984, 0.9891195297241211, 0.14399342238903046], [0.14626607298851013, -0.13814343512058258, 0.9795522689819336]], [[0.99852055311203, 0.053005192428827286, -0.012130463495850563], [-0.04576623812317848, 0.9397097826004028, 0.3388967216014862], [0.029362402856349945, -0.33784016966819763, 0.9407453536987305]], [[0.7881718277931213, -0.6075198650360107, 0.0985124483704567], [0.6108862161636353, 0.7917015552520752, -0.005165570415556431], [-0.07485426962375641, 0.06425125151872635, 0.9951223731040955]], [[0.7818496227264404, -0.11367172002792358, -0.6130171418190002], [0.39716991782188416, 0.8487235903739929, 0.34917670488357544], [0.4805906116962433, -0.5164756178855896, 0.7087212204933167]], [[0.5687283277511597, 0.14723661541938782, 0.8092400431632996], [-0.1809839904308319, 0.9821367859840393, -0.0514998696744442], [-0.8023669719696045, -0.117170050740242, 0.5852164626121521]], [[0.9879202246665955, -0.14120657742023468, -0.06382957100868225], [0.13137423992156982, 0.9816402792930603, -0.13828681409358978], [0.08218467980623245, 0.12823079526424408, 0.9883331656455994]], [[0.9901571273803711, 0.11375197768211365, 0.08154353499412537], [-0.11498676240444183, 0.9933105111122131, 0.01059451512992382], [-0.07979290932416916, -0.019866660237312317, 0.9966134428977966]], [[0.9761825203895569, 0.20636750757694244, -0.06693412363529205], [-0.1922035962343216, 0.9657391905784607, 0.17437176406383514], [0.10062557458877563, -0.15735366940498352, 0.9824022650718689]], [[0.9799380302429199, -0.18424969911575317, 0.07598357647657394], [0.17321527004241943, 0.9759212136268616, 0.1325676441192627], [-0.0985795333981514, -0.11674655973911285, 0.9882571697235107]]]], "pred_betas": [[-0.04011635482311249, 0.11874378472566605, 0.5206671953201294, 0.8151246309280396, 0.14319442212581635, 0.3438700735569, -0.43439197540283203, 0.42894411087036133, 0.6929981708526611, 0.09425507485866547]], "pred_camera": [1.2626713514328003, -0.16267156600952148, 0.3731842637062073]}