{"pred_joints_img": [[382.0022277832031, 143.654541015625, -46.94010925292969], [386.3199462890625, 180.93336486816406, -11.910240173339844], [339.4100341796875, 198.68048095703125, -8.296165466308594], [288.47027587890625, 233.32034301757812, -25.240468978881836], [260.283447265625, 216.01495361328125, -79.91822052001953], [429.6891784667969, 206.91351318359375, -7.084288597106934], [471.0643310546875, 257.44970703125, 1.1186161041259766], [495.96832275390625, 292.4039001464844, -44.338165283203125], [376.59014892578125, 308.4270324707031, 6.766983985900879], [358.7895812988281, 330.4901123046875, 2.826263904571533], [331.71038818359375, 372.5834045410156, -79.46024322509766], [316.93414306640625, 454.7069091796875, -23.845909118652344], [392.1315612792969, 333.0687255859375, 7.311533451080322], [439.5627746582031, 375.6990661621094, -61.62092208862305], [421.76678466796875, 461.681396484375, -13.417562484741211], [375.83721923828125, 136.3043212890625, -34.575740814208984], [392.4792785644531, 136.24249267578125, -38.24563980102539], [370.0154113769531, 146.96054077148438, -10.73656177520752], [407.1362609863281, 146.69235229492188, -18.650041580200195], [443.4212646484375, 484.47821044921875, -52.31195068359375], [451.9812927246094, 482.9896240234375, -33.078338623046875], [416.3258361816406, 465.9676513671875, 3.125121593475342], [311.4825744628906, 478.43988037109375, -67.90231323242188], [294.8851013183594, 473.31884765625, -54.4044303894043], [315.05859375, 460.7831115722656, -6.518440246582031], [316.93414306640625, 454.7069091796875, -23.845909118652344], [331.71038818359375, 372.5834045410156, -79.46024322509766], [342.2070617675781, 300.2779235839844, 8.128119468688965], [410.18304443359375, 303.8985900878906, 15.159687995910645], [439.5627746582031, 375.6990661621094, -61.62092208862305], [421.76678466796875, 461.681396484375, -13.417562484741211], [260.283447265625, 216.01495361328125, -79.91822052001953], [288.47027587890625, 233.32034301757812, -25.240468978881836], [339.4100341796875, 198.68048095703125, -8.296165466308594], [429.6891784667969, 206.91351318359375, -7.084288597106934], [471.0643310546875, 257.44970703125, 1.1186161041259766], [495.96832275390625, 292.4039001464844, -44.338165283203125], [386.3248596191406, 181.21044921875, -12.760046005249023], [389.77313232421875, 112.51286315917969, -10.167647361755371], [375.6464538574219, 303.3683776855469, 16.356515884399414], [385.72039794921875, 195.813720703125, -8.071303367614746], [381.0111999511719, 241.6754608154297, 5.934101104736328], [387.1715393066406, 156.5679168701172, -30.980026245117188], [389.1136169433594, 128.76007080078125, -10.93378734588623], [382.0022277832031, 143.654541015625, -46.94010925292969], [392.4792785644531, 136.24249267578125, -38.24563980102539], [375.83721923828125, 136.3043212890625, -34.575740814208984], [407.1362609863281, 146.69235229492188, -18.650041580200195], [370.0154113769531, 146.96054077148438, -10.73656177520752]], "pred_body_pose": [[2.989060163497925, 0.08640488237142563, 0.17561067640781403, -0.8970322012901306, 0.07023068517446518, 0.397516667842865, -0.8940048217773438, 0.0231272354722023, -0.3028346300125122, 0.5387531518936157, -0.025597823783755302, 0.006573572754859924, 1.4947673082351685, 0.030211498960852623, -0.18215078115463257, 1.5397968292236328, 0.043226975947618484, 0.14818093180656433, -0.08330404758453369, -0.044416215270757675, 0.010753536596894264, -0.19058167934417725, 0.15489380061626434, -0.08365704119205475, -0.20093853771686554, -0.11206059157848358, 0.0632433295249939, -0.021334053948521614, -0.015717418864369392, 0.0005654515698552132, -0.23322027921676636, -0.0012097085127606988, 0.24576236307621002, -0.2208596169948578, -0.059340499341487885, -0.22256599366664886, -0.3330649733543396, -0.15354381501674652, 0.022307613864541054, 0.002869481686502695, -0.11185432970523834, -0.258357971906662, -0.10146455466747284, 0.1182674765586853, 0.1761806756258011, -0.07564517855644226, -0.07688282430171967, 0.04262056574225426, 0.03252983093261719, -0.13412439823150635, -0.5055313110351562, -0.2669972777366638, 0.29167839884757996, 0.38578805327415466, -0.018890531733632088, -0.8143925666809082, 0.15549345314502716, -0.41894030570983887, 1.0076406002044678, -0.3378963768482208, 0.12352856248617172, -0.07631770521402359, 0.1677626669406891, 0.0017230304656550288, 0.07235673815011978, -0.17524483799934387, -0.1919839233160019, -0.10370510071516037, -0.2357730269432068, -0.12619736790657043, 0.09583913534879684, 0.20410579442977905]], "pred_rotmat": [[[[0.9915074706077576, 0.04872388020157814, 0.1205773800611496], [0.0657970979809761, -0.9876865744590759, -0.1419370472431183], [0.11217691749334335, 0.14866529405117035, -0.9825044870376587]], [[0.9248855710029602, -0.3654804825782776, -0.10493170469999313], [0.3074001967906952, 0.5562393665313721, 0.7720769643783569], [-0.22381192445755005, -0.7463388442993164, 0.6268065571784973]], [[0.9572043418884277, 0.2502102851867676, 0.1454462856054306], [-0.26939502358436584, 0.5866501927375793, 0.7637197375297546], [0.10576444864273071, -0.7702184319496155, 0.6289495229721069]], [[0.9996592402458191, -0.012989290989935398, -0.022646216675639153], [-0.0004704677267000079, 0.8583362698554993, -0.5130873918533325], [0.026102710515260696, 0.5129231214523315, 0.8580376505851746]], [[0.9859424233436584, 0.13930822908878326, -0.09225381910800934], [-0.10206574946641922, 0.06499997526407242, -0.9926517605781555], [-0.13228806853294373, 0.9881134629249573, 0.07830483466386795]], [[0.9902825355529785, -0.06858137995004654, 0.12098420411348343], [0.12287503480911255, 0.024041930213570595, -0.9921309351921082], [0.06513301283121109, 0.9973558187484741, 0.032235242426395416]], [[0.9989565014839172, -0.008888734504580498, -0.044796984642744064], [0.012585993856191635, 0.996475100517273, 0.08294011652469635], [0.04390184208750725, -0.0834173932671547, 0.9955471754074097]], [[0.9845913648605347, 0.06804431229829788, 0.16108906269073486], [-0.0973990261554718, 0.9784612655639648, 0.1820080578327179], [-0.14523479342460632, -0.1948935091495514, 0.9700119495391846]], [[0.9917604923248291, -0.05143957957625389, -0.11732418835163116], [0.07385026663541794, 0.9779170155525208, 0.19551049172878265], [0.10467634350061417, -0.2025640308856964, 0.9736582636833191]], [[0.9998763799667358, -0.00039773673051968217, -0.01572161354124546], [0.0007330340449698269, 0.999772310256958, 0.02132711373269558], [0.01570954918861389, -0.02133600041270256, 0.9996489882469177]], [[0.970087468624115, -0.2409476339817047, -0.029571980237960815], [0.24122706055641174, 0.9431515336036682, 0.22863660752773285], [-0.027198586612939835, -0.22893106937408447, 0.9730625748634338]], [[0.9736959338188171, 0.2253052145242691, -0.033968403935432434], [-0.2123100906610489, 0.9512584805488586, 0.2236778438091278], [0.08270850032567978, -0.21058236062526703, 0.9740710854530334]], [[0.98809814453125, 0.003474601311609149, -0.15378552675247192], [0.047092702239751816, 0.9449090361595154, 0.32392773032188416], [0.1464388519525528, -0.327314555644989, 0.9334992170333862]], [[0.9606309533119202, 0.2547987997531891, -0.11075068265199661], [-0.25511762499809265, 0.966841459274292, 0.011522314511239529], [0.11001420021057129, 0.0171857587993145, 0.9937815070152283]], [[0.9775902032852173, -0.18053308129310608, 0.10828310996294022], [0.16858834028244019, 0.9794278144836426, 0.11090187728404999], [-0.12607693672180176, -0.09016132354736328, 0.9879148006439209]], [[0.9961406588554382, -0.03962044417858124, -0.07832081615924835], [0.04542974755167961, 0.9962348341941833, 0.07383917272090912], [0.07510039210319519, -0.07711228728294373, 0.994189977645874]], [[0.866325855255127, 0.4805775284767151, -0.1361054629087448], [-0.48484161496162415, 0.8745994567871094, 0.002071982715278864], [0.12003352493047714, 0.06419458985328674, 0.990692138671875]], [[0.8859900832176208, -0.4044201970100403, 0.22686107456684113], [0.32850348949432373, 0.8927108645439148, 0.3084684908390045], [-0.3272722363471985, -0.19877535104751587, 0.9237864017486572]], [[0.675546407699585, -0.1310112178325653, -0.7255846858024597], [0.1455337554216385, 0.9884196519851685, -0.04297121986746788], [0.7228118777275085, -0.07656801491975784, 0.6867899298667908]], [[0.4940513074398041, 0.07995988428592682, 0.8657480478286743], [-0.45814359188079834, 0.8702399730682373, 0.18107132613658905], [-0.7389301657676697, -0.48609545826911926, 0.46657630801200867]], [[0.9830852150917053, -0.17108401656150818, -0.06537377834320068], [0.1616952121257782, 0.9783870577812195, -0.1288929581642151], [0.08601238578557968, 0.11614212393760681, 0.9895012974739075]], [[0.9820806384086609, 0.17425891757011414, 0.071773461997509], [-0.17413458228111267, 0.9846891164779663, -0.008033827878534794], [-0.0720745101571083, -0.004608376882970333, 0.9973886013031006]], [[0.9671124815940857, 0.24160811305046082, -0.07949218899011612], [-0.22186903655529022, 0.9541727900505066, 0.20081943273544312], [0.12436888366937637, -0.1765781193971634, 0.9763977527618408]], [[0.9747189283370972, -0.20785574615001678, 0.08196884393692017], [0.19582824409008026, 0.971367359161377, 0.13452403247356415], [-0.10758345574140549, -0.11507131904363632, 0.9875141978263855]]]], "pred_betas": [[-0.058124080300331116, 0.15476372838020325, 0.6932344436645508, 0.9410542845726013, 0.07270152866840363, 0.299588680267334, -0.34408095479011536, 0.34562575817108154, 0.6923937201499939, 0.15120550990104675]], "pred_camera": [1.2539538145065308, 0.0061403317376971245, 0.3746551275253296]}