{"pred_joints_img": [[385.10394287109375, 145.83660888671875, -53.017452239990234], [385.655517578125, 183.88067626953125, -18.351470947265625], [338.0327453613281, 198.68795776367188, -12.068013191223145], [281.9287109375, 227.32122802734375, -23.50025749206543], [259.446044921875, 189.06292724609375, -69.75110626220703], [428.21197509765625, 212.5778350830078, -13.457554817199707], [455.5635070800781, 271.3342590332031, -1.9169776439666748], [462.6344299316406, 319.8374938964844, -40.91577911376953], [374.9498596191406, 309.0732421875, 6.848287105560303], [357.58013916015625, 331.4629211425781, 2.5872480869293213], [334.0770568847656, 376.044921875, -79.2214126586914], [316.93377685546875, 462.6131591796875, -31.86794090270996], [390.923583984375, 333.4501647949219, 7.964944839477539], [439.13421630859375, 372.2103271484375, -62.477725982666016], [424.03375244140625, 462.34014892578125, -21.804637908935547], [378.98760986328125, 138.40093994140625, -40.6806640625], [395.74346923828125, 139.55836486816406, -43.60087966918945], [371.2256164550781, 149.2709503173828, -17.33871078491211], [408.7771301269531, 151.61026000976562, -23.769786834716797], [444.0808410644531, 481.6366882324219, -63.369140625], [454.0360107421875, 481.39227294921875, -44.65469741821289], [419.13458251953125, 468.1341247558594, -5.50229024887085], [315.21429443359375, 484.44122314453125, -77.42079162597656], [297.31378173828125, 480.30157470703125, -64.90066528320312], [314.3401794433594, 469.8273620605469, -15.026653289794922], [316.93377685546875, 462.6131591796875, -31.86794090270996], [334.0770568847656, 376.044921875, -79.2214126586914], [340.2347106933594, 301.3244323730469, 7.411001682281494], [408.435302734375, 303.9795837402344, 16.495159149169922], [439.13421630859375, 372.2103271484375, -62.477725982666016], [424.03375244140625, 462.34014892578125, -21.804637908935547], [259.446044921875, 189.06292724609375, -69.75110626220703], [281.9287109375, 227.32122802734375, -23.50025749206543], [338.0327453613281, 198.68795776367188, -12.068013191223145], [428.21197509765625, 212.5778350830078, -13.457554817199707], [455.5635070800781, 271.3342590332031, -1.9169776439666748], [462.6344299316406, 319.8374938964844, -40.91577911376953], [385.8689880371094, 184.07232666015625, -18.992164611816406], [393.6343994140625, 116.43540954589844, -15.085498809814453], [373.6717529296875, 303.90728759765625, 16.68548583984375], [384.5314025878906, 198.78575134277344, -13.662956237792969], [378.7308349609375, 242.6376953125, 3.6662886142730713], [388.539794921875, 159.6562957763672, -37.11221694946289], [391.77783203125, 132.513427734375, -16.31296157836914], [385.10394287109375, 145.83660888671875, -53.017452239990234], [395.74346923828125, 139.55836486816406, -43.60087966918945], [378.98760986328125, 138.40093994140625, -40.6806640625], [408.7771301269531, 151.61026000976562, -23.769786834716797], [371.2256164550781, 149.2709503173828, -17.33871078491211]], "pred_body_pose": [[2.9967761039733887, 0.058520618826150894, 0.21537427604198456, -0.9528018236160278, 0.05634184554219246, 0.37808769941329956, -0.8835005760192871, 0.02621082402765751, -0.2940598428249359, 0.5907590985298157, -0.03418821468949318, 0.008557594381272793, 1.451803207397461, 0.04448087513446808, -0.17907527089118958, 1.4277058839797974, 0.04164803773164749, 0.12489588558673859, -0.06747648119926453, -0.06975443661212921, -0.0026213775854557753, -0.18407511711120605, 0.09476405382156372, -0.07064381241798401, -0.17338745296001434, -0.08188188821077347, 0.09003116190433502, -0.034806981682777405, -0.03366595879197121, -0.015438424423336983, -0.21131697297096252, 0.010171590372920036, 0.2150266170501709, -0.18656495213508606, -0.06985741853713989, -0.23861347138881683, -0.3935897946357727, -0.14000245928764343, -0.008880134671926498, 0.023226898163557053, -0.1764778196811676, -0.31044119596481323, -0.1198320984840393, 0.07549527287483215, 0.1475299447774887, -0.10792683064937592, -0.044676680117845535, 0.03861377015709877, 0.09796249866485596, -0.188630610704422, -0.6678280234336853, -0.34792399406433105, 0.23909787833690643, 0.33892562985420227, 0.03734271600842476, -0.7770798802375793, 0.09517897665500641, -0.5851766467094421, 1.2737149000167847, -0.4690706729888916, 0.09137869626283646, -0.07651204615831375, 0.1811193972826004, -0.009825819171965122, 0.08183275908231735, -0.24735642969608307, -0.19822710752487183, -0.10357797145843506, -0.235558420419693, -0.16148437559604645, 0.09810857474803925, 0.23054572939872742]], "pred_rotmat": [[[[0.9890195727348328, 0.028905749320983887, 0.14492976665496826], [0.04841345176100731, -0.9899410605430603, -0.13293927907943726], [0.13962921500205994, 0.13849611580371857, -0.9804705381393433]], [[0.9331333637237549, -0.33965155482292175, -0.11789325624704361], [0.2905212938785553, 0.5191630721092224, 0.8037828803062439], [-0.21180030703544617, -0.7842872738838196, 0.5831243991851807]], [[0.9594823718070984, 0.2425745576620102, 0.1433565467596054], [-0.26410502195358276, 0.5969333648681641, 0.7575744986534119], [0.09819400310516357, -0.7647405862808228, 0.6368122100830078]], [[0.9993969202041626, -0.017873914912343025, -0.029772384092211723], [-0.0017404401442036033, 0.8305002450942993, -0.557015597820282], [0.0346820205450058, 0.5567314624786377, 0.829968273639679]], [[0.9858062863349915, 0.1485804170370102, -0.07816552370786667], [-0.09473671764135361, 0.10793343931436539, -0.9896339774131775], [-0.1386035680770874, 0.9829925298690796, 0.12047748267650604]], [[0.992719829082489, -0.061319924890995026, 0.10366883873939514], [0.11126793175935745, 0.13733291625976562, -0.9842556118965149], [0.04611733928322792, 0.9886251091957092, 0.1431560516357422]], [[0.9975656270980835, 0.004968807101249695, -0.06955654174089432], [-0.0002657162840478122, 0.997721791267395, 0.06746188551187515], [0.06973328441381454, -0.06727918237447739, 0.9952942728996277]], [[0.9930424690246582, 0.06139460206031799, 0.10048605501651764], [-0.07876885682344437, 0.9806402921676636, 0.17927660048007965], [-0.08753405511379242, -0.18594443798065186, 0.9786534309387207]], [[0.9926225543022156, -0.08228718489408493, -0.08904685825109482], [0.09643146395683289, 0.9809868335723877, 0.1684214174747467], [0.07349487394094467, -0.17576579749584198, 0.9816847443580627]], [[0.9993142485618591, 0.016017558053135872, -0.0333828404545784], [-0.014845999889075756, 0.9992752075195312, 0.03505181521177292], [0.03392008692026138, -0.034532178193330765, 0.9988277554512024]], [[0.9770052433013916, -0.21284699440002441, -0.012529605999588966], [0.21071381866931915, 0.9548978805541992, 0.20921207964420319], [-0.03256566822528839, -0.2070414423942566, 0.9777900576591492]], [[0.9693398475646973, 0.2412535846233368, -0.04665805399417877], [-0.22832521796226501, 0.9544967412948608, 0.19184258580207825], [0.09081766754388809, -0.17530745267868042, 0.9803159832954407]], [[0.990302562713623, 0.03577721491456032, -0.13424168527126312], [0.0185292549431324, 0.9236250519752502, 0.3828490078449249], [0.13768626749515533, -0.3816237449645996, 0.9140053391456604]], [[0.9369184374809265, 0.3018300235271454, -0.17630229890346527], [-0.3058854639530182, 0.9520583152770996, 0.004367581102997065], [0.16916832327842712, 0.04983624443411827, 0.9843264222145081]], [[0.9863154888153076, -0.1510113626718521, 0.06616147607564926], [0.1419960856437683, 0.9820005297660828, 0.1245480626821518], [-0.08377876877784729, -0.11344900727272034, 0.990005373954773]], [[0.998258650302887, -0.03610856831073761, -0.04664517194032669], [0.0409243069589138, 0.9934386610984802, 0.10679330676794052], [0.04248296469449997, -0.10851626843214035, 0.9931864738464355]], [[0.7689078450202942, 0.6056179404258728, -0.20495761930942535], [-0.623352587223053, 0.7813771367073059, -0.02968759648501873], [0.14216984808444977, 0.15058788657188416, 0.9783204793930054]], [[0.9160613417625427, -0.36319854855537415, 0.17005419731140137], [0.2820226848125458, 0.8848922848701477, 0.37071406841278076], [-0.28512245416641235, -0.29163768887519836, 0.9130458235740662]], [[0.7089143395423889, -0.09951053559780121, -0.6982393264770508], [0.07194767892360687, 0.9950353503227234, -0.0687611848115921], [0.7016153335571289, -0.0014909134479239583, 0.712554395198822]], [[0.2347806841135025, 0.006407254841178656, 0.9720273017883301], [-0.6255583763122559, 0.7663862705230713, 0.1460438370704651], [-0.7440126538276672, -0.642348051071167, 0.1839407980442047]], [[0.9807463884353638, -0.18318580090999603, -0.06767112761735916], [0.1762215793132782, 0.9795032739639282, -0.09756623208522797], [0.08415685594081879, 0.08376262336969376, 0.9929255843162537]], [[0.9662508964538574, 0.24416367709636688, 0.08211713284254074], [-0.24496321380138397, 0.969532310962677, -0.00034885224886238575], [-0.07970038801431656, -0.019778598099946976, 0.9966225624084473]], [[0.9671819806098938, 0.2416139543056488, -0.07862366735935211], [-0.2212618887424469, 0.9530243277549744, 0.20685206353664398], [0.12490861862897873, -0.18266718089580536, 0.9752079248428345]], [[0.968843400478363, -0.23500975966453552, 0.07818479090929031], [0.21928369998931885, 0.960678219795227, 0.17032933235168457], [-0.11513946950435638, -0.1478777974843979, 0.9822805523872375]]]], "pred_betas": [[0.016514521092176437, 0.037283044308423996, 0.5532212853431702, 0.9342198967933655, 0.2185235321521759, 0.26922470331192017, -0.1937972605228424, 0.3631950914859772, 0.5607683658599854, -0.1462297886610031]], "pred_camera": [1.2625818252563477, 0.0625351071357727, 0.3918921649456024]}