{"pred_joints_img": [[383.6606750488281, 146.18716430664062, -41.193519592285156], [386.62615966796875, 180.37673950195312, -3.820636749267578], [340.2774353027344, 204.50833129882812, -2.1297731399536133], [309.6012878417969, 259.2358703613281, 8.726511001586914], [282.93646240234375, 309.89654541015625, -18.99381446838379], [430.64544677734375, 199.02792358398438, 1.3419716358184814], [490.1630554199219, 210.95285034179688, -23.533355712890625], [496.692138671875, 160.8873291015625, -59.963802337646484], [377.7539367675781, 308.7657165527344, 6.954784870147705], [359.6391296386719, 330.3210754394531, 1.3713319301605225], [332.6085510253906, 377.2088928222656, -77.6239013671875], [314.6776428222656, 457.56475830078125, -21.24188232421875], [393.0890197753906, 333.6153564453125, 6.167996883392334], [437.4832763671875, 374.6234130859375, -64.92263793945312], [425.1634826660156, 460.806884765625, -16.419065475463867], [377.0541687011719, 137.9315185546875, -29.682819366455078], [393.7393493652344, 137.79136657714844, -32.97209930419922], [370.8743896484375, 146.49127197265625, -5.109481334686279], [408.2106018066406, 145.96481323242188, -12.22553825378418], [445.6507873535156, 483.17425537109375, -56.60660934448242], [454.535400390625, 481.25201416015625, -37.5867919921875], [420.63421630859375, 465.6488342285156, 0.3517775237560272], [311.4822692871094, 481.5077819824219, -65.42918395996094], [294.26812744140625, 475.2914733886719, -53.31215286254883], [311.096435546875, 463.4668884277344, -4.0035295486450195], [314.6776428222656, 457.56475830078125, -21.24188232421875], [332.6085510253906, 377.2088928222656, -77.6239013671875], [343.491943359375, 300.2105712890625, 7.676743984222412], [411.5929870605469, 305.4698181152344, 15.837883949279785], [437.4832763671875, 374.6234130859375, -64.92263793945312], [425.1634826660156, 460.806884765625, -16.419065475463867], [282.93646240234375, 309.89654541015625, -18.99381446838379], [309.6012878417969, 259.2358703613281, 8.726511001586914], [340.2774353027344, 204.50833129882812, -2.1297731399536133], [430.64544677734375, 199.02792358398438, 1.3419716358184814], [490.1630554199219, 210.95285034179688, -23.533355712890625], [496.692138671875, 160.8873291015625, -59.963802337646484], [386.8829345703125, 180.85073852539062, -5.097111701965332], [390.08831787109375, 111.652587890625, -7.097747802734375], [376.84527587890625, 304.401611328125, 16.48288917541504], [386.3584899902344, 194.93800354003906, -0.5694608688354492], [383.1624450683594, 242.26637268066406, 11.686009407043457], [388.76531982421875, 157.56561279296875, -24.259462356567383], [389.71826171875, 127.973388671875, -6.5118207931518555], [383.6606750488281, 146.18716430664062, -41.193519592285156], [393.7393493652344, 137.79136657714844, -32.97209930419922], [377.0541687011719, 137.9315185546875, -29.682819366455078], [408.2106018066406, 145.96481323242188, -12.22553825378418], [370.8743896484375, 146.49127197265625, -5.109481334686279]], "pred_body_pose": [[2.9275617599487305, 0.10736669600009918, 0.190532386302948, -0.8685241341590881, 0.01749153435230255, 0.38083282113075256, -0.7740477919578552, 0.016459250822663307, -0.27831950783729553, 0.5191679000854492, -0.0024269619025290012, -0.019503235816955566, 1.4985638856887817, -0.013119326904416084, -0.1550423949956894, 1.4900240898132324, 0.07683439552783966, 0.1342599242925644, -0.05924193933606148, -0.017155054956674576, 0.05714072659611702, -0.1972033828496933, 0.16574814915657043, -0.09570205211639404, -0.22286951541900635, -0.08911384642124176, 0.01654909923672676, -0.01225943211466074, -0.013263004831969738, 0.041253115981817245, -0.2031906545162201, 0.003101576352491975, 0.23600643873214722, -0.19536519050598145, -0.04335454851388931, -0.18636290729045868, -0.2455127239227295, -0.07945039868354797, -0.04481951519846916, -0.1360323131084442, -0.11215581744909286, -0.041116517037153244, -0.006199377588927746, 0.09920904785394669, 0.32770809531211853, -0.03439381346106529, -0.1747376173734665, 0.06250128895044327, -0.43161606788635254, -0.43252691626548767, -0.08559758216142654, 0.060537129640579224, 0.0625457763671875, 0.73236483335495, -0.4572245180606842, -1.2124229669570923, 0.48236438632011414, -0.06076466292142868, 0.5454740524291992, -0.08797518908977509, 0.1387770175933838, -0.100545234978199, 0.2591177225112915, 0.002771938219666481, 0.05184395983815193, -0.1302529126405716, -0.16902442276477814, -0.09412803500890732, -0.2507745027542114, -0.14488616585731506, 0.099465511739254, 0.2179456651210785]], "pred_rotmat": [[[[0.9890176653862, 0.05890436843037605, 0.13555169105529785], [0.08543894439935684, -0.9762360453605652, -0.1991569995880127], [0.12059921026229858, 0.20855119824409485, -0.9705474376678467]], [[0.932617723941803, -0.3332862854003906, -0.13836385309696198], [0.3191998302936554, 0.5830351710319519, 0.7471154928207397], [-0.16833233833312988, -0.7409387826919556, 0.6501338481903076]], [[0.9632771611213684, 0.24194805324077606, 0.11644003540277481], [-0.2539857029914856, 0.6803515553474426, 0.6874684691429138], [0.08711151778697968, -0.6917967796325684, 0.7168184518814087]], [[0.9998111724853516, 0.018021654337644577, -0.007269113324582577], [-0.01925356686115265, 0.8680506348609924, -0.4961022138595581], [-0.002630624221637845, 0.4961484968662262, 0.8682336807250977]], [[0.9900182485580444, 0.09458982944488525, -0.10448262840509415], [-0.1108013391494751, 0.06420320272445679, -0.991766631603241], [-0.08710290491580963, 0.9934439063072205, 0.07404302060604095]], [[0.9901120066642761, -0.042079854756593704, 0.13381873071193695], [0.13669419288635254, 0.07513901591300964, -0.9877594113349915], [0.03150976449251175, 0.9962847828865051, 0.0801481157541275]], [[0.9982213377952576, -0.056565579026937485, -0.01882641762495041], [0.05758127570152283, 0.9966146945953369, 0.05868232995271683], [0.015443283133208752, -0.05966200679540634, 0.998099148273468]], [[0.981799304485321, 0.07826156914234161, 0.17304693162441254], [-0.1107424646615982, 0.9761267900466919, 0.1868491768836975], [-0.15429264307022095, -0.202612042427063, 0.967027485370636]], [[0.9959121942520142, -0.006507330574095249, -0.09009186923503876], [0.026272471994161606, 0.9751479029655457, 0.21999172866344452], [0.08642133325338364, -0.22145938873291016, 0.9713326692581177]], [[0.9990612864494324, -0.041157882660627365, -0.013511348515748978], [0.04132045805454254, 0.9990741014480591, 0.011981764808297157], [0.0130056943744421, -0.012528812512755394, 0.9998369216918945]], [[0.9723701477050781, -0.23252224922180176, -0.020732291042804718], [0.23189708590507507, 0.9518979787826538, 0.20028486847877502], [-0.026835650205612183, -0.19955874979496002, 0.9795184135437012]], [[0.9818083643913269, 0.18825757503509521, -0.02472497709095478], [-0.1798402965068817, 0.9637771844863892, 0.1969541609287262], [0.06090749427676201, -0.18892471492290497, 0.9801008105278015]], [[0.995863139629364, 0.05400627478957176, -0.07307466864585876], [-0.03461143746972084, 0.9690349698066711, 0.24448572099208832], [0.08401567488908768, -0.24094510078430176, 0.9668954610824585]], [[0.992884635925293, 0.048499878495931625, -0.10875522345304489], [-0.03328470513224602, 0.9899298548698425, 0.13758990168571472], [0.1143331453204155, -0.13299104571342468, 0.9845004677772522]], [[0.9419531226158142, -0.3216448724269867, 0.09627538174390793], [0.32103583216667175, 0.946807324886322, 0.022176479920744896], [-0.0982872024178505, 0.010018646717071533, 0.9951076507568359]], [[0.9828312397003174, -0.0591348372399807, -0.1747736632823944], [0.0651269182562828, 0.9974628686904907, 0.028745505958795547], [0.17263038456439972, -0.039634447544813156, 0.9841889142990112]], [[0.9058416485786438, 0.17068767547607422, -0.38770681619644165], [0.010149938985705376, 0.9062228798866272, 0.4226784110069275], [0.42349478602409363, -0.3868149220943451, 0.8191619515419006]], [[0.7418897151947021, -0.6659452319145203, 0.07820872962474823], [0.6695630550384521, 0.7420077919960022, -0.03331277519464493], [-0.035847000777721405, 0.07708007842302322, 0.9963802695274353]], [[0.2759466767311096, -0.10697595775127411, -0.9552013278007507], [0.5784525871276855, 0.8121535778045654, 0.07615270465612411], [0.7676236033439636, -0.5735527276992798, 0.2859916090965271]], [[0.851249098777771, 0.06736389547586441, 0.5204201340675354], [-0.09966476261615753, 0.9944296479225159, 0.03430090844631195], [-0.5152105689048767, -0.08106616884469986, 0.8532211184501648]], [[0.961683988571167, -0.26189059019088745, -0.08110007643699646], [0.24804911017417908, 0.9571457505226135, -0.14947760105133057], [0.1167713850736618, 0.12363340705633163, 0.9854334592819214]], [[0.990189254283905, 0.12989825010299683, 0.05149400606751442], [-0.12975478172302246, 0.9915270805358887, -0.006133748684078455], [-0.05185446888208389, -0.0006080213352106512, 0.9986543655395508]], [[0.9644249081611633, 0.25449132919311523, -0.07154520601034164], [-0.23871392011642456, 0.9546524882316589, 0.17791666090488434], [0.11357904225587845, -0.15450842678546906, 0.9814412593841553]], [[0.9714901447296143, -0.22226814925670624, 0.08248535543680191], [0.20795086026191711, 0.9659769535064697, 0.15376916527748108], [-0.11385693401098251, -0.13223230838775635, 0.9846579432487488]]]], "pred_betas": [[-0.07922425866127014, 0.03727303445339203, 0.7118126749992371, 0.9565290808677673, 0.11937674880027771, 0.32256853580474854, -0.3520084619522095, 0.3655652701854706, 0.7829142808914185, 0.20268355309963226]], "pred_camera": [1.252639651298523, -0.017688114196062088, 0.37671661376953125]}