{"pred_joints_img": [[384.09405517578125, 144.05923461914062, -45.56515884399414], [386.2547912597656, 179.76165771484375, -8.830913543701172], [339.8482666015625, 204.12753295898438, -4.804442882537842], [312.65863037109375, 261.18536376953125, 7.5243048667907715], [291.9453125, 314.0750427246094, -22.68260955810547], [430.6587829589844, 197.52395629882812, -4.308016300201416], [490.94464111328125, 209.21954345703125, -29.27492332458496], [502.38763427734375, 158.56597900390625, -64.86637878417969], [378.9996337890625, 307.5536193847656, 6.9943766593933105], [360.84844970703125, 329.3677062988281, 2.117363691329956], [334.70477294921875, 368.62567138671875, -82.22281646728516], [315.75543212890625, 457.6835632324219, -38.853092193603516], [394.61322021484375, 332.3387145996094, 6.150382041931152], [437.54400634765625, 374.63348388671875, -66.2778091430664], [424.9600524902344, 463.0890808105469, -19.771804809570312], [377.7670593261719, 136.06639099121094, -33.615394592285156], [394.5335388183594, 136.45834350585938, -36.89469528198242], [371.128173828125, 145.54037475585938, -9.369302749633789], [408.6924133300781, 146.26657104492188, -16.509178161621094], [444.642333984375, 485.0810546875, -61.14606475830078], [453.8882751464844, 483.6156005859375, -42.13932418823242], [420.4566650390625, 468.511474609375, -2.9435596466064453], [313.26226806640625, 476.20654296875, -86.08088684082031], [295.7104797363281, 471.75921630859375, -73.30787658691406], [312.12286376953125, 465.93695068359375, -22.309005737304688], [315.75543212890625, 457.6835632324219, -38.853092193603516], [334.70477294921875, 368.62567138671875, -82.22281646728516], [344.338623046875, 299.389404296875, 8.881268501281738], [413.2179870605469, 303.9062805175781, 15.191856384277344], [437.54400634765625, 374.63348388671875, -66.2778091430664], [424.9600524902344, 463.0890808105469, -19.771804809570312], [291.9453125, 314.0750427246094, -22.68260955810547], [312.65863037109375, 261.18536376953125, 7.5243048667907715], [339.8482666015625, 204.12753295898438, -4.804442882537842], [430.6587829589844, 197.52395629882812, -4.308016300201416], [490.94464111328125, 209.21954345703125, -29.27492332458496], [502.38763427734375, 158.56597900390625, -64.86637878417969], [386.59954833984375, 180.09976196289062, -9.83226203918457], [391.9162902832031, 111.43963623046875, -9.824357986450195], [378.1864929199219, 303.20831298828125, 16.84356689453125], [386.13671875, 194.14450073242188, -4.943243026733398], [383.700927734375, 241.1771697998047, 9.51858901977539], [388.76806640625, 156.57061767578125, -28.95397186279297], [390.88616943359375, 127.72279357910156, -9.903404235839844], [384.09405517578125, 144.05923461914062, -45.56515884399414], [394.5335388183594, 136.45834350585938, -36.89469528198242], [377.7670593261719, 136.06639099121094, -33.615394592285156], [408.6924133300781, 146.26657104492188, -16.509178161621094], [371.128173828125, 145.54037475585938, -9.369302749633789]], "pred_body_pose": [[2.944093704223633, 0.09804342687129974, 0.15578582882881165, -0.874580442905426, 0.039132025092840195, 0.36298662424087524, -0.8888660073280334, 0.04650210589170456, -0.28611889481544495, 0.5552527904510498, -0.015848558396100998, -0.013986052013933659, 1.4652009010314941, -0.00913766399025917, -0.16168002784252167, 1.4313623905181885, 0.06566575914621353, 0.14680853486061096, -0.07031805068254471, -0.011400783434510231, 0.0553978867828846, -0.1929219514131546, 0.16864457726478577, -0.1060413047671318, -0.1879756599664688, -0.09895958751440048, 0.041242565959692, -0.01154713612049818, -0.015875963494181633, 0.03745121508836746, -0.1956416666507721, 0.011403214186429977, 0.2525956630706787, -0.21840840578079224, -0.047863855957984924, -0.2229965180158615, -0.28634509444236755, -0.054829102009534836, -0.06234968081116676, -0.1378016620874405, -0.107159823179245, -0.022925397381186485, -0.009184610098600388, 0.11295396834611893, 0.3261730670928955, -0.08168888092041016, -0.1689426302909851, 0.03446437045931816, -0.44967204332351685, -0.401109904050827, -0.08527521044015884, 0.0883016511797905, 0.11400267481803894, 0.7811198830604553, -0.5506731271743774, -1.1427879333496094, 0.49442043900489807, -0.02356923744082451, 0.6064835786819458, -0.0947142094373703, 0.1108788326382637, -0.08065778017044067, 0.2507496476173401, -0.0007148640579544008, 0.04555589333176613, -0.13092906773090363, -0.16668416559696198, -0.09320954233407974, -0.23552821576595306, -0.14878293871879578, 0.0965554416179657, 0.210129976272583]], "pred_rotmat": [[[[0.992283821105957, 0.05567147210240364, 0.11078546196222305], [0.07580084353685379, -0.9794830083847046, -0.18672746419906616], [0.09811709821224213, 0.19368427991867065, -0.9761450886726379]], [[0.9381960034370422, -0.32690635323524475, -0.11366821825504303], [0.295168399810791, 0.5842426419258118, 0.7560001015663147], [-0.1807314157485962, -0.7428275346755981, 0.6446265578269958]], [[0.9609593152999878, 0.22701524198055267, 0.15818117558956146], [-0.2654248774051666, 0.5948729515075684, 0.7587330341339111], [0.07814626395702362, -0.7710968255996704, 0.6319041848182678]], [[0.999782383441925, 0.008989449590444565, -0.018829526379704475], [-0.017565306276082993, 0.849677562713623, -0.5270100831985474], [0.011261493898928165, 0.5272260308265686, 0.8496505618095398]], [[0.9890968799591064, 0.10360020399093628, -0.10466230660676956], [-0.11473318934440613, 0.09655790776014328, -0.9886924624443054], [-0.09232276678085327, 0.9899210333824158, 0.10739150643348694]], [[0.9891544580459595, -0.06164628267288208, 0.13331608474254608], [0.14047080278396606, 0.13186581432819366, -0.9812641739845276], [0.042911455035209656, 0.9893488883972168, 0.13909515738487244]], [[0.9984015822410583, -0.05492216721177101, -0.013331730850040913], [0.055723294615745544, 0.9959959387779236, 0.06990707665681839], [0.009438902139663696, -0.070538230240345, 0.9974643588066101]], [[0.9802839756011963, 0.08852372318506241, 0.17665474116802216], [-0.12085097283124924, 0.9759230613708496, 0.18157419562339783], [-0.15632782876491547, -0.19934317469596863, 0.9673799276351929]], [[0.9942754507064819, -0.031656671315431595, -0.10205021500587463], [0.05018617957830429, 0.9815542697906494, 0.1844792366027832], [0.09432782977819443, -0.18854467570781708, 0.9775240421295166]], [[0.9991728067398071, -0.037348415702581406, -0.016087429597973824], [0.03753169998526573, 0.9992321729660034, 0.011246453039348125], [0.015655038878321648, -0.011840938590466976, 0.9998073577880859]], [[0.9683040380477905, -0.249420627951622, -0.013289423659443855], [0.2472086250782013, 0.9493931531906128, 0.19375388324260712], [-0.03570932522416115, -0.19089792668819427, 0.9809601306915283]], [[0.974206268787384, 0.2244923710823059, -0.022921854630112648], [-0.21412505209445953, 0.9516886472702026, 0.22008900344371796], [0.07122275978326797, -0.2095039337873459, 0.9752104878425598]], [[0.9965786337852478, 0.06922214478254318, -0.04515960067510605], [-0.053638044744729996, 0.9573766589164734, 0.2838185429573059], [0.06288126856088638, -0.28042519092559814, 0.9578140377998352]], [[0.9940110445022583, 0.030171474441885948, -0.10503154993057251], [-0.015442801639437675, 0.990267813205719, 0.13831600546836853], [0.10818254202604294, -0.13586567342281342, 0.9848030805587769]], [[0.9410158395767212, -0.3202434480190277, 0.10923963040113449], [0.3192162811756134, 0.947290301322937, 0.027242138981819153], [-0.11220575124025345, 0.00923578254878521, 0.9936420917510986]], [[0.9851803183555603, -0.027376193553209305, -0.1693229228258133], [0.041135113686323166, 0.996081531047821, 0.07829174399375916], [0.16651609539985657, -0.08409661054611206, 0.982446014881134]], [[0.9184827208518982, 0.16754268109798431, -0.35821637511253357], [0.007326687220484018, 0.8984545469284058, 0.43900537490844727], [0.3953932523727417, -0.4058433771133423, 0.8239874243736267]], [[0.7044689059257507, -0.6967582106590271, 0.13509857654571533], [0.7063065767288208, 0.7069347500801086, -0.03707216680049896], [-0.06967554241418839, 0.12153719365596771, 0.9901384711265564]], [[0.3373805582523346, -0.08626841753721237, -0.9374071359634399], [0.6241734027862549, 0.7659261226654053, 0.15415792167186737], [0.7046857476234436, -0.6371144652366638, 0.31225502490997314]], [[0.8174537420272827, 0.08194366097450256, 0.5701357126235962], [-0.09579411894083023, 0.9953848123550415, -0.005714779254049063], [-0.5679726600646973, -0.049944084137678146, 0.8215307593345642]], [[0.9655449390411377, -0.25179144740104675, -0.06575723737478256], [0.24290893971920013, 0.9626703262329102, -0.11941944062709808], [0.09337134659290314, 0.0993318185210228, 0.9906638264656067]], [[0.9904065132141113, 0.13049384951591492, 0.045456837862730026], [-0.1305263638496399, 0.9914422035217285, -0.002264946000650525], [-0.045363396406173706, -0.00369009911082685, 0.9989637136459351]], [[0.9681642651557922, 0.23964443802833557, -0.07230827212333679], [-0.22422654926776886, 0.9586894512176514, 0.17503449320793152], [0.11126720905303955, -0.15324871242046356, 0.9819034934043884]], [[0.973429262638092, -0.21462959051132202, 0.07980959117412567], [0.20035408437252045, 0.9670628309249878, 0.15699584782123566], [-0.11087684333324432, -0.13683417439460754, 0.984369158744812]]]], "pred_betas": [[0.03794574365019798, 0.052349358797073364, 0.565624475479126, 0.8301272392272949, 0.18727226555347443, 0.2096395492553711, -0.4019453525543213, 0.3742229640483856, 0.7499409914016724, 0.14495819807052612]], "pred_camera": [1.2530591487884521, -0.046151936054229736, 0.3703555464744568]}