{"pred_joints_img": [[383.70611572265625, 145.32737731933594, -46.005924224853516], [386.0575866699219, 180.1219024658203, -8.22547435760498], [339.59747314453125, 204.6563720703125, -4.872682571411133], [312.20355224609375, 261.4501037597656, 8.687898635864258], [289.2107849121094, 314.5316162109375, -19.709260940551758], [430.58050537109375, 198.15338134765625, -3.0782785415649414], [490.76025390625, 211.1885528564453, -28.002033233642578], [495.76300048828125, 158.95872497558594, -62.97652816772461], [378.1497497558594, 308.8165588378906, 6.940464973449707], [359.8293762207031, 330.6097412109375, 1.9790095090866089], [332.0512390136719, 375.9058837890625, -79.12454223632812], [313.692138671875, 459.6426086425781, -25.552080154418945], [393.58837890625, 333.848876953125, 6.298995018005371], [437.1222229003906, 374.7312927246094, -66.96988677978516], [424.47430419921875, 463.6102294921875, -20.768474578857422], [376.884765625, 137.1349334716797, -34.3773307800293], [393.7861022949219, 137.09323120117188, -37.33367919921875], [370.0700988769531, 146.13748168945312, -9.901128768920898], [407.8472900390625, 145.82994079589844, -16.31904411315918], [444.350830078125, 485.31378173828125, -62.29541015625], [453.5732421875, 484.0453796386719, -43.16715621948242], [419.9661865234375, 469.0424499511719, -3.948485851287842], [310.41748046875, 482.19970703125, -71.10731506347656], [293.0701904296875, 476.4305725097656, -58.54118347167969], [310.07037353515625, 466.2354431152344, -8.330780982971191], [313.692138671875, 459.6426086425781, -25.552080154418945], [332.0512390136719, 375.9058837890625, -79.12454223632812], [343.6252746582031, 300.2478942871094, 8.261526107788086], [412.36822509765625, 305.398681640625, 15.406658172607422], [437.1222229003906, 374.7312927246094, -66.96988677978516], [424.47430419921875, 463.6102294921875, -20.768474578857422], [289.2107849121094, 314.5316162109375, -19.709260940551758], [312.20355224609375, 261.4501037597656, 8.687898635864258], [339.59747314453125, 204.6563720703125, -4.872682571411133], [430.58050537109375, 198.15338134765625, -3.0782785415649414], [490.76025390625, 211.1885528564453, -28.002033233642578], [495.76300048828125, 158.95872497558594, -62.97652816772461], [386.3654479980469, 180.51168823242188, -9.373014450073242], [389.8192138671875, 111.24081420898438, -10.953131675720215], [377.3545837402344, 304.3572082519531, 16.63563346862793], [385.9613342285156, 194.666259765625, -4.395909786224365], [383.3809509277344, 241.91390991210938, 9.81326961517334], [388.4176940917969, 157.15943908691406, -28.903167724609375], [389.2935485839844, 127.63545227050781, -10.589028358459473], [383.70611572265625, 145.32737731933594, -46.005924224853516], [393.7861022949219, 137.09323120117188, -37.33367919921875], [376.884765625, 137.1349334716797, -34.3773307800293], [407.8472900390625, 145.82994079589844, -16.31904411315918], [370.0700988769531, 146.13748168945312, -9.901128768920898]], "pred_body_pose": [[2.944647789001465, 0.10840589553117752, 0.1686040312051773, -0.8942611217498779, 0.02507714182138443, 0.3715619146823883, -0.8151739239692688, 0.028975263237953186, -0.28275927901268005, 0.539004921913147, -0.005806334782391787, -0.01230468787252903, 1.4784924983978271, -0.002086249878630042, -0.1629033088684082, 1.4722257852554321, 0.06895715743303299, 0.13683992624282837, -0.06046653538942337, -0.01594681851565838, 0.05725749209523201, -0.19180357456207275, 0.16289284825325012, -0.10327976942062378, -0.21521911025047302, -0.08298660814762115, 0.01973813772201538, -0.012186898849904537, -0.012659573927521706, 0.043546825647354126, -0.20389559864997864, 0.011992859654128551, 0.24766801297664642, -0.20368576049804688, -0.05433613434433937, -0.19388973712921143, -0.2655072808265686, -0.05791254714131355, -0.051324255764484406, -0.13537611067295074, -0.10568898171186447, -0.033520717173814774, -0.0033288279082626104, 0.10677832365036011, 0.3240862786769867, -0.06788960844278336, -0.15834808349609375, 0.05209186300635338, -0.4476562440395355, -0.41659098863601685, -0.10155454277992249, 0.07191260904073715, 0.08186392486095428, 0.7858033180236816, -0.4801768660545349, -1.2504262924194336, 0.5398188829421997, -0.028822006657719612, 0.5885144472122192, -0.10553097724914551, 0.1431150585412979, -0.09457471966743469, 0.28050193190574646, 0.004867078270763159, 0.050649918615818024, -0.1451410949230194, -0.17473523318767548, -0.09392210841178894, -0.25171080231666565, -0.14619296789169312, 0.09976685047149658, 0.2174811214208603]], "pred_rotmat": [[[[0.9908583760261536, 0.06183314695954323, 0.11990176886320114], [0.08342515677213669, -0.9793058037757874, -0.1843922883272171], [0.10601893067359924, 0.19270944595336914, -0.9755117893218994]], [[0.9359122514724731, -0.32647958397865295, -0.13220949470996857], [0.30575376749038696, 0.566657543182373, 0.7651234269142151], [-0.17487965524196625, -0.756511926651001, 0.6301640868186951]], [[0.962051272392273, 0.23782730102539062, 0.13377436995506287], [-0.26001614332199097, 0.6503211855888367, 0.7137744426727295], [0.08275873214006424, -0.7214710712432861, 0.6874812841415405]], [[0.9999096989631653, 0.010189831256866455, -0.008765649050474167], [-0.013244387693703175, 0.8581481575965881, -0.5132312178611755], [0.0022924859076738358, 0.5133009552955627, 0.8582056164741516]], [[0.9890024065971375, 0.10786083340644836, -0.10119442641735077], [-0.1104169636964798, 0.0832602009177208, -0.9903917908668518], [-0.09839901328086853, 0.9906734228134155, 0.09425420314073563]], [[0.9902528524398804, -0.049925368279218674, 0.13002640008926392], [0.13421249389648438, 0.0924675464630127, -0.9866290092468262], [0.0372345894575119, 0.9944632649421692, 0.09826686233282089]], [[0.9982346892356873, -0.056707073003053665, -0.01765776239335537], [0.05767074599862099, 0.9965348243713379, 0.059937845915555954], [0.014197672717273235, -0.06085037440061569, 0.9980459809303284]], [[0.9815139770507812, 0.08648522198200226, 0.17073531448841095], [-0.11753649264574051, 0.9764183163642883, 0.18108700215816498], [-0.1510477215051651, -0.19780707359313965, 0.9685333967208862]], [[0.9963780045509338, -0.010671957395970821, -0.08436183631420135], [0.028452632948756218, 0.9767496585845947, 0.21248643100261688], [0.08013275265693665, -0.2141171395778656, 0.973515510559082]], [[0.9989718794822693, -0.04345369711518288, -0.012920222245156765], [0.04360795021057129, 0.998977780342102, 0.011906827799975872], [0.012389618903398514, -0.012458010576665401, 0.9998456239700317]], [[0.9695214629173279, -0.24464808404445648, -0.013245181180536747], [0.24222370982170105, 0.9489839673042297, 0.20188386738300323], [-0.03682103380560875, -0.19893904030323029, 0.9793198704719543]], [[0.979865312576294, 0.19674569368362427, -0.033984605222940445], [-0.18575365841388702, 0.9607290625572205, 0.20614399015903473], [0.07320793718099594, -0.1956806182861328, 0.9779313206672668]], [[0.9970250725746155, 0.05831175297498703, -0.050406988710165024], [-0.04303327575325966, 0.9636683464050293, 0.2636124789714813], [0.06394731253385544, -0.2606590688228607, 0.9633108377456665]], [[0.9938687682151794, 0.04048555716872215, -0.10288726538419724], [-0.02621426433324814, 0.990299642086029, 0.13645316660404205], [0.10741359740495682, -0.13291943073272705, 0.9852891564369202]], [[0.9423459768295288, -0.3180091381072998, 0.1041838675737381], [0.31765711307525635, 0.9479861855506897, 0.020400045439600945], [-0.10525226593017578, 0.013870847411453724, 0.9943488240242004]], [[0.9861437082290649, -0.04645045846700668, -0.15925796329975128], [0.057171646505594254, 0.9963486790657043, 0.0634104385972023], [0.1557309925556183, -0.07163683325052261, 0.9851986169815063]], [[0.9109755754470825, 0.18547146022319794, -0.36840710043907166], [-0.004877570550888777, 0.8979759812355042, 0.440017431974411], [0.41243138909339905, -0.39904823899269104, 0.8189388513565063]], [[0.7039345502853394, -0.7031406164169312, 0.10034660249948502], [0.7087253332138062, 0.7046603560447693, -0.034090764820575714], [-0.04673967510461807, 0.09511584043502808, 0.994368314743042]], [[0.22290925681591034, -0.1192728653550148, -0.9675151109695435], [0.6223378777503967, 0.7813326120376587, 0.04706189036369324], [0.7503379583358765, -0.6126118302345276, 0.24839429557323456]], [[0.8265308141708374, 0.09110983461141586, 0.5554689168930054], [-0.10757152736186981, 0.9941927790641785, -0.0030056701507419348], [-0.5525170564651489, -0.05726836621761322, 0.8315317630767822]], [[0.9565804600715637, -0.28218185901641846, -0.07298801094293594], [0.268768310546875, 0.9508634209632874, -0.15369544923305511], [0.11277170479297638, 0.12740519642829895, 0.9854189157485962]], [[0.9882075786590576, 0.1446925550699234, 0.050097957253456116], [-0.14444652199745178, 0.9894759654998779, -0.008516363799571991], [-0.05080297961831093, 0.0011794599704444408, 0.9987080097198486]], [[0.964218020439148, 0.2555597126483917, -0.07051874697208405], [-0.23928821086883545, 0.9534550905227661, 0.18347910046577454], [0.11412631720304489, -0.16003954410552979, 0.9804909825325012]], [[0.9715613722801208, -0.22188739478588104, 0.08267141878604889], [0.2073974758386612, 0.9658892154693604, 0.15506258606910706], [-0.11425785720348358, -0.13350696861743927, 0.9844395518302917]]]], "pred_betas": [[-0.00823887623846531, 0.09496653079986572, 0.6510833501815796, 0.8887578845024109, 0.16007262468338013, 0.24961543083190918, -0.39271488785743713, 0.3696628212928772, 0.7599035501480103, 0.1671411544084549]], "pred_camera": [1.2602702379226685, -0.030560720711946487, 0.3784545361995697]}