{"pred_joints_img": [[384.3558349609375, 144.78619384765625, -46.83171081542969], [386.973876953125, 180.91983032226562, -10.35153865814209], [340.69384765625, 205.76873779296875, -6.311607360839844], [314.018310546875, 263.013916015625, 6.678658962249756], [292.0754089355469, 316.3717346191406, -22.02366065979004], [431.6054992675781, 198.5541534423828, -5.439887523651123], [491.6446533203125, 211.6533660888672, -30.574750900268555], [497.94403076171875, 159.65769958496094, -65.69303131103516], [379.8547668457031, 308.7264404296875, 6.957602500915527], [361.5952453613281, 330.5169982910156, 2.3257858753204346], [335.0356750488281, 370.0235290527344, -82.02975463867188], [316.589599609375, 459.1051025390625, -38.03110885620117], [395.302978515625, 333.634521484375, 6.32894229888916], [438.1672058105469, 375.4056396484375, -66.73387145996094], [426.2062072753906, 464.84619140625, -21.526317596435547], [377.744384765625, 137.091552734375, -34.77786636352539], [394.583740234375, 137.04995727539062, -37.90871810913086], [371.12066650390625, 147.1000213623047, -10.71165657043457], [408.8026428222656, 146.87498474121094, -17.53136444091797], [445.85272216796875, 486.1893310546875, -63.28448486328125], [455.17559814453125, 485.0428771972656, -44.24043655395508], [421.7053527832031, 470.5396423339844, -4.747664928436279], [313.93310546875, 477.642578125, -85.33840942382812], [296.3759460449219, 473.2395324707031, -72.46601867675781], [313.0587158203125, 467.37420654296875, -21.460222244262695], [316.589599609375, 459.1051025390625, -38.03110885620117], [335.0356750488281, 370.0235290527344, -82.02975463867188], [345.2738037109375, 300.3680114746094, 8.875762939453125], [414.0741882324219, 305.1621398925781, 15.139400482177734], [438.1672058105469, 375.4056396484375, -66.73387145996094], [426.2062072753906, 464.84619140625, -21.526317596435547], [292.0754089355469, 316.3717346191406, -22.02366065979004], [314.018310546875, 263.013916015625, 6.678658962249756], [340.69384765625, 205.76873779296875, -6.311607360839844], [431.6054992675781, 198.5541534423828, -5.439887523651123], [491.6446533203125, 211.6533660888672, -30.574750900268555], [497.94403076171875, 159.65769958496094, -65.69303131103516], [387.28424072265625, 181.21026611328125, -11.282581329345703], [391.1646728515625, 112.50262451171875, -10.464496612548828], [379.08514404296875, 304.2864990234375, 16.812225341796875], [386.97479248046875, 195.4119873046875, -6.336557865142822], [384.8039245605469, 242.2510223388672, 8.6956205368042], [389.175048828125, 157.44247436523438, -30.297746658325195], [390.4932861328125, 128.80868530273438, -10.789017677307129], [384.3558349609375, 144.78619384765625, -46.83171081542969], [394.583740234375, 137.04995727539062, -37.90871810913086], [377.744384765625, 137.091552734375, -34.77786636352539], [408.8026428222656, 146.87498474121094, -17.53136444091797], [371.12066650390625, 147.1000213623047, -10.71165657043457]], "pred_body_pose": [[2.9535534381866455, 0.10594753175973892, 0.15519270300865173, -0.8913666605949402, 0.03364165127277374, 0.3668050467967987, -0.8954423666000366, 0.04037416726350784, -0.28452640771865845, 0.5572019219398499, -0.0123702771961689, -0.010002192109823227, 1.455152988433838, -0.006877461448311806, -0.162926584482193, 1.4346470832824707, 0.061354611068964005, 0.1481744647026062, -0.07120326906442642, -0.010968159884214401, 0.057623010128736496, -0.18806353211402893, 0.17058005928993225, -0.11135155707597733, -0.19470830261707306, -0.09739723056554794, 0.041416820138692856, -0.01231889333575964, -0.0125966751947999, 0.043049156665802, -0.20738717913627625, 0.01310278382152319, 0.2616410255432129, -0.212598517537117, -0.04574965313076973, -0.22719649970531464, -0.30256640911102295, -0.056007396429777145, -0.053996019065380096, -0.13858844339847565, -0.1071963831782341, -0.03190901502966881, -0.00621087895706296, 0.12000857293605804, 0.3302457332611084, -0.0906476080417633, -0.16188618540763855, 0.0426548570394516, -0.4475672245025635, -0.40896865725517273, -0.10233233124017715, 0.07260193675756454, 0.10346639156341553, 0.7796769142150879, -0.5053611993789673, -1.228540062904358, 0.5424570441246033, -0.03651024401187897, 0.5850140452384949, -0.10502232611179352, 0.1334342509508133, -0.08716651797294617, 0.2759121358394623, 0.014637056738138199, 0.047064054757356644, -0.14450576901435852, -0.17345702648162842, -0.09495250880718231, -0.24364233016967773, -0.14885132014751434, 0.09911166876554489, 0.21268035471439362]], "pred_rotmat": [[[[0.9920039176940918, 0.06136799976229668, 0.11028201878070831], [0.0803573727607727, -0.980929434299469, -0.17697477340698242], [0.09731829911470413, 0.18442165851593018, -0.9780172109603882]], [[0.9372594356536865, -0.32639116048812866, -0.12252959609031677], [0.29865771532058716, 0.5703716278076172, 0.7651665210723877], [-0.17985616624355316, -0.7537540197372437, 0.6320654153823853]], [[0.9616622924804688, 0.22762027382850647, 0.15295304358005524], [-0.2611858546733856, 0.5902001857757568, 0.7638362050056458], [0.08359166979789734, -0.774501621723175, 0.6270244717597961]], [[0.9998766779899597, 0.0061341384425759315, -0.014454735442996025], [-0.012850239872932434, 0.8486925363540649, -0.5287303924560547], [0.009024320170283318, 0.5288509726524353, 0.8486667275428772]], [[0.9889160394668579, 0.10646659880876541, -0.10348889231681824], [-0.11480925977230072, 0.10635276883840561, -0.9876781105995178], [-0.09414838999509811, 0.988612174987793, 0.11739730834960938]], [[0.989223837852478, -0.0649343878030777, 0.13122451305389404], [0.13869380950927734, 0.1284475028514862, -0.9819701313972473], [0.046908169984817505, 0.9895881414413452, 0.13606932759284973]], [[0.998280942440033, -0.057151101529598236, -0.013002629391849041], [0.057931527495384216, 0.9958078265190125, 0.07078654319047928], [0.008902590721845627, -0.07141810655593872, 0.9974068403244019]], [[0.979384183883667, 0.09399307519197464, 0.178806871175766], [-0.12586799263954163, 0.9762690663337708, 0.17622703313827515], [-0.15799950063228607, -0.19510003924369812, 0.9679732322692871]], [[0.9944220781326294, -0.031635355204343796, -0.10061756521463394], [0.05052191764116287, 0.9802676439285278, 0.19110971689224243], [0.09258631616830826, -0.19512712955474854, 0.9763980507850647]], [[0.9989942312240601, -0.04295606538653374, -0.012857245281338692], [0.04311121255159378, 0.998997688293457, 0.012043362483382225], [0.012327022850513458, -0.012585541233420372, 0.9998447895050049]], [[0.9660041332244873, -0.2581460475921631, -0.014018691144883633], [0.2554539144039154, 0.9447838068008423, 0.20524820685386658], [-0.03973938897252083, -0.2018517553806305, 0.9786095023155212]], [[0.9733649492263794, 0.22829286754131317, -0.021046780049800873], [-0.21864648163318634, 0.951989471912384, 0.21426552534103394], [0.06895161420106888, -0.20395676791667938, 0.9765486121177673]], [[0.9969983696937561, 0.06152626872062683, -0.04699832573533058], [-0.04471767693758011, 0.9531519412994385, 0.29916852712631226], [0.06320326030254364, -0.29616886377334595, 0.9530422687530518]], [[0.9937618970870972, 0.03914909437298775, -0.10442538559436798], [-0.024332132190465927, 0.9899142980575562, 0.13956278562545776], [0.10883592069149017, -0.1361512839794159, 0.9846916794776917]], [[0.9389005899429321, -0.32385870814323425, 0.11653848737478256], [0.32312101125717163, 0.9460086822509766, 0.02569686993956566], [-0.11856858432292938, 0.013529226183891296, 0.9928536415100098]], [[0.9860290288925171, -0.03508250042796135, -0.16283753514289856], [0.04971282184123993, 0.994996964931488, 0.08665884286165237], [0.15898263454437256, -0.09354323893785477, 0.9828399419784546]], [[0.9139008522033691, 0.1846788078546524, -0.3614954948425293], [-0.007332089822739363, 0.8978846073150635, 0.44016990065574646], [0.4058712422847748, -0.3996211290359497, 0.8219316005706787]], [[0.7064489126205444, -0.6975340843200684, 0.11990056931972504], [0.7046633958816528, 0.7090276479721069, -0.027003584429621696], [-0.06617690622806549, 0.10356619954109192, 0.9924185276031494]], [[0.24270537495613098, -0.11386892199516296, -0.9633939266204834], [0.6352472901344299, 0.7692095637321472, 0.06911901384592056], [0.7331814169883728, -0.6287689208984375, 0.2590262293815613]], [[0.8285227417945862, 0.08855694532394409, 0.5529084205627441], [-0.10929218679666519, 0.993999183177948, 0.004567739553749561], [-0.5491859912872314, -0.06421305239200592, 0.8332294821739197]], [[0.9584901928901672, -0.27703332901000977, -0.06744613498449326], [0.26550042629241943, 0.9534299373626709, -0.14311149716377258], [0.1039518192410469, 0.11926399916410446, 0.9874057173728943]], [[0.9884738922119141, 0.14428874850273132, 0.04582589864730835], [-0.14360123872756958, 0.9894723296165466, -0.017974168062210083], [-0.04793693497776985, 0.011186342686414719, 0.9987875819206238]], [[0.9660907983779907, 0.24783135950565338, -0.07244398444890976], [-0.23149585723876953, 0.9556412696838379, 0.18209706246852875], [0.11435982584953308, -0.1591518223285675, 0.9806081652641296]], [[0.9726486206054688, -0.21728305518627167, 0.0821138471364975], [0.2026248574256897, 0.9665214419364929, 0.15741507709026337], [-0.11356842517852783, -0.13647125661373138, 0.9841126799583435]]]], "pred_betas": [[0.02652750536799431, 0.07869808375835419, 0.5763568878173828, 0.8538368344306946, 0.14574885368347168, 0.21937549114227295, -0.3939061164855957, 0.38323214650154114, 0.728736162185669, 0.15901851654052734]], "pred_camera": [1.2561060190200806, -0.03696106746792793, 0.37674444913864136]}