{"pred_joints_img": [[386.7071838378906, 144.82850646972656, -48.81775665283203], [385.0877990722656, 180.83859252929688, -12.058727264404297], [339.3589172363281, 205.581787109375, -9.324071884155273], [309.43475341796875, 261.3157653808594, 2.6693289279937744], [287.504150390625, 312.07720947265625, -30.1280517578125], [429.01708984375, 196.55087280273438, -3.0215978622436523], [493.9314270019531, 206.82020568847656, -11.451472282409668], [517.52587890625, 162.12005615234375, -48.83059310913086], [379.5417175292969, 308.5551452636719, 6.902409076690674], [361.5534362792969, 330.6112060546875, 2.8493690490722656], [334.4971923828125, 372.4541015625, -79.917724609375], [312.960693359375, 455.2704162597656, -26.63787841796875], [395.2197265625, 333.2639465332031, 7.561434268951416], [438.6226501464844, 379.13458251953125, -62.36907958984375], [424.8304748535156, 462.38433837890625, -7.453749179840088], [379.0259704589844, 136.86813354492188, -37.67078399658203], [396.050537109375, 137.34857177734375, -38.8505859375], [369.39227294921875, 146.56822204589844, -14.583415985107422], [407.3716125488281, 147.4298858642578, -17.100223541259766], [444.3348388671875, 488.2689208984375, -46.38396453857422], [453.3908386230469, 485.1749572753906, -27.54557228088379], [420.3092956542969, 466.0315246582031, 9.830056190490723], [309.3523254394531, 478.0751953125, -71.59861755371094], [292.10614013671875, 472.111083984375, -59.14491271972656], [309.2558898925781, 461.64697265625, -9.299185752868652], [312.960693359375, 455.2704162597656, -26.63787841796875], [334.4971923828125, 372.4541015625, -79.917724609375], [344.97198486328125, 300.5134582519531, 7.726751327514648], [413.6524353027344, 304.3820495605469, 15.323539733886719], [438.6226501464844, 379.13458251953125, -62.36907958984375], [424.8304748535156, 462.38433837890625, -7.453749179840088], [287.504150390625, 312.07720947265625, -30.1280517578125], [309.43475341796875, 261.3157653808594, 2.6693289279937744], [339.3589172363281, 205.581787109375, -9.324071884155273], [429.01708984375, 196.55087280273438, -3.0215978622436523], [493.9314270019531, 206.82020568847656, -11.451472282409668], [517.52587890625, 162.12005615234375, -48.83059310913086], [385.55096435546875, 180.93569946289062, -12.685442924499512], [390.1891784667969, 112.6837158203125, -12.107861518859863], [378.6514587402344, 303.767578125, 16.377166748046875], [384.9346618652344, 194.5989990234375, -7.024842739105225], [383.3289489746094, 242.14788818359375, 6.926519870758057], [389.2508850097656, 157.48587036132812, -31.78884506225586], [389.140625, 128.9183807373047, -12.450090408325195], [386.7071838378906, 144.82850646972656, -48.81775665283203], [396.050537109375, 137.34857177734375, -38.8505859375], [379.0259704589844, 136.86813354492188, -37.67078399658203], [407.3716125488281, 147.4298858642578, -17.100223541259766], [369.39227294921875, 146.56822204589844, -14.583415985107422]], "pred_body_pose": [[2.990205764770508, 0.08855538815259933, 0.1840723156929016, -0.8739240169525146, 0.035866476595401764, 0.3533274531364441, -0.8916333913803101, 0.05091789364814758, -0.3202036917209625, 0.5318658947944641, -0.004902690649032593, -0.001756571582518518, 1.5147970914840698, -0.024830907583236694, -0.1619482785463333, 1.5053170919418335, 0.08191542327404022, 0.14669005572795868, -0.09284434467554092, 0.001561379642225802, 0.05785387381911278, -0.19306905567646027, 0.1685570627450943, -0.10527285188436508, -0.19735993444919586, -0.10948795080184937, 0.049266282469034195, 0.00020240468438714743, 0.00045537101686932147, 0.03393973037600517, -0.21683438122272491, 0.01688437908887863, 0.25899985432624817, -0.2441190630197525, -0.03938835859298706, -0.22263893485069275, -0.3010663092136383, -0.011679054237902164, -0.05943790823221207, -0.12766489386558533, -0.02301018498837948, -0.010768765583634377, -0.011165416799485683, 0.07051323354244232, 0.3066367208957672, -0.09939736872911453, -0.14394359290599823, -0.008322051726281643, -0.40520039200782776, -0.2831958532333374, -0.09879455715417862, 0.07024340331554413, 0.10614003241062164, 0.7385623455047607, -0.4942185580730438, -1.0376856327056885, 0.4619981050491333, -0.03661437705159187, 0.6482514142990112, -0.10345908254384995, 0.133482426404953, -0.07159040123224258, 0.2394862174987793, -0.0019895187579095364, 0.04742342606186867, -0.12996253371238708, -0.1664542257785797, -0.09168558567762375, -0.22396451234817505, -0.1369476318359375, 0.09145177155733109, 0.19507190585136414]], "pred_rotmat": [[[[0.9907587170600891, 0.049809642136096954, 0.12615932524204254], [0.06748699396848679, -0.9878530502319336, -0.13997168838977814], [0.11765491217374802, 0.14719228446483612, -0.9820855259895325]], [[0.9414766430854797, -0.3177516460418701, -0.11249718070030212], [0.2886636257171631, 0.5876930952072144, 0.7558372616767883], [-0.17405474185943604, -0.7440769672393799, 0.6450226902961731]], [[0.9512647390365601, 0.2532346844673157, 0.17597593367099762], [-0.29532983899116516, 0.5838984251022339, 0.7562028169631958], [0.08874473720788956, -0.771320104598999, 0.6302297115325928]], [[0.9999867081642151, 0.0004015732556581497, -0.005130990408360958], [-0.002948247827589512, 0.8618611097335815, -0.5071358680725098], [0.0042185490019619465, 0.5071442723274231, 0.8618508577346802]], [[0.9889819025993347, 0.09073397517204285, -0.1169714406132698], [-0.12161152809858322, 0.047400105744600296, -0.9914454221725464], [-0.0844133198261261, 0.9947465062141418, 0.05791214480996132]], [[0.9883862733840942, -0.045961618423461914, 0.14484551548957825], [0.14742650091648102, 0.05886343494057655, -0.9873198866844177], [0.036852721124887466, 0.9972074031829834, 0.06495577096939087]], [[0.9983268976211548, -0.057810939848423004, -0.0011247580405324697], [0.0576661191880703, 0.9940223693847656, 0.09270435571670532], [-0.004241291433572769, -0.09261411428451538, 0.995693027973175]], [[0.9803791046142578, 0.08776331692934036, 0.17650626599788666], [-0.12009879946708679, 0.9759752750396729, 0.18179258704185486], [-0.15631103515625, -0.19942384958267212, 0.9673660397529602]], [[0.9928246736526489, -0.03807295486330986, -0.11335673928260803], [0.0595855675637722, 0.9794027805328369, 0.19292420148849487], [0.1036767065525055, -0.19829429686069489, 0.9746438264846802]], [[0.9994240403175354, -0.03393317386507988, 0.00045871807378716767], [0.033933259546756744, 0.9994240403175354, -0.00019463899661786854], [-0.0004518491914495826, 0.00021009267948102206, 0.9999998807907104]], [[0.9666368961334229, -0.2559036612510681, -0.011249062605202198], [0.25227728486061096, 0.9434927105903625, 0.21489004790782928], [-0.044377729296684265, -0.21055850386619568, 0.9765735268592834]], [[0.974675178527832, 0.22331692278385162, -0.011740160174667835], [-0.2137898951768875, 0.9459206461906433, 0.24398376047611237], [0.06559097021818161, -0.23529499769210815, 0.969708263874054]], [[0.9981797337532043, 0.060252346098423004, -0.0026190634816884995], [-0.05676373094320297, 0.9532819986343384, 0.296700656414032], [0.020373620092868805, -0.29601192474365234, 0.9549669027328491]], [[0.9996777176856995, 0.012205103412270546, -0.022258833050727844], [-0.009271658025681973, 0.9918044209480286, 0.12742838263511658], [0.023631688207387924, -0.12718094885349274, 0.9915979504585266]], [[0.9509084224700928, -0.3019863963127136, 0.06765631586313248], [0.301205575466156, 0.9533121585845947, 0.02170383930206299], [-0.07105185836553574, -0.0002599045110400766, 0.9974725246429443]], [[0.9896320104598999, 0.015415125526487827, -0.14279642701148987], [-0.0011440330417826772, 0.9950381517410278, 0.09948750585317612], [0.1436215043067932, -0.09829266369342804, 0.9847392439842224]], [[0.9559644460678101, 0.15083329379558563, -0.25175631046295166], [-0.03849203139543533, 0.9148526191711426, 0.401949018239975], [0.29094719886779785, -0.37455838918685913, 0.8803724646568298]], [[0.7344178557395935, -0.6677832007408142, 0.12122730910778046], [0.6748962998390198, 0.7374382019042969, -0.026455042883753777], [-0.07173141837120056, 0.10124491900205612, 0.9922721982002258]], [[0.4332708716392517, -0.12732014060020447, -0.8922252655029297], [0.5778484344482422, 0.7989599108695984, 0.16659601032733917], [0.6916412711143494, -0.587752103805542, 0.4197377860546112]], [[0.7921839356422424, 0.0847184956073761, 0.604373574256897], [-0.10761101543903351, 0.9941916465759277, 0.001689861062914133], [-0.6007199883460999, -0.06637594103813171, 0.7966992855072021]], [[0.9689690470695496, -0.24104022979736328, -0.054759230464696884], [0.23154793679714203, 0.9626652598381042, -0.14021848142147064], [0.08651310205459595, 0.12318798899650574, 0.9886052012443542]], [[0.990445613861084, 0.12950119376182556, 0.047401342540979385], [-0.12959539890289307, 0.9915663003921509, -0.001093544764444232], [-0.04714319482445717, -0.0050598992966115475, 0.9988752603530884]], [[0.9709267616271973, 0.22833403944969177, -0.07186663150787354], [-0.2131820023059845, 0.9613454937934875, 0.17426466941833496], [0.1088792234659195, -0.15387755632400513, 0.9820727705955505]], [[0.9769176244735718, -0.19918808341026306, 0.07717673480510712], [0.18673183023929596, 0.9717500805854797, 0.14433646202087402], [-0.10374660044908524, -0.1265934556722641, 0.9865145087242126]]]], "pred_betas": [[0.0412016324698925, 0.10960385948419571, 0.5926195979118347, 0.7940803170204163, 0.23720495402812958, 0.20620720088481903, -0.4664849042892456, 0.38816192746162415, 0.737768292427063, 0.09037826955318451]], "pred_camera": [1.2506086826324463, -0.07316074520349503, 0.37431609630584717]}