{"pred_joints_img": [[384.0248107910156, 143.8339385986328, -42.54296875], [385.8873596191406, 179.93280029296875, -5.835386276245117], [338.72705078125, 203.3695526123047, -3.568307638168335], [301.98388671875, 255.4424285888672, 6.737685680389404], [265.541748046875, 299.6031494140625, -22.995168685913086], [430.3511047363281, 200.25784301757812, 0.16728456318378448], [489.2060852050781, 220.27963256835938, -23.436506271362305], [493.6839904785156, 167.42295837402344, -57.66033172607422], [377.180908203125, 309.1097106933594, 7.022299766540527], [358.95086669921875, 331.0347900390625, 1.4682809114456177], [329.09912109375, 372.95587158203125, -80.89500427246094], [315.35443115234375, 454.4549560546875, -22.4515438079834], [392.89581298828125, 334.123779296875, 5.884720325469971], [438.6956787109375, 373.62786865234375, -66.93746948242188], [423.6372375488281, 461.8950500488281, -19.997297286987305], [377.7742919921875, 135.7107391357422, -30.46990394592285], [394.6533203125, 136.2268829345703, -33.8553581237793], [371.2127990722656, 145.24114990234375, -5.998801231384277], [408.8833923339844, 146.20252990722656, -13.356950759887695], [444.9779052734375, 483.23175048828125, -61.03374481201172], [453.64654541015625, 482.1148681640625, -41.551090240478516], [418.7743835449219, 467.066162109375, -3.277782917022705], [309.9269714355469, 478.01800537109375, -67.36251831054688], [293.1497802734375, 472.260986328125, -53.961822509765625], [312.8290100097656, 460.62298583984375, -4.9006123542785645], [315.35443115234375, 454.4549560546875, -22.4515438079834], [329.09912109375, 372.95587158203125, -80.89500427246094], [342.4384765625, 300.81591796875, 8.65695858001709], [411.57830810546875, 305.4933166503906, 15.8048677444458], [438.6956787109375, 373.62786865234375, -66.93746948242188], [423.6372375488281, 461.8950500488281, -19.997297286987305], [265.541748046875, 299.6031494140625, -22.995168685913086], [301.98388671875, 255.4424285888672, 6.737685680389404], [338.72705078125, 203.3695526123047, -3.568307638168335], [430.3511047363281, 200.25784301757812, 0.16728456318378448], [489.2060852050781, 220.27963256835938, -23.436506271362305], [493.6839904785156, 167.42295837402344, -57.66033172607422], [386.2428894042969, 180.41949462890625, -6.93972110748291], [392.3402404785156, 110.97233581542969, -6.464323997497559], [376.3704528808594, 304.8428649902344, 16.982343673706055], [385.4981384277344, 194.89260864257812, -2.1879189014434814], [381.8730163574219, 242.18023681640625, 10.724267959594727], [388.7080078125, 156.39089965820312, -25.920677185058594], [391.1645202636719, 127.42195129394531, -6.614467620849609], [384.0248107910156, 143.8339385986328, -42.54296875], [394.6533203125, 136.2268829345703, -33.8553581237793], [377.7742919921875, 135.7107391357422, -30.46990394592285], [408.8833923339844, 146.20252990722656, -13.356950759887695], [371.2127990722656, 145.24114990234375, -5.998801231384277]], "pred_body_pose": [[2.9231045246124268, 0.09788920730352402, 0.17076006531715393, -0.8843533992767334, 0.03564662113785744, 0.3897967040538788, -0.8294214606285095, 0.005610436666756868, -0.3090733587741852, 0.5514981150627136, -0.011297977529466152, -0.008791270665824413, 1.5101866722106934, 0.013395261019468307, -0.17157089710235596, 1.5664658546447754, 0.05880866199731827, 0.15515625476837158, -0.06232091411948204, -0.0056673744693398476, 0.03756866604089737, -0.2104751318693161, 0.15563203394412994, -0.0821552723646164, -0.24200484156608582, -0.0876440480351448, 0.013960390351712704, -0.02162126637995243, -0.007464963477104902, 0.027939030900597572, -0.20343805849552155, 0.018645817413926125, 0.2197318971157074, -0.1931808888912201, -0.05883103609085083, -0.18830625712871552, -0.27377671003341675, -0.10505613684654236, -0.06518521159887314, -0.13442787528038025, -0.10295341163873672, -0.08898971974849701, -0.011728312820196152, 0.08485856652259827, 0.3174552023410797, -0.067586250603199, -0.160263791680336, 0.05081360414624214, -0.4127122163772583, -0.42613983154296875, -0.1488056480884552, 0.00024296934134326875, 0.039604946970939636, 0.6455820202827454, -0.47518348693847656, -1.370455026626587, 0.5564655661582947, -0.1584351360797882, 0.5580580234527588, -0.12335270643234253, 0.10523711144924164, -0.09855872392654419, 0.2650955021381378, 0.008129417896270752, 0.05025278776884079, -0.13090486824512482, -0.16100624203681946, -0.09962891042232513, -0.2503785490989685, -0.14933766424655914, 0.09911048412322998, 0.2172827422618866]], "pred_rotmat": [[[[0.9910737872123718, 0.053671788424253464, 0.12203328311443329], [0.07818515598773956, -0.9754318594932556, -0.20596100389957428], [0.10798083990812302, 0.2136637419462204, -0.9709212779998779]], [[0.9291816353797913, -0.3463846445083618, -0.1289929449558258], [0.3172421157360077, 0.5682721734046936, 0.7592260241508484], [-0.18968112766742706, -0.7463808655738831, 0.637915849685669]], [[0.9552602767944336, 0.26808685064315796, 0.12492873519659042], [-0.2724442481994629, 0.6331849694252014, 0.7244659066200256], [0.11511677503585815, -0.7260896563529968, 0.677895188331604]], [[0.9999001026153564, 0.005314873997122049, -0.013096856884658337], [-0.011389250867068768, 0.8517053723335266, -0.5238971710205078], [0.008370216004550457, 0.523993968963623, 0.8516808152198792]], [[0.9878321886062622, 0.12104400247335434, -0.09765224903821945], [-0.10442139953374863, 0.050887610763311386, -0.993230402469635], [-0.11525528132915497, 0.9913419485092163, 0.06290800124406815]], [[0.988855242729187, -0.061206310987472534, 0.13571682572364807], [0.13578687608242035, -0.003032987704500556, -0.9907333254814148], [0.061050765216350555, 0.9981204867362976, 0.005311828106641769]], [[0.9992785453796387, -0.03735879436135292, -0.006832480896264315], [0.03771183639764786, 0.9973535537719727, 0.062159180641174316], [0.004492206498980522, -0.06237200275063515, 0.9980428814888]], [[0.9846115112304688, 0.06485264003276825, 0.1622786670923233], [-0.0974043607711792, 0.9746350646018982, 0.2014916092157364], [-0.14509521424770355, -0.21419760584831238, 0.9659538269042969]], [[0.9960836172103882, -0.0032597563695162535, -0.0883566290140152], [0.024352863430976868, 0.9707817435264587, 0.2387254536151886], [0.08499680459499359, -0.23994223773479462, 0.9670591950416565]], [[0.9995818734169006, -0.027852270752191544, -0.007765347603708506], [0.028013652190566063, 0.9993759989738464, 0.02151229791343212], [0.0071613360196352005, -0.02172083966434002, 0.9997383952140808]], [[0.9758669137954712, -0.21833255887031555, -0.0038164223078638315], [0.21456767618656158, 0.9555007219314575, 0.20243285596370697], [-0.040551092475652695, -0.1983664184808731, 0.979288637638092]], [[0.9806631207466125, 0.19156910479068756, -0.040013015270233154], [-0.18027612566947937, 0.9638415575027466, 0.19623956084251404], [0.07615965604782104, -0.1852315366268158, 0.9797391891479492]], [[0.9924143552780151, 0.07848238199949265, -0.0946270078420639], [-0.04993610084056854, 0.9606955051422119, 0.27307599782943726], [0.11233939975500107, -0.2662792503833771, 0.957327127456665]], [[0.9907689094543457, 0.09534686803817749, -0.0963636040687561], [-0.08154921233654022, 0.987044632434845, 0.1381765604019165], [0.10828986763954163, -0.12904265522956848, 0.9857085943222046]], [[0.9464952945709229, -0.31225886940956116, 0.0814928188920021], [0.311272531747818, 0.9499952793121338, 0.02486659400165081], [-0.08518260717391968, 0.001830364461056888, 0.996363639831543]], [[0.9859054088592529, -0.04513496905565262, -0.16110064089298248], [0.05593699589371681, 0.99643474817276, 0.06315632909536362], [0.15767572820186615, -0.07127764821052551, 0.9849151372909546]], [[0.9012671113014221, 0.22492964565753937, -0.37030306458473206], [-0.05447107180953026, 0.9067255854606628, 0.41818857192993164], [0.4298262596130371, -0.35672876238822937, 0.8294541239738464]], [[0.7980188727378845, -0.6014969944953918, 0.03697644919157028], [0.6015062928199768, 0.7987761497497559, 0.012118231505155563], [-0.03682498633861542, 0.01257099024951458, 0.9992426633834839]], [[0.10916095972061157, -0.09296456724405289, -0.9896672964096069], [0.6232962608337402, 0.7819716334342957, -0.004704643040895462], [0.7743290662765503, -0.6163423657417297, 0.143305242061615]], [[0.8414092063903809, 0.07332006841897964, 0.5354013442993164], [-0.15917463600635529, 0.9804251790046692, 0.11588715016841888], [-0.5164241194725037, -0.18273082375526428, 0.8366094827651978]], [[0.9603078961372375, -0.26623713970184326, -0.08322624862194061], [0.25594356656074524, 0.9596325159072876, -0.11661205440759659], [0.11091306805610657, 0.0906822457909584, 0.9896843433380127]], [[0.9901854395866394, 0.13067883253097534, 0.04955650866031647], [-0.13027097284793854, 0.9914130568504333, -0.011386480182409286], [-0.05061894282698631, 0.004818951245397329, 0.9987064599990845]], [[0.9639894366264343, 0.25424158573150635, -0.07800944894552231], [-0.23833195865154266, 0.9560564160346985, 0.17074541747570038], [0.11799201369285583, -0.14600464701652527, 0.9822221994400024]], [[0.9716706871986389, -0.2217726856470108, 0.08168788254261017], [0.20706936717033386, 0.965472400188446, 0.15806731581687927], [-0.11392241716384888, -0.13667432963848114, 0.984043538570404]]]], "pred_betas": [[-0.05780601501464844, 0.057497069239616394, 0.6795865297317505, 0.8889450430870056, 0.11191943287849426, 0.31649357080459595, -0.31374919414520264, 0.3502329885959625, 0.7692862153053284, 0.15704715251922607]], "pred_camera": [1.266930103302002, 0.009028716012835503, 0.3810734450817108]}