{"pred_joints_img": [[387.54736328125, 142.87669372558594, -50.865020751953125], [385.26202392578125, 178.87667846679688, -13.127158164978027], [338.79180908203125, 203.04867553710938, -8.480703353881836], [306.1678771972656, 257.5562438964844, 5.732713222503662], [276.82769775390625, 304.4740905761719, -28.36520004272461], [429.5892639160156, 194.62106323242188, -3.6816017627716064], [495.72332763671875, 204.8220977783203, -6.947541236877441], [527.6320190429688, 163.6853485107422, -43.391239166259766], [379.0961608886719, 308.228271484375, 7.013936519622803], [360.70989990234375, 330.57501220703125, 3.580878496170044], [328.8414611816406, 374.6030578613281, -77.58055114746094], [307.59332275390625, 456.4324035644531, -20.702285766601562], [394.9229431152344, 333.3145446777344, 7.53146505355835], [437.4794616699219, 378.922119140625, -64.45964813232422], [426.905029296875, 461.22601318359375, -5.543252468109131], [379.44085693359375, 134.6792755126953, -39.901702880859375], [396.7224426269531, 135.12472534179688, -40.62871551513672], [369.0127868652344, 144.21141052246094, -16.607315063476562], [407.5889892578125, 144.97198486328125, -18.16666030883789], [445.4737243652344, 488.2917785644531, -44.914154052734375], [455.28656005859375, 484.478271484375, -26.28529167175293], [423.1080322265625, 464.4725036621094, 12.261931419372559], [301.50469970703125, 480.5976257324219, -65.308837890625], [284.748046875, 474.0841064453125, -51.99485778808594], [304.6114196777344, 462.3953857421875, -2.8115265369415283], [307.59332275390625, 456.4324035644531, -20.702285766601562], [328.8414611816406, 374.6030578613281, -77.58055114746094], [344.139404296875, 299.9000244140625, 8.589513778686523], [413.8814697265625, 304.01007080078125, 14.717342376708984], [437.4794616699219, 378.922119140625, -64.45964813232422], [426.905029296875, 461.22601318359375, -5.543252468109131], [276.82769775390625, 304.4740905761719, -28.36520004272461], [306.1678771972656, 257.5562438964844, 5.732713222503662], [338.79180908203125, 203.04867553710938, -8.480703353881836], [429.5892639160156, 194.62106323242188, -3.6816017627716064], [495.72332763671875, 204.8220977783203, -6.947541236877441], [527.6320190429688, 163.6853485107422, -43.391239166259766], [385.7098693847656, 178.8896484375, -13.60905647277832], [389.92755126953125, 109.76127624511719, -14.029648780822754], [378.4663391113281, 303.2442321777344, 16.583547592163086], [384.9977111816406, 192.448486328125, -7.333718299865723], [383.4256591796875, 240.90672302246094, 6.4283270835876465], [389.6613464355469, 155.42816162109375, -33.33243942260742], [388.94403076171875, 126.21791076660156, -14.164750099182129], [387.54736328125, 142.87669372558594, -50.865020751953125], [396.7224426269531, 135.12472534179688, -40.62871551513672], [379.44085693359375, 134.6792755126953, -39.901702880859375], [407.5889892578125, 144.97198486328125, -18.16666030883789], [369.0127868652344, 144.21141052246094, -16.607315063476562]], "pred_body_pose": [[3.003234386444092, 0.09498392790555954, 0.14764609932899475, -0.8887258172035217, 0.023934684693813324, 0.3667590022087097, -0.8708826899528503, 0.0398058257997036, -0.33900001645088196, 0.527066707611084, 0.0033871568739414215, -0.008049882017076015, 1.5486364364624023, -0.04130522534251213, -0.15713049471378326, 1.5034794807434082, 0.0935840830206871, 0.14225181937217712, -0.10016774386167526, 0.0013059647753834724, 0.05900829657912254, -0.19756866991519928, 0.16531561315059662, -0.10726100951433182, -0.193770170211792, -0.11547544598579407, 0.06452120840549469, 0.009762497618794441, 0.0031954424921423197, 0.03368011862039566, -0.2184557169675827, 0.018478980287909508, 0.2584817707538605, -0.25120872259140015, -0.041109196841716766, -0.2272307425737381, -0.2991606295108795, 0.01656581088900566, -0.04842904210090637, -0.12119442969560623, 0.017017479985952377, -0.004363427869975567, -0.01610422506928444, 0.02388763055205345, 0.29750701785087585, -0.09640958160161972, -0.12941224873065948, -0.013708019629120827, -0.38678857684135437, -0.23181289434432983, -0.10241144895553589, 0.04604572430253029, 0.08935106545686722, 0.7120444178581238, -0.5066583156585693, -0.9465345144271851, 0.4216066002845764, -0.11262332648038864, 0.6872274875640869, -0.13730281591415405, 0.10915311425924301, -0.06544570624828339, 0.20007561147212982, -0.02508913353085518, 0.04407739266753197, -0.11615109443664551, -0.15844319760799408, -0.09013266861438751, -0.21224023401737213, -0.1319921463727951, 0.08927054703235626, 0.1893400251865387]], "pred_rotmat": [[[[0.9932190179824829, 0.05624018982052803, 0.10174979269504547], [0.06927914172410965, -0.9891529083251953, -0.12952573597431183], [0.09336154907941818, 0.13569657504558563, -0.9863417744636536]], [[0.9375055432319641, -0.32262054085731506, -0.13038158416748047], [0.30293896794319153, 0.5723695158958435, 0.7619850635528564], [-0.1712055802345276, -0.7538628578186035, 0.6343339085578918]], [[0.9458726048469543, 0.27557826042175293, 0.1714107096195221], [-0.30778947472572327, 0.594245970249176, 0.7430593967437744], [0.10291090607643127, -0.7555979490280151, 0.6469010710716248]], [[0.9999626278877258, 0.00855436734855175, 0.0011597129050642252], [-0.006810066755861044, 0.864255428314209, -0.5030070543289185], [-0.005305194761604071, 0.5029804706573486, 0.8642813563346863]], [[0.9892621636390686, 0.07487929612398148, -0.12551218271255493], [-0.12692178785800934, 0.014354350045323372, -0.9918087720870972], [-0.07246430218219757, 0.9970893263816833, 0.023704029619693756]], [[0.9880663752555847, -0.03594527021050453, 0.14977586269378662], [0.15176989138126373, 0.06127821281552315, -0.9865145683288574], [0.0262825358659029, 0.9974732995033264, 0.06600235402584076]], [[0.9982600808143616, -0.05894077569246292, -0.0016490111593157053], [0.05881010368466377, 0.9932498335838318, 0.09998070448637009], [-0.004255060106515884, -0.09990373253822327, 0.994987964630127]], [[0.9807085394859314, 0.08964948356151581, 0.17370565235614777], [-0.12209931761026382, 0.9748944044113159, 0.18620604276657104], [-0.15265138447284698, -0.20382320880889893, 0.9670333862304688]], [[0.9912912249565125, -0.05279428884387016, -0.12064150720834732], [0.07506753504276276, 0.9792405366897583, 0.18828916549682617], [0.10819645971059799, -0.19570566713809967, 0.974675714969635]], [[0.9994277358055115, -0.033657561987638474, 0.0033591666724532843], [0.033688757568597794, 0.9993852376937866, -0.009706675074994564], [-0.0030303983949124813, 0.009814287535846233, 0.999947190284729]], [[0.9667430520057678, -0.2555603086948395, -0.009836951270699501], [0.2515619695186615, 0.9432783126831055, 0.21666251122951508], [-0.04609135910868645, -0.21193160116672516, 0.9761970043182373]], [[0.9735957980155945, 0.2279605269432068, -0.012050779536366463], [-0.21773335337638855, 0.9431846141815186, 0.25098782777786255], [0.06858143210411072, -0.24173682928085327, 0.9679151773452759]], [[0.9987002015113831, 0.04522998631000519, 0.023501239717006683], [-0.0501478873193264, 0.9544302225112915, 0.29419073462486267], [-0.009124054573476315, -0.2949868440628052, 0.955457866191864]], [[0.9998458623886108, 0.0033226043451577425, 0.017239060252904892], [-0.0053824554197490215, 0.9926556944847107, 0.12085466086864471], [-0.01671089604496956, -0.1209288239479065, 0.9925205707550049]], [[0.9557900428771973, -0.2932877540588379, 0.021155748516321182], [0.29290589690208435, 0.9559445977210999, 0.01939249038696289], [-0.025911303237080574, -0.012338507920503616, 0.9995880722999573]], [[0.9915507435798645, 0.019872842356562614, -0.128187894821167], [-0.007423499133437872, 0.9952690005302429, 0.09687371551990509], [0.12950658798217773, -0.09510360658168793, 0.9870072603225708]], [[0.9684554934501648, 0.14283858239650726, -0.2041839361190796], [-0.05476237088441849, 0.9213694334030151, 0.38481077551841736], [0.24309468269348145, -0.36149048805236816, 0.9001274704933167]], [[0.7534112334251404, -0.6502740383148193, 0.09754593670368195], [0.6542140245437622, 0.7562187314033508, -0.011715062893927097], [-0.0661480650305748, 0.07264217734336853, 0.9951620697975159]], [[0.5200994610786438, -0.11979635059833527, -0.8456626534461975], [0.5485008955001831, 0.805812656879425, 0.22318783402442932], [0.6547085046768188, -0.579926609992981, 0.48481112718582153]], [[0.7645716071128845, 0.08895932137966156, 0.638370156288147], [-0.1631617248058319, 0.9848829507827759, 0.05817047134041786], [-0.6235451102256775, -0.14863306283950806, 0.7675282955169678]], [[0.977946937084198, -0.20176102221012115, -0.05396575480699539], [0.194650799036026, 0.9741491675376892, -0.11464951187372208], [0.0757024884223938, 0.10161665827035904, 0.991939127445221]], [[0.9922933578491211, 0.11528819054365158, 0.04541459679603577], [-0.1163925752043724, 0.9929491877555847, 0.022465625777840614], [-0.04250436648726463, -0.027578413486480713, 0.9987155795097351]], [[0.9735880494117737, 0.2165762335062027, -0.07225678861141205], [-0.2023882418870926, 0.9651530385017395, 0.16588695347309113], [0.10566604882478714, -0.14688162505626678, 0.9834939241409302]], [[0.9782021641731262, -0.19327488541603088, 0.07593009620904922], [0.18155185878276825, 0.9734998345375061, 0.1390572339296341], [-0.10079421103000641, -0.1222408264875412, 0.9873690605163574]]]], "pred_betas": [[0.0040042586624622345, 0.08260020613670349, 0.610780656337738, 0.8204411864280701, 0.22282704710960388, 0.2572518587112427, -0.4294968247413635, 0.40290144085884094, 0.736965537071228, 0.0796593427658081]], "pred_camera": [1.2684892416000366, -0.09008114039897919, 0.3768521845340729]}