{"pred_joints_img": [[383.0155334472656, 144.3016357421875, -41.99626922607422], [385.43963623046875, 179.83721923828125, -5.368393898010254], [339.0150451660156, 203.47686767578125, -2.6428093910217285], [305.962158203125, 256.58782958984375, 10.57015323638916], [276.89422607421875, 304.9348449707031, -19.321157455444336], [429.4881286621094, 198.95486450195312, -0.20427167415618896], [488.93060302734375, 214.2467803955078, -24.12759780883789], [494.1378479003906, 164.38900756835938, -61.40093994140625], [376.8565979003906, 308.6620178222656, 6.915141582489014], [358.68011474609375, 330.41351318359375, 1.7630306482315063], [329.2454833984375, 376.81427001953125, -77.25808715820312], [313.3623962402344, 456.225830078125, -18.11825942993164], [392.2965087890625, 333.59130859375, 6.402390480041504], [437.997802734375, 375.1083679199219, -64.20508575439453], [422.8657531738281, 462.43255615234375, -17.55851173400879], [376.7335510253906, 136.2638702392578, -30.09461212158203], [393.4380798339844, 136.5142059326172, -33.527984619140625], [370.509765625, 145.64820861816406, -5.79318904876709], [407.8011474609375, 146.0236053466797, -13.218501091003418], [444.7264404296875, 483.55438232421875, -57.94658660888672], [452.8771057128906, 482.32196044921875, -38.523738861083984], [417.94158935546875, 467.67730712890625, -1.0199530124664307], [308.43280029296875, 480.1558837890625, -62.3089485168457], [291.65350341796875, 473.9796447753906, -49.48262405395508], [310.38323974609375, 462.0690002441406, -0.7033975720405579], [313.3623962402344, 456.225830078125, -18.11825942993164], [329.2454833984375, 376.81427001953125, -77.25808715820312], [342.498779296875, 300.1589660644531, 7.872385025024414], [410.8243713378906, 305.1585998535156, 15.620116233825684], [437.997802734375, 375.1083679199219, -64.20508575439453], [422.8657531738281, 462.43255615234375, -17.55851173400879], [276.89422607421875, 304.9348449707031, -19.321157455444336], [305.962158203125, 256.58782958984375, 10.57015323638916], [339.0150451660156, 203.47686767578125, -2.6428093910217285], [429.4881286621094, 198.95486450195312, -0.20427167415618896], [488.93060302734375, 214.2467803955078, -24.12759780883789], [494.1378479003906, 164.38900756835938, -61.40093994140625], [385.7816162109375, 180.27359008789062, -6.565253734588623], [390.81927490234375, 111.32028198242188, -6.5205183029174805], [375.99951171875, 304.18121337890625, 16.474933624267578], [385.1678161621094, 194.4340362548828, -1.8321287631988525], [381.9775695800781, 241.87437438964844, 10.614774703979492], [387.9376220703125, 156.5454864501953, -25.486021041870117], [389.943115234375, 127.66061401367188, -6.556910991668701], [383.0155334472656, 144.3016357421875, -41.99626922607422], [393.4380798339844, 136.5142059326172, -33.527984619140625], [376.7335510253906, 136.2638702392578, -30.09461212158203], [407.8011474609375, 146.0236053466797, -13.218501091003418], [370.509765625, 145.64820861816406, -5.79318904876709]], "pred_body_pose": [[2.9415314197540283, 0.10453522950410843, 0.18198350071907043, -0.874983012676239, 0.03884701803326607, 0.3909791111946106, -0.7881001830101013, 0.006018130108714104, -0.299899697303772, 0.5217245221138, -0.007320229429751635, -0.013619756326079369, 1.4832159280776978, 0.013903475366532803, -0.16969408094882965, 1.5217686891555786, 0.06684557348489761, 0.14067253470420837, -0.0657413899898529, -0.0185426976531744, 0.0509820394217968, -0.21268774569034576, 0.15958388149738312, -0.07902365177869797, -0.24582822620868683, -0.09256911277770996, 0.01579873636364937, -0.015864068642258644, -0.012981542386114597, 0.03575361520051956, -0.20636755228042603, 0.026860564947128296, 0.2190682590007782, -0.19736738502979279, -0.04637288302183151, -0.1902216225862503, -0.25794723629951477, -0.0851997509598732, -0.06088309362530708, -0.13171736896038055, -0.09901230782270432, -0.05351557582616806, -0.004083801992237568, 0.0765826404094696, 0.31622442603111267, -0.06828843802213669, -0.17215962707996368, 0.05350656062364578, -0.41763976216316223, -0.4211979806423187, -0.11818353086709976, 0.059466585516929626, 0.03697626665234566, 0.707281768321991, -0.43877923488616943, -1.2734153270721436, 0.5023062229156494, -0.05014022812247276, 0.6165395975112915, -0.10353480279445648, 0.12770763039588928, -0.10013459622859955, 0.2476903647184372, -0.0002252517151646316, 0.058701105415821075, -0.12372955679893494, -0.1626209318637848, -0.09464073926210403, -0.2428593635559082, -0.14122827351093292, 0.0980178564786911, 0.2146657109260559]], "pred_rotmat": [[[[0.9899643063545227, 0.058250706642866135, 0.12875375151634216], [0.08187277615070343, -0.9790231585502625, -0.18657584488391876], [0.1151847243309021, 0.19524484872817993, -0.9739671349525452]], [[0.9285520911216736, -0.34946051239967346, -0.12517353892326355], [0.3179972767829895, 0.5749143362045288, 0.7538908123970032], [-0.1914910078048706, -0.7398316860198975, 0.644965410232544]], [[0.9576153755187988, 0.2633659243583679, 0.11666654795408249], [-0.267834335565567, 0.6650530099868774, 0.697114884853363], [0.10600687563419342, -0.6988153457641602, 0.7074034214019775]], [[0.999883234500885, 0.011143098585307598, -0.010465295054018497], [-0.014876320026814938, 0.866873025894165, -0.49830707907676697], [0.003519396996125579, 0.49840450286865234, 0.8669375777244568]], [[0.9880053400993347, 0.12185145169496536, -0.09485609084367752], [-0.10478643327951431, 0.0778413861989975, -0.9914436340332031], [-0.1134251207113266, 0.9894912242889404, 0.08967608213424683]], [[0.9900596141815186, -0.050196532160043716, 0.13138613104820251], [0.13356788456439972, 0.04289807751774788, -0.9901108145713806], [0.04406391456723213, 0.9978176355361938, 0.04917629808187485]], [[0.9985294342041016, -0.05031117424368858, -0.02019505575299263], [0.05152948200702667, 0.9965415000915527, 0.0651894360780716], [0.016845455393195152, -0.06613419950008392, 0.9976685047149658]], [[0.9842455387115479, 0.06115188077092171, 0.16589507460594177], [-0.09487631916999817, 0.9744241833686829, 0.20370547473430634], [-0.14919520914554596, -0.2162357121706009, 0.9648745059967041]], [[0.99561607837677, -0.004304484464228153, -0.09343510866165161], [0.026929564774036407, 0.9698340892791748, 0.24227374792099], [0.0895736962556839, -0.24372780323028564, 0.9656983017921448]], [[0.9992766380310059, -0.03564053028821945, -0.013261426240205765], [0.03584644943475723, 0.9992350935935974, 0.0156275425106287], [0.012694308534264565, -0.016091614961624146, 0.9997898936271667]], [[0.9758286476135254, -0.2185005396604538, 0.004020871594548225], [0.2129993885755539, 0.9550543427467346, 0.2061614990234375], [-0.048886530101299286, -0.20032180845737457, 0.9785098433494568]], [[0.9809558391571045, 0.192327618598938, -0.02712666243314743], [-0.18323390185832977, 0.9626722931861877, 0.1992170512676239], [0.06442902237176895, -0.19045259058475494, 0.9795799255371094]], [[0.9945524334907532, 0.07101743668317795, -0.07630175352096558], [-0.049181967973709106, 0.9651044607162476, 0.2572050988674164], [0.09190521389245987, -0.2520512640476227, 0.9633397459983826]], [[0.9936821460723877, 0.05975276976823807, -0.09500204771757126], [-0.0467437244951725, 0.9899185299873352, 0.1337021291255951], [0.10203336924314499, -0.12841667234897614, 0.9864574074745178]], [[0.9475340247154236, -0.3108285963535309, 0.07459831982851028], [0.3105185925960541, 0.9504323601722717, 0.016014304012060165], [-0.07587836682796478, 0.007990069687366486, 0.9970850348472595]], [[0.9837992787361145, -0.047315675765275955, -0.1729165017604828], [0.05903582274913788, 0.9962485432624817, 0.06327465176582336], [0.16927392780780792, -0.07245782762765884, 0.982901930809021]], [[0.9071940183639526, 0.19641484320163727, -0.3720487952232361], [-0.02580309472978115, 0.9086413979530334, 0.41677936911582947], [0.41992059350013733, -0.3684996962547302, 0.8293821811676025]], [[0.7595744729042053, -0.6481665372848511, 0.054100170731544495], [0.6502743363380432, 0.758534848690033, -0.04204988479614258], [-0.013781539164483547, 0.06711997091770172, 0.9976497888565063]], [[0.21368274092674255, -0.11186980456113815, -0.9704766273498535], [0.5807889699935913, 0.8133386969566345, 0.03412401303648949], [0.7855085730552673, -0.5709338188171387, 0.23876918852329254]], [[0.8109021782875061, 0.08192276209592819, 0.5794190764427185], [-0.11183604598045349, 0.9935973882675171, 0.016033070161938667], [-0.5743957161903381, -0.0778011903166771, 0.8148722052574158]], [[0.9645713567733765, -0.2504337728023529, -0.08297686278820038], [0.2377389818429947, 0.9614530205726624, -0.13816028833389282], [0.11437835544347763, 0.11353860050439835, 0.9869279265403748]], [[0.9906372427940369, 0.12333656847476959, 0.05853170529007912], [-0.12334975600242615, 0.9923574924468994, -0.0034013104159384966], [-0.05850387364625931, -0.0038504069671034813, 0.9982798099517822]], [[0.9662975072860718, 0.2466919869184494, -0.07356681674718857], [-0.23142211139202118, 0.9576217532157898, 0.17147696018218994], [0.11275118589401245, -0.14867278933525085, 0.9824374914169312]], [[0.972330629825592, -0.2188478261232376, 0.08172380179166794], [0.20509196817874908, 0.967194139957428, 0.1499090939760208], [-0.1118500679731369, -0.12900032103061676, 0.9853163957595825]]]], "pred_betas": [[-0.06350994110107422, 0.09712637960910797, 0.778045117855072, 0.9278430938720703, 0.14691539108753204, 0.31300926208496094, -0.40137723088264465, 0.36853769421577454, 0.7864072322845459, 0.21291393041610718]], "pred_camera": [1.255713701248169, -0.0024522398598492146, 0.3770093619823456]}