{"pred_joints_img": [[384.33612060546875, 144.37832641601562, -45.58778762817383], [386.3258361816406, 180.16592407226562, -8.867355346679688], [339.9239501953125, 204.80426025390625, -4.9893879890441895], [313.74530029296875, 262.29052734375, 7.998992919921875], [293.2119140625, 316.3460388183594, -20.395612716674805], [430.75701904296875, 197.96969604492188, -4.348761081695557], [490.87689208984375, 209.73843383789062, -29.92428207397461], [498.53240966796875, 157.88916015625, -64.93435668945312], [379.0052795410156, 307.9908142089844, 6.981121063232422], [360.78472900390625, 329.79766845703125, 2.0488553047180176], [333.0392150878906, 369.4801025390625, -81.76998901367188], [315.8497314453125, 458.064208984375, -36.419925689697266], [394.62451171875, 332.82843017578125, 6.028045654296875], [438.507568359375, 374.73992919921875, -66.27674865722656], [425.5174560546875, 464.1341552734375, -21.39692497253418], [378.1841735839844, 136.32920837402344, -33.54710388183594], [394.94952392578125, 136.8915557861328, -36.9699592590332], [371.66485595703125, 145.81707763671875, -9.242198944091797], [409.18377685546875, 146.9127197265625, -16.698244094848633], [445.8343505859375, 485.4625244140625, -62.87351989746094], [454.7999572753906, 484.3458251953125, -43.67853546142578], [420.7535095214844, 469.81951904296875, -4.713192462921143], [312.3961181640625, 476.95074462890625, -83.54249572753906], [295.1283264160156, 472.5208435058594, -70.3513412475586], [312.6053161621094, 466.1686096191406, -19.734228134155273], [315.8497314453125, 458.064208984375, -36.419925689697266], [333.0392150878906, 369.4801025390625, -81.76998901367188], [344.343505859375, 299.7824401855469, 8.957545280456543], [413.26983642578125, 304.37677001953125, 15.1895751953125], [438.507568359375, 374.73992919921875, -66.27674865722656], [425.5174560546875, 464.1341552734375, -21.39692497253418], [293.2119140625, 316.3460388183594, -20.395612716674805], [313.74530029296875, 262.29052734375, 7.998992919921875], [339.9239501953125, 204.80426025390625, -4.9893879890441895], [430.75701904296875, 197.96969604492188, -4.348761081695557], [490.87689208984375, 209.73843383789062, -29.92428207397461], [498.53240966796875, 157.88916015625, -64.93435668945312], [386.7183532714844, 180.53982543945312, -9.919979095458984], [392.8413391113281, 111.89784240722656, -9.764444351196289], [378.2161865234375, 303.6684265136719, 16.868581771850586], [386.2188415527344, 194.65420532226562, -5.042875289916992], [383.7890930175781, 241.58995056152344, 9.636950492858887], [389.03057861328125, 156.99124145507812, -29.033008575439453], [391.6201171875, 128.18898010253906, -9.878085136413574], [384.33612060546875, 144.37832641601562, -45.58778762817383], [394.94952392578125, 136.8915557861328, -36.9699592590332], [378.1841735839844, 136.32920837402344, -33.54710388183594], [409.18377685546875, 146.9127197265625, -16.698244094848633], [371.66485595703125, 145.81707763671875, -9.242198944091797]], "pred_body_pose": [[2.940058469772339, 0.10007527470588684, 0.1532842069864273, -0.874483048915863, 0.04644164443016052, 0.3737061023712158, -0.8769850134849548, 0.032775379717350006, -0.2938096821308136, 0.5576105713844299, -0.014356181025505066, -0.013599514961242676, 1.4537832736968994, -0.0022889203391969204, -0.16420376300811768, 1.4451348781585693, 0.05730293318629265, 0.15046632289886475, -0.06415737420320511, -0.011312555521726608, 0.05508916825056076, -0.19066360592842102, 0.16850419342517853, -0.10922896862030029, -0.1983436793088913, -0.09279234707355499, 0.036200255155563354, -0.01413536723703146, -0.013886726461350918, 0.038789231330156326, -0.19823667407035828, 0.012936579063534737, 0.25415217876434326, -0.21269133687019348, -0.05529921501874924, -0.21901670098304749, -0.28605279326438904, -0.05911964923143387, -0.07436548918485641, -0.13809102773666382, -0.11019885540008545, -0.024754146113991737, -0.005013813264667988, 0.12004774063825607, 0.3339989483356476, -0.08668351173400879, -0.1764296293258667, 0.035861190408468246, -0.45272931456565857, -0.4090745747089386, -0.08491582423448563, 0.08461769670248032, 0.10679768770933151, 0.7916898131370544, -0.5233553051948547, -1.195829153060913, 0.5177135467529297, -0.01939951814711094, 0.5831782817840576, -0.09420881420373917, 0.12378466129302979, -0.08618874102830887, 0.2570449411869049, 0.008789277635514736, 0.04538126289844513, -0.13067318499088287, -0.16987007856369019, -0.09337213635444641, -0.23899266123771667, -0.15088903903961182, 0.09757784008979797, 0.21128331124782562]], "pred_rotmat": [[[[0.9923501014709473, 0.05704033747315407, 0.10948822647333145], [0.07729167491197586, -0.9785982966423035, -0.1907130926847458], [0.09626664221286774, 0.19771668314933777, -0.9755208492279053]], [[0.9342907667160034, -0.33856576681137085, -0.1116868332028389], [0.3009301722049713, 0.5809561014175415, 0.7562612295150757], [-0.19115902483463287, -0.7401778101921082, 0.6446665525436401]], [[0.9593321084976196, 0.24025341868400574, 0.14818942546844482], [-0.26700305938720703, 0.6019562482833862, 0.7525675296783447], [0.09160339087247849, -0.7615293264389038, 0.6416243314743042]], [[0.9998095631599426, 0.009004972875118256, -0.01731705851852894], [-0.016804592683911324, 0.8484367728233337, -0.5290298461914062], [0.009928531013429165, 0.5292200446128845, 0.8484265208244324]], [[0.9887559413909912, 0.11019696295261383, -0.10108602046966553], [-0.11297178268432617, 0.10756080597639084, -0.9877590537071228], [-0.09797515720129013, 0.9880724549293518, 0.11880053579807281]], [[0.9891669750213623, -0.06816984713077545, 0.13000641763210297], [0.13737992942333221, 0.11782728880643845, -0.9834854602813721], [0.05172574892640114, 0.9906914830207825, 0.1259160339832306]], [[0.9984195232391357, -0.05465969443321228, -0.013064954429864883], [0.055385030806064606, 0.9964267015457153, 0.06376815587282181], [0.009532720781862736, -0.06439097970724106, 0.9978792071342468]], [[0.9799662232398987, 0.09187701344490051, 0.17670567333698273], [-0.12379984557628632, 0.976012110710144, 0.17909224331378937], [-0.1560124158859253, -0.19738046824932098, 0.9678332805633545]], [[0.9950598478317261, -0.026739107444882393, -0.0956077128648758], [0.04506845027208328, 0.9797580242156982, 0.1950465738773346], [0.08845704048871994, -0.19839191436767578, 0.9761229753494263]], [[0.9991514086723328, -0.038678836077451706, -0.014156443998217583], [0.03887509927153587, 0.9991479516029358, 0.013861614279448986], [0.013608230277895927, -0.014400185085833073, 0.9998037219047546]], [[0.9678995013237, -0.25103846192359924, -0.0122600719332695], [0.2484961301088333, 0.948503315448761, 0.1964462399482727], [-0.03768683969974518, -0.19318677484989166, 0.9804379940032959]], [[0.974690854549408, 0.22135351598262787, -0.031311023980379105], [-0.20968589186668396, 0.9537697434425354, 0.21530263125896454], [0.07752149552106857, -0.2032880187034607, 0.9760453701019287]], [[0.9955213665962219, 0.08163639903068542, -0.0476725772023201], [-0.06485271453857422, 0.9566514492034912, 0.28392264246940613], [0.06878446787595749, -0.2795593738555908, 0.9576612710952759]], [[0.9936386346817017, 0.032211627811193466, -0.1079106256365776], [-0.01703447848558426, 0.9901850819587708, 0.1387200504541397], [0.111319899559021, -0.135999396443367, 0.9844348430633545]], [[0.9376751184463501, -0.32732731103897095, 0.11671418696641922], [0.32673171162605286, 0.9447930455207825, 0.024747498333454132], [-0.11837129294872284, 0.01492911484092474, 0.9928571581840515]], [[0.9838471412658691, -0.028001664206385612, -0.1768070012331009], [0.0432443842291832, 0.9956145286560059, 0.08295483887195587], [0.17370876669883728, -0.08926078677177429, 0.980743408203125]], [[0.9154492020606995, 0.16935387253761292, -0.365064412355423], [0.010062536224722862, 0.8972257971763611, 0.44145745038986206], [0.4023077189922333, -0.40780535340309143, 0.819660484790802]], [[0.6977059245109558, -0.7049635052680969, 0.12740835547447205], [0.7135248184204102, 0.6997169256210327, -0.03575552999973297], [-0.06394345313310623, 0.1158558800816536, 0.991205632686615]], [[0.28164535760879517, -0.09881015866994858, -0.95441734790802], [0.6283372044563293, 0.7707369327545166, 0.10562632977962494], [0.7251678109169006, -0.6294450759887695, 0.27916058897972107]], [[0.8305348753929138, 0.08332464098930359, 0.5506985783576965], [-0.09431245923042297, 0.9955072999000549, -0.008390245027840137], [-0.5489235520362854, -0.0449693500995636, 0.8346620798110962]], [[0.9635209441184998, -0.25855159759521484, -0.06912677735090256], [0.24796146154403687, 0.9596030116081238, -0.13295572996139526], [0.10071016848087311, 0.11096484214067459, 0.9887084364891052]], [[0.9904478192329407, 0.13045427203178406, 0.04466274380683899], [-0.13005605340003967, 0.9914373159408569, -0.011721473187208176], [-0.04580942913889885, 0.005800848361104727, 0.9989333152770996]], [[0.9673409461975098, 0.2431069314479828, -0.07176633179187775], [-0.2273705154657364, 0.9573514461517334, 0.17827174067497253], [0.11204469203948975, -0.15613201260566711, 0.9813606142997742]], [[0.9730920791625977, -0.21589934825897217, 0.08049330115318298], [0.20127008855342865, 0.9665114283561707, 0.15920419991016388], [-0.1121697872877121, -0.13871946930885315, 0.9839587211608887]]]], "pred_betas": [[0.01819613203406334, 0.0657227411866188, 0.5669889450073242, 0.8169385194778442, 0.1901971846818924, 0.21260623633861542, -0.4027531147003174, 0.36625170707702637, 0.7446432709693909, 0.14321649074554443]], "pred_camera": [1.255977749824524, -0.046144310384988785, 0.3726440668106079]}