{"pred_joints_img": [[384.7749328613281, 146.04342651367188, -45.45878601074219], [386.6101989746094, 180.90919494628906, -8.042238235473633], [339.66619873046875, 202.91769409179688, -4.9080491065979], [299.9481201171875, 252.15045166015625, 5.982438564300537], [258.11151123046875, 291.587646484375, -22.513744354248047], [430.8834533691406, 201.17669677734375, -1.2388967275619507], [488.1814270019531, 225.21771240234375, -23.75867462158203], [493.64727783203125, 171.50155639648438, -55.81620407104492], [378.61676025390625, 308.7785949707031, 7.043352127075195], [360.4570007324219, 330.6878662109375, 2.315358877182007], [327.72637939453125, 374.0326232910156, -77.33850860595703], [315.2117614746094, 454.23858642578125, -18.02446937561035], [394.3063049316406, 333.5600891113281, 6.037590026855469], [437.4872741699219, 372.6875915527344, -67.70761108398438], [425.564697265625, 460.56915283203125, -20.61248016357422], [378.1236572265625, 137.80621337890625, -33.78807067871094], [394.98638916015625, 138.09677124023438, -36.72536087036133], [371.1122131347656, 146.80764770507812, -9.363866806030273], [408.75054931640625, 147.2425079345703, -15.787753105163574], [444.97027587890625, 481.88946533203125, -62.153018951416016], [454.4385986328125, 480.760009765625, -43.143760681152344], [421.385986328125, 465.6772155761719, -3.763278007507324], [307.9046630859375, 478.45172119140625, -61.97740173339844], [291.8351135253906, 472.37554931640625, -48.04475402832031], [313.3607482910156, 460.06573486328125, -0.3440711498260498], [315.2117614746094, 454.23858642578125, -18.02446937561035], [327.72637939453125, 374.0326232910156, -77.33850860595703], [344.1645202636719, 300.5972595214844, 9.249107360839844], [413.0696105957031, 304.92254638671875, 14.978482246398926], [437.4872741699219, 372.6875915527344, -67.70761108398438], [425.564697265625, 460.56915283203125, -20.61248016357422], [258.11151123046875, 291.587646484375, -22.513744354248047], [299.9481201171875, 252.15045166015625, 5.982438564300537], [339.66619873046875, 202.91769409179688, -4.9080491065979], [430.8834533691406, 201.17669677734375, -1.2388967275619507], [488.1814270019531, 225.21771240234375, -23.75867462158203], [493.64727783203125, 171.50155639648438, -55.81620407104492], [386.9034423828125, 181.28932189941406, -9.053179740905762], [391.5516052246094, 112.418701171875, -10.142165184020996], [378.0720520019531, 304.3503112792969, 16.89242172241211], [386.2485046386719, 195.45932006835938, -3.9170844554901123], [382.7392578125, 242.22462463378906, 9.327733039855957], [389.18084716796875, 157.9810028076172, -28.48466682434082], [390.6825256347656, 128.758544921875, -9.922499656677246], [384.7749328613281, 146.04342651367188, -45.45878601074219], [394.98638916015625, 138.09677124023438, -36.72536087036133], [378.1236572265625, 137.80621337890625, -33.78807067871094], [408.75054931640625, 147.2425079345703, -15.787753105163574], [371.1122131347656, 146.80764770507812, -9.363866806030273]], "pred_body_pose": [[2.9456520080566406, 0.09521113336086273, 0.14071805775165558, -0.9038649201393127, 0.02535582147538662, 0.38246309757232666, -0.8226292133331299, 0.0017904638079926372, -0.3251067101955414, 0.5496071577072144, -0.00982446689158678, 0.0015493188984692097, 1.503879189491272, 0.003400844754651189, -0.17302736639976501, 1.552748680114746, 0.05906142666935921, 0.15440011024475098, -0.06996037065982819, 0.00226805591955781, 0.023291246965527534, -0.20022785663604736, 0.1570712924003601, -0.0960085317492485, -0.23045475780963898, -0.09011158347129822, 0.01881200261414051, -0.01556197926402092, -0.0024182761553674936, 0.022867541760206223, -0.21077893674373627, 0.014806189574301243, 0.23211832344532013, -0.19667087495326996, -0.06952790170907974, -0.19315795600414276, -0.27103176712989807, -0.11190283298492432, -0.0542379766702652, -0.14140747487545013, -0.08407505601644516, -0.10428808629512787, -0.018442323431372643, 0.06067008897662163, 0.28042393922805786, -0.06524794548749924, -0.12429329007863998, 0.0601201057434082, -0.4063611328601837, -0.43262386322021484, -0.2017805129289627, -0.03351762145757675, 0.029650291427969933, 0.6192188858985901, -0.49428895115852356, -1.4234877824783325, 0.6087151765823364, -0.21431587636470795, 0.5541634559631348, -0.1409122198820114, 0.07688997685909271, -0.09717574715614319, 0.2705152630805969, -0.021755287423729897, 0.046134378761053085, -0.12193412333726883, -0.14535516500473022, -0.09537044912576675, -0.24004945158958435, -0.12542882561683655, 0.09761428087949753, 0.20387262105941772]], "pred_rotmat": [[[[0.993428647518158, 0.05478868633508682, 0.10048721730709076], [0.07290075719356537, -0.9797426462173462, -0.1865200251340866], [0.08823243528604507, 0.1926199495792389, -0.9772985577583313]], [[0.9322537779808044, -0.33448275923728943, -0.13792778551578522], [0.3133472502231598, 0.5558395981788635, 0.7699713110923767], [-0.18087640404701233, -0.7610280513763428, 0.6229928135871887]], [[0.9505084156990051, 0.2836501896381378, 0.12679250538349152], [-0.28502950072288513, 0.6336446404457092, 0.7192028164863586], [0.123660609126091, -0.7197479009628296, 0.6831332445144653]], [[0.9999517202377319, -0.004104960709810257, -0.008921971544623375], [-0.0011600333964452147, 0.8527299165725708, -0.5223508477210999], [0.009752261452376842, 0.5223360061645508, 0.852683961391449]], [[0.9876749515533447, 0.11621883511543274, -0.10483945906162262], [-0.1120094284415245, 0.05696597322821617, -0.9920729398727417], [-0.10932527482509613, 0.9915886521339417, 0.06928146630525589]], [[0.9888965487480164, -0.061611954122781754, 0.1352318376302719], [0.1361352652311325, 0.010689936578273773, -0.9906326532363892], [0.059589188545942307, 0.9980429410934448, 0.0189588014036417]], [[0.9997263550758362, -0.023349424824118614, 0.001451636664569378], [0.023190828040242195, 0.9972827434539795, 0.06992333382368088], [-0.0030803619883954525, -0.06987052410840988, 0.9975513219833374]], [[0.9831596612930298, 0.07920078188180923, 0.1646944284439087], [-0.11045743525028229, 0.9754971265792847, 0.1902744323015213], [-0.14558908343315125, -0.20526188611984253, 0.9678177237510681]], [[0.9957847595214844, -0.008289370685815811, -0.09134609252214432], [0.02894965372979641, 0.9734053015708923, 0.22725340723991394], [0.0870329737663269, -0.22893990576267242, 0.9695421457290649]], [[0.9997355937957764, -0.022845787927508354, -0.0025958858896046877], [0.022883417084813118, 0.9996174573898315, 0.015532330609858036], [0.0022400445304811, -0.015587626956403255, 0.9998759627342224]], [[0.9731723070144653, -0.22987312078475952, -0.00969837885349989], [0.2267778068780899, 0.9512490034103394, 0.2090390920639038], [-0.03882688656449318, -0.20563042163848877, 0.9778593182563782]], [[0.9790695309638977, 0.19735762476921082, -0.04972841218113899], [-0.18377536535263062, 0.9622604250907898, 0.20070211589336395], [0.08746178448200226, -0.1873624473810196, 0.978389322757721]], [[0.9923251271247864, 0.06849028170108795, -0.10295594483613968], [-0.03838514909148216, 0.9620822668075562, 0.27004507184028625], [0.11754754930734634, -0.26402053236961365, 0.9573274254798889]], [[0.9910560846328735, 0.10955554991960526, -0.076194167137146], [-0.09770422428846359, 0.984612762928009, 0.14488516747951508], [0.09089470654726028, -0.13614481687545776, 0.9865105152130127]], [[0.9591234922409058, -0.2771322429180145, 0.05726965144276619], [0.2760210335254669, 0.9607824087142944, 0.026637542992830276], [-0.062405794858932495, -0.009741065092384815, 0.9980033040046692]], [[0.9904869198799133, -0.05583963170647621, -0.12576830387115479], [0.06393376737833023, 0.9960717558860779, 0.06126563623547554], [0.12185321003198624, -0.0687236487865448, 0.9901660680770874]], [[0.8897436261177063, 0.27388033270835876, -0.36516544222831726], [-0.10376152396202087, 0.9004045724868774, 0.4224987328052521], [0.44451069831848145, -0.3380254805088043, 0.8295474648475647]], [[0.8139376044273376, -0.580681562423706, 0.01773364655673504], [0.5797192454338074, 0.8138193488121033, 0.04029450938105583], [-0.03783026337623596, -0.022516682744026184, 0.9990304708480835]], [[0.04318651929497719, -0.09312159568071365, -0.9947175979614258], [0.6548814177513123, 0.7545521259307861, -0.042205989360809326], [0.7544966340065002, -0.6495994329452515, 0.09357008337974548]], [[0.8415403962135315, 0.07475616782903671, 0.534996509552002], [-0.18987728655338287, 0.9681156873703003, 0.1633968949317932], [-0.5057235956192017, -0.239088773727417, 0.8289029598236084]], [[0.9589930772781372, -0.27024972438812256, -0.0854247435927391], [0.2628328204154968, 0.960745632648468, -0.08880750089883804], [0.10607164353132248, 0.06271334737539291, 0.9923788905143738]], [[0.9915142059326172, 0.12107829749584198, 0.04732459783554077], [-0.12208051234483719, 0.9923405647277832, 0.018883414566516876], [-0.04467574506998062, -0.024500584229826927, 0.9987010955810547]], [[0.9668838381767273, 0.243430957198143, -0.0766613632440567], [-0.22966954112052917, 0.9609115123748779, 0.15459956228733063], [0.11129909753799438, -0.13187304139137268, 0.9849984645843506]], [[0.9745956659317017, -0.20769737660884857, 0.08381602168083191], [0.1955217719078064, 0.9715110063552856, 0.13393168151378632], [-0.10924544185400009, -0.11414137482643127, 0.987439751625061]]]], "pred_betas": [[-0.059754617512226105, 0.0016055162996053696, 0.5618480443954468, 0.8464306592941284, 0.10033281147480011, 0.3047894239425659, -0.25648370385169983, 0.34201857447624207, 0.7694448828697205, 0.11336706578731537]], "pred_camera": [1.2586860656738281, 0.035767897963523865, 0.37652260065078735]}