{"pred_joints_img": [[383.3482360839844, 146.64083862304688, -40.72473907470703], [389.4444580078125, 183.02833557128906, -6.037055492401123], [344.03436279296875, 193.70303344726562, 5.304147720336914], [283.05987548828125, 202.15560913085938, -10.07480239868164], [299.81915283203125, 146.4385986328125, -35.4304313659668], [429.6412353515625, 213.80722045898438, -8.83399486541748], [456.6673583984375, 273.0142822265625, -3.543764591217041], [478.98321533203125, 324.0317077636719, -30.919084548950195], [375.0975341796875, 308.5645751953125, 6.639678478240967], [356.9635009765625, 329.77008056640625, 2.3225646018981934], [326.38690185546875, 371.8799133300781, -77.57273864746094], [312.5077209472656, 451.18914794921875, -19.298954010009766], [390.0455322265625, 333.095703125, 5.520575046539307], [438.59735107421875, 379.9331970214844, -58.554100036621094], [415.46514892578125, 458.3555603027344, -2.2171366214752197], [378.5547180175781, 138.98475646972656, -28.306568145751953], [394.56787109375, 139.81466674804688, -33.13529586791992], [374.222900390625, 149.02516174316406, -4.301218509674072], [409.8695983886719, 150.64013671875, -14.81539535522461], [436.35260009765625, 485.1363220214844, -38.182979583740234], [444.65625, 482.08697509765625, -19.468759536743164], [409.8773498535156, 460.701904296875, 14.399795532226562], [305.13800048828125, 474.69952392578125, -62.45598220825195], [289.3092041015625, 469.29290771484375, -48.680023193359375], [311.0835876464844, 456.9957275390625, -2.02140212059021], [312.5077209472656, 451.18914794921875, -19.298954010009766], [326.38690185546875, 371.8799133300781, -77.57273864746094], [341.28948974609375, 299.9302062988281, 9.308027267456055], [408.3797607421875, 304.85882568359375, 13.53122329711914], [438.59735107421875, 379.9331970214844, -58.554100036621094], [415.46514892578125, 458.3555603027344, -2.2171366214752197], [299.81915283203125, 146.4385986328125, -35.4304313659668], [283.05987548828125, 202.15560913085938, -10.07480239868164], [344.03436279296875, 193.70303344726562, 5.304147720336914], [429.6412353515625, 213.80722045898438, -8.83399486541748], [456.6673583984375, 273.0142822265625, -3.543764591217041], [478.98321533203125, 324.0317077636719, -30.919084548950195], [389.23223876953125, 183.39312744140625, -7.092254161834717], [394.9342956542969, 115.97235107421875, -5.592434883117676], [374.4630126953125, 303.8009948730469, 16.077199935913086], [388.3638916015625, 197.44320678710938, -2.3713974952697754], [381.41558837890625, 242.44619750976562, 9.650019645690918], [388.93377685546875, 159.41796875, -25.23661994934082], [393.58441162109375, 132.01747131347656, -6.150851249694824], [383.3482360839844, 146.64083862304688, -40.72473907470703], [394.56787109375, 139.81466674804688, -33.13529586791992], [378.5547180175781, 138.98475646972656, -28.306568145751953], [409.8695983886719, 150.64013671875, -14.81539535522461], [374.222900390625, 149.02516174316406, -4.301218509674072]], "pred_body_pose": [[2.9443514347076416, 0.11928840726613998, 0.12526187300682068, -0.7871692776679993, 0.10655517876148224, 0.450842946767807, -0.8384929299354553, 0.016206135973334312, -0.29046759009361267, 0.5163744688034058, -0.05170546472072601, 0.0004690580244641751, 1.5586128234863281, 0.030342821031808853, -0.18082092702388763, 1.5630429983139038, 0.057797711342573166, 0.139146625995636, -0.04829965904355049, -0.09492087364196777, -0.002564020687714219, -0.21686670184135437, 0.10741756111383438, -0.06085173040628433, -0.22957070171833038, -0.10536400228738785, 0.0478571280837059, -0.027526898309588432, -0.0622708685696125, -0.020790407434105873, -0.21215787529945374, 0.035223253071308136, 0.21106858551502228, -0.21687458455562592, -0.08502844721078873, -0.1910598874092102, -0.2524430751800537, -0.141067773103714, 0.06467949599027634, 0.027927584946155548, -0.14179931581020355, -0.3227534294128418, -0.17855791747570038, 0.03509135916829109, 0.06409293413162231, -0.09650106728076935, -0.009058567695319653, 0.037424057722091675, -0.0009525298955850303, -0.09981703013181686, -0.6295806169509888, -0.41878023743629456, 0.3780652582645416, 0.20736385881900787, -0.09219443053007126, -0.41373974084854126, 0.0907171368598938, -0.41319209337234497, 1.6528619527816772, -0.7011845111846924, 0.10232404619455338, -0.03145277872681618, 0.07673166692256927, 0.04201854392886162, 0.10249160975217819, -0.22745570540428162, -0.18078920245170593, -0.10447200387716293, -0.21852685511112213, -0.1374884396791458, 0.09334981441497803, 0.23737633228302002]], "pred_rotmat": [[[[0.9931844472885132, 0.07189568877220154, 0.09173745661973953], [0.08811786770820618, -0.9783515930175781, -0.18725191056728363], [0.07628889381885529, 0.19405938684940338, -0.9780188798904419]], [[0.8999489545822144, -0.4298233091831207, -0.07310132682323456], [0.3516177535057068, 0.6163728833198547, 0.7045916318893433], [-0.25779223442077637, -0.6598002314567566, 0.7058376669883728]], [[0.9603887796401978, 0.24744795262813568, 0.1281515210866928], [-0.26016777753829956, 0.631454586982727, 0.7304641008377075], [0.09982997924089432, -0.7348704934120178, 0.670819878578186]], [[0.9986929297447205, -0.013501052744686604, -0.049297258257865906], [-0.012604481540620327, 0.8696439862251282, -0.4935184717178345], [0.04953407868742943, 0.49349474906921387, 0.8683371543884277]], [[0.9863702058792114, 0.13439394533634186, -0.09493163973093033], [-0.0960448756814003, 0.0018095498671755195, -0.9953753352165222], [-0.1336006373167038, 0.9909263253211975, 0.014692735858261585]], [[0.990797758102417, -0.05199350789189339, 0.12496553361415863], [0.12523075938224792, 0.001862026285380125, -0.9921258091926575], [0.05135141685605049, 0.9986456632614136, 0.00835607759654522]], [[0.9954959154129028, 0.004849323071539402, -0.09467955678701401], [-0.00026902303216047585, 0.9988313317298889, 0.0483299121260643], [0.09480328112840652, -0.04808676987886429, 0.994333803653717]], [[0.9924187660217285, 0.04863480478525162, 0.11287035048007965], [-0.07180944830179214, 0.974764347076416, 0.2113715410232544], [-0.09974197298288345, -0.217874214053154, 0.970866858959198]], [[0.9933408498764038, -0.035303905606269836, -0.10967027395963669], [0.05935946851968765, 0.9726545810699463, 0.2245427966117859], [0.09874405711889267, -0.22955749928951263, 0.9682731628417969]], [[0.9978460073471069, 0.02162955328822136, -0.06193225458264351], [-0.019916150718927383, 0.9994052052497864, 0.02815070003271103], [0.06250431388616562, -0.02685660868883133, 0.9976832866668701]], [[0.9772774577140808, -0.21159707009792328, 0.012471596710383892], [0.2041805386543274, 0.9555574059486389, 0.21265091001987457], [-0.05691362917423248, -0.20527246594429016, 0.9770486950874329]], [[0.9782980680465698, 0.19733336567878723, -0.06318618357181549], [-0.17903190851211548, 0.9585457444190979, 0.22167009115219116], [0.10430975258350372, -0.20554706454277039, 0.9730724096298218]], [[0.9880461096763611, -0.04606117680668831, -0.14711667597293854], [0.08141294121742249, 0.9662922620773315, 0.24423594772815704], [0.13090790808200836, -0.25329357385635376, 0.9584912657737732]], [[0.9385064840316772, 0.31410878896713257, -0.14332233369350433], [-0.3180278539657593, 0.94806969165802, -0.004703501705080271], [0.13440215587615967, 0.04999475181102753, 0.9896649122238159]], [[0.9973386526107788, -0.06681926548480988, 0.02916964516043663], [0.06057284399867058, 0.9820602536201477, 0.17857331037521362], [-0.04057849198579788, -0.17633116245269775, 0.9834941029548645]], [[0.999259352684021, -0.03692006692290306, -0.010846384800970554], [0.03779345005750656, 0.994648277759552, 0.09615816920995712], [0.007238171529024839, -0.09649688005447388, 0.9953069090843201]], [[0.8036195039749146, 0.5878475308418274, -0.09290333092212677], [-0.5877556204795837, 0.8084343075752258, 0.031261082738637924], [0.09348299354314804, 0.029482442885637283, 0.9951842427253723]], [[0.9097990989685059, -0.2719084918498993, 0.3135782778263092], [0.11829228699207306, 0.8940598368644714, 0.4320460557937622], [-0.39783480763435364, -0.3559812307357788, 0.8455795049667358]], [[0.911690890789032, -0.069127157330513, -0.4050200581550598], [0.10667804628610611, 0.9917654395103455, 0.07085945457220078], [0.396786630153656, -0.1078086718916893, 0.9115578532218933]], [[-0.20446085929870605, 0.11146354675292969, 0.9725079536437988], [-0.621813952922821, 0.7525075674057007, -0.21697895228862762], [-0.7560046911239624, -0.6490826606750488, -0.08454874902963638]], [[0.9965664744377136, -0.07811688631772995, -0.0274418443441391], [0.07490315288305283, 0.9918328523635864, -0.1032334417104721], [0.03528199717402458, 0.10082350671291351, 0.9942785501480103]], [[0.9690453410148621, 0.22717884182929993, 0.09664852172136307], [-0.22289521992206573, 0.9733915328979492, -0.053165849298238754], [-0.10615500807762146, 0.029977625235915184, 0.9938976168632507]], [[0.9708883762359619, 0.2245868295431137, -0.0832848846912384], [-0.20584280788898468, 0.960085928440094, 0.18937745690345764], [0.12249232828617096, -0.16672080755233765, 0.9783658385276794]], [[0.9676961302757263, -0.24044083058834076, 0.07584454119205475], [0.22769588232040405, 0.962637186050415, 0.1465746909379959], [-0.10825332999229431, -0.12457027286291122, 0.9862876534461975]]]], "pred_betas": [[0.05891245976090431, 0.1717083603143692, 0.5261787176132202, 0.7706746459007263, 0.24330171942710876, 0.17614370584487915, -0.28318101167678833, 0.304353803396225, 0.7356371283531189, -0.003974944353103638]], "pred_camera": [1.2305699586868286, -0.021153591573238373, 0.36902040243148804]}