{"pred_joints_img": [[386.4803771972656, 144.03196716308594, -48.34356689453125], [384.87774658203125, 180.55755615234375, -10.532410621643066], [337.06231689453125, 203.36932373046875, -8.021642684936523], [291.79998779296875, 250.0977325439453, 1.671018123626709], [243.46389770507812, 284.5583190917969, -26.66791343688965], [430.3957824707031, 201.37167358398438, -1.8205199241638184], [487.933837890625, 230.77882385253906, -22.03578758239746], [494.9233093261719, 177.29098510742188, -57.129112243652344], [378.9051208496094, 311.1103515625, 7.124260425567627], [360.7702331542969, 333.81463623046875, 2.310276985168457], [326.8633728027344, 378.91986083984375, -78.62386322021484], [311.84393310546875, 458.20123291015625, -14.810914993286133], [395.2879333496094, 336.2016296386719, 6.561409950256348], [440.35223388671875, 374.28887939453125, -69.43391418457031], [427.856689453125, 464.25286865234375, -21.373483657836914], [378.9065246582031, 135.63316345214844, -36.8036994934082], [396.3600158691406, 136.37818908691406, -38.306636810302734], [369.3416442871094, 145.19015502929688, -12.681991577148438], [408.2060241699219, 146.58233642578125, -16.037734985351562], [447.9307861328125, 484.90875244140625, -64.32630920410156], [457.6556396484375, 484.0889892578125, -44.85318374633789], [423.72650146484375, 469.693359375, -4.185790538787842], [304.2073974609375, 483.65008544921875, -59.376792907714844], [287.66156005859375, 476.781982421875, -45.41952133178711], [309.72149658203125, 463.7632751464844, 3.406078577041626], [311.84393310546875, 458.20123291015625, -14.810914993286133], [326.8633728027344, 378.91986083984375, -78.62386322021484], [343.73065185546875, 303.1857604980469, 8.886526107788086], [413.996826171875, 306.5252990722656, 15.708029747009277], [440.35223388671875, 374.28887939453125, -69.43391418457031], [427.856689453125, 464.25286865234375, -21.373483657836914], [243.46389770507812, 284.5583190917969, -26.66791343688965], [291.79998779296875, 250.0977325439453, 1.671018123626709], [337.06231689453125, 203.36932373046875, -8.021642684936523], [430.3957824707031, 201.37167358398438, -1.8205199241638184], [487.933837890625, 230.77882385253906, -22.03578758239746], [494.9233093261719, 177.29098510742188, -57.129112243652344], [385.44970703125, 180.89495849609375, -11.327747344970703], [391.2243957519531, 110.60255432128906, -10.946240425109863], [378.2486572265625, 306.4680480957031, 17.176467895507812], [384.6417541503906, 195.52639770507812, -5.939632415771484], [381.4126281738281, 242.9413604736328, 8.326871871948242], [389.16253662109375, 156.75357055664062, -30.810121536254883], [389.89031982421875, 127.28996276855469, -11.173705101013184], [386.4803771972656, 144.03196716308594, -48.34356689453125], [396.3600158691406, 136.37818908691406, -38.306636810302734], [378.9065246582031, 135.63316345214844, -36.8036994934082], [408.2060241699219, 146.58233642578125, -16.037734985351562], [369.3416442871094, 145.19015502929688, -12.681991577148438]], "pred_body_pose": [[2.953868865966797, 0.07117004692554474, 0.15849632024765015, -0.9310405254364014, 0.0234928410500288, 0.373306006193161, -0.8156789541244507, 0.0039026529993861914, -0.35110723972320557, 0.5549604296684265, -0.011912082321941853, 0.01822994276881218, 1.5236262083053589, 0.004520534537732601, -0.18398942053318024, 1.5762825012207031, 0.08166606724262238, 0.14401942491531372, -0.06588908284902573, 0.007307532709091902, 0.011086476035416126, -0.2217351794242859, 0.15158767998218536, -0.08262470364570618, -0.2540290951728821, -0.10044848918914795, 0.02709508128464222, -0.015935342758893967, 0.003939514979720116, 0.014660902321338654, -0.211640402674675, 0.02188233658671379, 0.22232654690742493, -0.18951895833015442, -0.05441146343946457, -0.2117394357919693, -0.3055252134799957, -0.0952734500169754, -0.0800657793879509, -0.1370188146829605, -0.08757885545492172, -0.14070118963718414, -0.02206985279917717, 0.05583962798118591, 0.26947322487831116, -0.07570699602365494, -0.08710449188947678, 0.04213627055287361, -0.3808256983757019, -0.4266734719276428, -0.24712514877319336, -0.08014354109764099, 0.009219183586537838, 0.5256524085998535, -0.48328444361686707, -1.469969630241394, 0.6133288741111755, -0.29305151104927063, 0.5257081389427185, -0.15310204029083252, 0.053842708468437195, -0.09827516973018646, 0.27447760105133057, -0.003247505286708474, 0.0449104942381382, -0.13095209002494812, -0.13877712190151215, -0.09818936139345169, -0.2396155744791031, -0.1352916955947876, 0.09771057963371277, 0.20760610699653625]], "pred_rotmat": [[[[0.9931619167327881, 0.03789466619491577, 0.1104232594370842], [0.057349901646375656, -0.98222416639328, -0.17873668670654297], [0.10168721526861191, 0.18384726345539093, -0.9776808619499207]], [[0.9357208013534546, -0.32379621267318726, -0.1399378925561905], [0.30369797348976135, 0.5377194881439209, 0.7865274548530579], [-0.17942726612091064, -0.778468906879425, 0.6014915704727173]], [[0.9423004984855652, 0.30525481700897217, 0.13743828237056732], [-0.3082343339920044, 0.6309372186660767, 0.7119759917259216], [0.13061918318271637, -0.7132585644721985, 0.6886224746704102]], [[0.9997689723968506, -0.02052837610244751, -0.006379313301295042], [0.014085832983255386, 0.8497653007507324, -0.5269730091094971], [0.016238819807767868, 0.5267613530158997, 0.8498581647872925]], [[0.9861376285552979, 0.12262676656246185, -0.11178222298622131], [-0.11698926985263824, 0.03609506040811539, -0.9924769997596741], [-0.117669478058815, 0.9917961955070496, 0.04994071274995804]], [[0.9889338612556458, -0.03888814523816109, 0.1431695520877838], [0.14282694458961487, -0.011464185081422329, -0.9896813035011292], [0.040128193795681, 0.9991778135299683, -0.005783045664429665]], [[0.9999118447303772, -0.01131878886371851, 0.00693693058565259], [0.010837472043931484, 0.9977687001228333, 0.06587997823953629], [-0.007667132653295994, -0.06579899787902832, 0.9978033900260925]], [[0.985194981098175, 0.06484561413526535, 0.1587006151676178], [-0.09823733568191528, 0.9721871018409729, 0.21260684728622437], [-0.1405000537633896, -0.22504951059818268, 0.964164137840271]], [[0.9946218729019165, -0.014077565632760525, -0.10261160880327225], [0.03943457826972008, 0.9675719738006592, 0.2494984269142151], [0.09577178210020065, -0.2522030472755432, 0.9629234075546265]], [[0.9998847842216492, -0.014691106975078583, 0.003822388593107462], [0.014628332108259201, 0.9997655749320984, 0.015962935984134674], [-0.004056005738675594, -0.01590518094599247, 0.9998652935028076]], [[0.9752423167228699, -0.22113147377967834, -0.0018029711209237576], [0.2165367305278778, 0.9532602429389954, 0.21072918176651], [-0.044880159199237823, -0.20590244233608246, 0.9775428175926208]], [[0.9762691855430603, 0.2139177918434143, -0.033730752766132355], [-0.2036774903535843, 0.9599053263664246, 0.19260631501674652], [0.07358024269342422, -0.1811653971672058, 0.9806962013244629]], [[0.9923262000083923, 0.09304405748844147, -0.08143413811922073], [-0.06419866532087326, 0.9505726099014282, 0.3037930428981781], [0.10567520558834076, -0.2962338328361511, 0.9492514133453369]], [[0.9863194227218628, 0.1455962210893631, -0.0773032009601593], [-0.13364244997501373, 0.9807887673377991, 0.14210279285907745], [0.0965077355504036, -0.12982775270938873, 0.9868288636207581]], [[0.9623729586601257, -0.26667532324790955, 0.05217819660902023], [0.26545077562332153, 0.9636801481246948, 0.029266534373164177], [-0.058087751269340515, -0.014314580708742142, 0.9982088804244995]], [[0.9953246116638184, -0.038737282156944275, -0.08847852796316147], [0.045323412865400314, 0.9962512254714966, 0.07368386536836624], [0.0852925255894661, -0.07734949886798859, 0.9933490753173828]], [[0.8823208808898926, 0.3100956082344055, -0.3540487289428711], [-0.152795672416687, 0.9002408385276794, 0.40770071744918823], [0.4451553523540497, -0.3056257665157318, 0.8416825532913208]], [[0.8650287985801697, -0.5015838742256165, -0.01178131252527237], [0.5008622407913208, 0.8619337677955627, 0.07878538966178894], [-0.029362767934799194, -0.07405244559049606, 0.996821939945221]], [[-0.0013726881006732583, -0.08645354211330414, -0.9962549209594727], [0.6472681760787964, 0.7593310475349426, -0.06678546965122223], [0.7622610926628113, -0.6449357867240906, 0.054916299879550934]], [[0.8548518419265747, 0.06886287033557892, 0.5142821669578552], [-0.21803408861160278, 0.9470746517181396, 0.23560713231563568], [-0.4708390533924103, -0.3135402500629425, 0.8246229887008667]], [[0.9578123688697815, -0.27310073375701904, -0.08950649201869965], [0.2678479850292206, 0.9611672163009644, -0.06644608825445175], [0.10417717695236206, 0.03966875374317169, 0.9937673211097717]], [[0.990432620048523, 0.1304611712694168, 0.044979389756917953], [-0.1306067705154419, 0.9914342164993286, 0.0003012708621099591], [-0.044554803520441055, -0.006173002067953348, 0.9989879131317139]], [[0.9667121767997742, 0.24294766783714294, -0.08027557283639908], [-0.22941900789737701, 0.9619375467300415, 0.1484687775373459], [0.11329024285078049, -0.12510980665683746, 0.9856535792350769]], [[0.9738314747810364, -0.21173056960105896, 0.08259837329387665], [0.19858908653259277, 0.9694790840148926, 0.14378033578395844], [-0.11052007228136063, -0.12361467629671097, 0.9861566424369812]]]], "pred_betas": [[-0.04065028578042984, 0.019572509452700615, 0.49543681740760803, 0.8725789785385132, 0.15476953983306885, 0.26483356952667236, -0.2663346529006958, 0.3494560122489929, 0.7533491849899292, 0.038042694330215454]], "pred_camera": [1.2870575189590454, 0.047101374715566635, 0.39474982023239136]}