{"pred_joints_img": [[384.6536865234375, 141.72836303710938, -44.04133987426758], [387.40069580078125, 177.84539794921875, -8.068269729614258], [341.1957702636719, 193.0126495361328, -2.6032867431640625], [284.4237060546875, 221.72384643554688, -0.08441905677318573], [243.210205078125, 209.21551513671875, -46.91245651245117], [429.6738586425781, 204.01841735839844, -2.427234172821045], [468.5520935058594, 256.46026611328125, -8.716302871704102], [500.687744140625, 242.45477294921875, -60.04515838623047], [377.277099609375, 304.96990966796875, 6.564003944396973], [359.5667419433594, 326.7561950683594, 1.7719529867172241], [329.18035888671875, 371.62713623046875, -77.47122955322266], [316.8922424316406, 450.86358642578125, -17.88433074951172], [392.8007507324219, 329.47576904296875, 5.969948768615723], [439.01983642578125, 373.9996337890625, -62.228782653808594], [420.934814453125, 458.96728515625, -13.099604606628418], [378.1459655761719, 134.07887268066406, -32.17771530151367], [394.76611328125, 134.19839477539062, -35.2559814453125], [371.6125183105469, 144.0580596923828, -8.468130111694336], [408.4541015625, 144.20484924316406, -15.121094703674316], [442.0513916015625, 481.3408203125, -52.23137664794922], [450.1472473144531, 480.3386535644531, -33.084808349609375], [415.9710998535156, 463.2418212890625, 3.4755945205688477], [309.6021728515625, 474.6704406738281, -61.16735076904297], [293.6300048828125, 469.2608642578125, -47.289424896240234], [315.3736267089844, 456.72198486328125, -0.3847234547138214], [316.8922424316406, 450.86358642578125, -17.88433074951172], [329.18035888671875, 371.62713623046875, -77.47122955322266], [343.4596252441406, 296.9996643066406, 8.049400329589844], [410.7225341796875, 300.8906555175781, 14.39845085144043], [439.01983642578125, 373.9996337890625, -62.228782653808594], [420.934814453125, 458.96728515625, -13.099604606628418], [243.210205078125, 209.21551513671875, -46.91245651245117], [284.4237060546875, 221.72384643554688, -0.08441905677318573], [341.1957702636719, 193.0126495361328, -2.6032867431640625], [429.6738586425781, 204.01841735839844, -2.427234172821045], [468.5520935058594, 256.46026611328125, -8.716302871704102], [500.687744140625, 242.45477294921875, -60.04515838623047], [387.606689453125, 178.00027465820312, -8.948420524597168], [391.4296875, 110.0023193359375, -7.85861349105835], [376.5329284667969, 300.4452819824219, 15.91230583190918], [386.608642578125, 192.25772094726562, -3.580792188644409], [380.8554992675781, 238.15066528320312, 8.86545467376709], [389.1279296875, 154.114501953125, -27.726530075073242], [390.67889404296875, 126.18778991699219, -8.302666664123535], [384.6536865234375, 141.72836303710938, -44.04133987426758], [394.76611328125, 134.19839477539062, -35.2559814453125], [378.1459655761719, 134.07887268066406, -32.17771530151367], [408.4541015625, 144.20484924316406, -15.121094703674316], [371.6125183105469, 144.0580596923828, -8.468130111694336]], "pred_body_pose": [[2.9411585330963135, 0.08718261122703552, 0.16418799757957458, -0.8287401795387268, 0.06695403903722763, 0.3905816674232483, -0.8071826696395874, -0.010339793749153614, -0.30552205443382263, 0.5341980457305908, -0.03716583177447319, 0.02098163217306137, 1.4855931997299194, 0.023581253364682198, -0.18026795983314514, 1.5517555475234985, 0.0556669607758522, 0.13257430493831635, -0.060098208487033844, -0.029228422790765762, -0.020028674975037575, -0.206401064991951, 0.1331705003976822, -0.06845841556787491, -0.2398606836795807, -0.11739709228277206, 0.05033008009195328, -0.006302109453827143, -0.018704477697610855, -0.00579602038487792, -0.2470342367887497, 0.05025387555360794, 0.1985470950603485, -0.21194760501384735, -0.0418146476149559, -0.23188060522079468, -0.28746917843818665, -0.17340458929538727, -0.010178076103329659, -0.06161774694919586, -0.0726073682308197, -0.2501928210258484, -0.06921778619289398, 0.005329926032572985, 0.1323084533214569, -0.08265242725610733, -0.03056090511381626, 0.09235428273677826, -0.20025064051151276, -0.27696889638900757, -0.5102205872535706, -0.21341553330421448, 0.07513383775949478, 0.37500107288360596, -0.40073251724243164, -1.1700624227523804, 0.47879546880722046, -0.3503784239292145, 0.9736552834510803, -0.32532069087028503, 0.01840915158390999, -0.059094738215208054, 0.23473967611789703, 0.007797819096595049, 0.06452396512031555, -0.18757164478302002, -0.1390012949705124, -0.10283456742763519, -0.2226227968931198, -0.1207444816827774, 0.0963744968175888, 0.21092326939105988]], "pred_rotmat": [[[[0.9921168088912964, 0.04772000387310982, 0.1158747747540474], [0.06926313787698746, -0.9793980717658997, -0.18968971073627472], [0.1044355183839798, 0.19622021913528442, -0.974982500076294]], [[0.9268500804901123, -0.3637683093547821, -0.09285267442464828], [0.31207460165023804, 0.6090124249458313, 0.7291867733001709], [-0.2087065875530243, -0.7048237323760986, 0.6779860854148865]], [[0.9561044573783875, 0.27289527654647827, 0.10673552751541138], [-0.2650546431541443, 0.650111973285675, 0.7121099233627319], [0.124941386282444, -0.7091421484947205, 0.6939071416854858]], [[0.9991108179092407, -0.029683319851756096, -0.029940936714410782], [0.010300029069185257, 0.8604835271835327, -0.5093740820884705], [0.04088360071182251, 0.5086127519607544, 0.8600241541862488]], [[0.9863373041152954, 0.13459579646587372, -0.09498792141675949], [-0.10563385486602783, 0.07428199797868729, -0.9916267991065979], [-0.12641289830207825, 0.9881124496459961, 0.08748497813940048]], [[0.991592526435852, -0.049936722964048386, 0.11937572807073593], [0.12019143253564835, 0.013653051108121872, -0.9926567673683167], [0.04794018343091011, 0.9986590147018433, 0.019540229812264442]], [[0.9993725419044495, 0.020890366286039352, -0.028603117913007736], [-0.01913449726998806, 0.9979943633079529, 0.06034204736351967], [0.029806315898895264, -0.05975687876343727, 0.9977678656578064]], [[0.9888501167297363, 0.05404996871948242, 0.13875873386859894], [-0.08138789236545563, 0.9764838814735413, 0.19963784515857697], [-0.1247052401304245, -0.20870520174503326, 0.9699952006340027]], [[0.9918924570083618, -0.0357198566198349, -0.12195654958486557], [0.06370595097541809, 0.9701512455940247, 0.23398320376873016], [0.10995844751596451, -0.2398555427789688, 0.9645612835884094]], [[0.9998083114624023, 0.005854547955095768, -0.01868489570915699], [-0.005736673716455698, 0.9999633431434631, 0.006355868652462959], [0.01872142031788826, -0.006247460842132568, 0.9998052716255188]], [[0.9792060852050781, -0.20131124556064606, 0.02508159540593624], [0.18900299072265625, 0.9502061009407043, 0.24776260554790497], [-0.07371008396148682, -0.23787018656730652, 0.9684960246086121]], [[0.9724730253219604, 0.23241271078586578, -0.016749901697039604], [-0.223624125123024, 0.9510664343833923, 0.21322499215602875], [0.06548646837472916, -0.2036098688840866, 0.9768595695495605]], [[0.9850549101829529, 0.03467858210206032, -0.16871334612369537], [0.014703013002872467, 0.9590163826942444, 0.28296878933906555], [0.17161183059215546, -0.281220406293869, 0.9441739320755005]], [[0.9662680625915527, 0.24943877756595612, -0.06408099830150604], [-0.24499152600765228, 0.9670011401176453, 0.06991320848464966], [0.07940546423196793, -0.05185559764504433, 0.995492696762085]], [[0.9912493228912354, -0.13200081884860992, 0.0007395796128548682], [0.13163258135318756, 0.9888724684715271, 0.06931246817111969], [-0.009880652651190758, -0.0686085894703865, 0.9975947737693787]], [[0.9952747225761414, -0.09084241837263107, -0.03428944945335388], [0.09336492419242859, 0.992330014705658, 0.0810188353061676], [0.02666650339961052, -0.08383744210004807, 0.9961224794387817]], [[0.8367117047309875, 0.5056203007698059, -0.21038450300693512], [-0.45187845826148987, 0.8544492721557617, 0.25636357069015503], [0.3093855082988739, -0.1194341704249382, 0.9434066414833069]], [[0.9280261993408203, -0.3710169196128845, 0.03337480500340462], [0.35523688793182373, 0.9083924889564514, 0.22052177786827087], [-0.11213473230600357, -0.19279401004314423, 0.9748108983039856]], [[0.3113318681716919, -0.14824655652046204, -0.9386668801307678], [0.5523082613945007, 0.8320302367210388, 0.05178147926926613], [0.7733227610588074, -0.5345547199249268, 0.340915322303772]], [[0.5227611660957336, 0.11068332940340042, 0.8452631831169128], [-0.41966623067855835, 0.8964773416519165, 0.14215700328350067], [-0.7420248985290527, -0.4290425777435303, 0.5150936245918274]], [[0.9708461761474609, -0.23298205435276031, -0.05636591091752052], [0.23189949989318848, 0.972415030002594, -0.025130808353424072], [0.06066608801484108, 0.011326921172440052, 0.998093843460083]], [[0.9803913235664368, 0.18659290671348572, 0.06337209045886993], [-0.18609140813350677, 0.9824358224868774, -0.013778293505311012], [-0.06482994556427002, 0.0017151167849078774, 0.9978948831558228]], [[0.9701306223869324, 0.22678618133068085, -0.08610789477825165], [-0.21258646249771118, 0.965786337852478, 0.14853887259960175], [0.11684838682413101, -0.12579673528671265, 0.9851505756378174]], [[0.9732644557952881, -0.214313805103302, 0.08261874318122864], [0.20274324715137482, 0.9706339240074158, 0.12947963178157806], [-0.10794182866811752, -0.10926754027605057, 0.9881341457366943]]]], "pred_betas": [[-0.04494505375623703, 0.265583872795105, 0.7590173482894897, 0.8579167127609253, 0.19602540135383606, 0.2613186240196228, -0.37628406286239624, 0.36837950348854065, 0.7504379749298096, 0.05994848906993866]], "pred_camera": [1.2574105262756348, 0.014388002455234528, 0.3682918846607208]}