{"pred_joints_img": [[385.7860412597656, 143.00439453125, -44.924930572509766], [384.8315734863281, 178.92276000976562, -8.802207946777344], [338.67095947265625, 196.17453002929688, -5.411474227905273], [284.21435546875, 228.51730346679688, -4.400696277618408], [235.798095703125, 226.2581787109375, -45.070899963378906], [427.6492919921875, 202.44790649414062, -0.2501305639743805], [473.52789306640625, 248.60641479492188, -4.770824909210205], [501.3919677734375, 222.27493286132812, -53.29014205932617], [377.0458679199219, 306.3831787109375, 6.748547077178955], [359.5459899902344, 328.46246337890625, 2.3214643001556396], [328.1314697265625, 374.3235778808594, -75.17262268066406], [315.18017578125, 449.693603515625, -11.801745414733887], [392.8527526855469, 330.7410888671875, 6.908000946044922], [439.08795166015625, 374.3191223144531, -60.97883605957031], [422.24224853515625, 457.14697265625, -9.056196212768555], [378.71795654296875, 134.98532104492188, -33.64009094238281], [395.4992370605469, 135.78475952148438, -35.41839599609375], [369.92352294921875, 144.49046325683594, -10.391609191894531], [407.1991271972656, 146.02037048339844, -14.259127616882324], [443.1332702636719, 479.94195556640625, -47.89134216308594], [451.4610595703125, 478.3404541015625, -28.847606658935547], [417.5085144042969, 461.0715637207031, 7.649280071258545], [307.65618896484375, 474.8577575683594, -54.11676788330078], [291.79364013671875, 468.6435546875, -40.50265884399414], [313.55755615234375, 454.90380859375, 5.854931354522705], [315.18017578125, 449.693603515625, -11.801745414733887], [328.1314697265625, 374.3235778808594, -75.17262268066406], [343.0645446777344, 298.76251220703125, 7.792287349700928], [410.6822204589844, 301.8106384277344, 14.958715438842773], [439.08795166015625, 374.3191223144531, -60.97883605957031], [422.24224853515625, 457.14697265625, -9.056196212768555], [235.798095703125, 226.2581787109375, -45.070899963378906], [284.21435546875, 228.51730346679688, -4.400696277618408], [338.67095947265625, 196.17453002929688, -5.411474227905273], [427.6492919921875, 202.44790649414062, -0.2501305639743805], [473.52789306640625, 248.60641479492188, -4.770824909210205], [501.3919677734375, 222.27493286132812, -53.29014205932617], [385.31072998046875, 179.02284240722656, -9.565848350524902], [391.100341796875, 111.18368530273438, -8.56636905670166], [376.25994873046875, 301.6723937988281, 16.05869483947754], [384.2181091308594, 193.10214233398438, -4.0907206535339355], [379.6278381347656, 239.50857543945312, 7.705119609832764], [388.55072021484375, 155.4234161376953, -28.265995025634766], [389.73834228515625, 127.33106994628906, -8.955345153808594], [385.7860412597656, 143.00439453125, -44.924930572509766], [395.4992370605469, 135.78475952148438, -35.41839599609375], [378.71795654296875, 134.98532104492188, -33.64009094238281], [407.1991271972656, 146.02037048339844, -14.259127616882324], [369.92352294921875, 144.49046325683594, -10.391609191894531]], "pred_body_pose": [[2.9689245223999023, 0.07023404538631439, 0.17853738367557526, -0.8592225313186646, 0.05631038546562195, 0.38552647829055786, -0.8095660209655762, -0.009594837203621864, -0.3373948633670807, 0.522415041923523, -0.026448747143149376, 0.026170406490564346, 1.5190576314926147, 0.013001307845115662, -0.18117965757846832, 1.5804944038391113, 0.06487515568733215, 0.1357913613319397, -0.0807550922036171, -0.012256704270839691, -0.015238837338984013, -0.22175036370754242, 0.13561676442623138, -0.07040052860975266, -0.25710320472717285, -0.11041823029518127, 0.04921630024909973, -0.003383814822882414, -0.002345386194065213, -0.003538877470418811, -0.24723820388317108, 0.03975297883152962, 0.20603369176387787, -0.21065115928649902, -0.04751790687441826, -0.23325535655021667, -0.2960323691368103, -0.141806498169899, -0.055150020867586136, -0.08040130883455276, -0.03317714110016823, -0.20641863346099854, -0.06434288620948792, -0.0020425377879291773, 0.1548609584569931, -0.07552280277013779, -0.04125203192234039, 0.059062812477350235, -0.22278621792793274, -0.28861668705940247, -0.45819348096847534, -0.22036372125148773, 0.07066043466329575, 0.3912130892276764, -0.36164391040802, -1.2950849533081055, 0.5316610932350159, -0.38818466663360596, 0.7746367454528809, -0.27818965911865234, 0.024846455082297325, -0.07657121121883392, 0.23466691374778748, 0.004605849739164114, 0.05721704661846161, -0.16152653098106384, -0.1324317753314972, -0.10083059221506119, -0.22394081950187683, -0.11789990216493607, 0.09506729990243912, 0.20304082334041595]], "pred_rotmat": [[[[0.9917404651641846, 0.036846186965703964, 0.1228545606136322], [0.05673449859023094, -0.9850679636001587, -0.16254910826683044], [0.11503078788518906, 0.16817660629749298, -0.979022204875946]], [[0.9295645952224731, -0.35327741503715515, -0.10537933558225632], [0.308378130197525, 0.588483989238739, 0.747388482093811], [-0.20202140510082245, -0.7272425293922424, 0.6559768915176392]], [[0.9465959072113037, 0.299408882856369, 0.1196264699101448], [-0.2921266257762909, 0.6394178867340088, 0.7112008929252625], [0.13644856214523315, -0.7081659436225891, 0.6927356719970703]], [[0.9993234276771545, -0.0317424014210701, -0.018574995920062065], [0.018238145858049393, 0.8662974238395691, -0.499195396900177], [0.0319371335208416, 0.4985189139842987, 0.8662902116775513]], [[0.9864793419837952, 0.1264212727546692, -0.1042884886264801], [-0.1102353110909462, 0.040974728763103485, -0.9930604696273804], [-0.12127077579498291, 0.991129994392395, 0.05435681343078613]], [[0.9908634424209595, -0.04415418952703476, 0.12743614614009857], [0.12688185274600983, -0.01514799427241087, -0.9918021559715271], [0.04572262614965439, 0.9989098906517029, -0.009407228790223598]], [[0.9998088479042053, 0.015715915709733963, -0.011627652682363987], [-0.014726702123880386, 0.9966251254081726, 0.08075553923845291], [0.012857559137046337, -0.08056887239217758, 0.9966660737991333]], [[0.9883962869644165, 0.05460679903626442, 0.14174209535121918], [-0.08449854701757431, 0.9730984568595886, 0.21433480083942413], [-0.12622487545013428, -0.22382473945617676, 0.9664210677146912]], [[0.9927417635917664, -0.034457653760910034, -0.11522319912910461], [0.06265610456466675, 0.9659677147865295, 0.2509594261646271], [0.10265440493822098, -0.2563573718070984, 0.9611154794692993]], [[0.9999909996986389, 0.003542827209457755, -0.0023393873125314713], [-0.003534893272444606, 0.9999879598617554, 0.003387948265299201], [0.0023513624910265207, -0.003379648318514228, 0.9999914765357971]], [[0.9781771302223206, -0.2073129564523697, 0.013812622055411339], [0.19757036864757538, 0.9486638903617859, 0.2469872683286667], [-0.06430721282958984, -0.2388683557510376, 0.9689202308654785]], [[0.9719047546386719, 0.23430994153022766, -0.022360146045684814], [-0.22438426315784454, 0.9510234594345093, 0.21261705458164215], [0.07108332216739655, -0.201626256108284, 0.9768797159194946]], [[0.9885311722755432, 0.07493393123149872, -0.13111460208892822], [-0.03334074467420578, 0.9550787210464478, 0.2944709062576294], [0.14729061722755432, -0.28672221302986145, 0.9466234445571899]], [[0.9782365560531616, 0.20602501928806305, -0.024636872112751007], [-0.2033686637878418, 0.9755659699440002, 0.08314055949449539], [0.04116392508149147, -0.07632075995206833, 0.996233344078064]], [[0.9880350232124329, -0.15407046675682068, -0.007003409788012505], [0.15420158207416534, 0.9859719276428223, 0.06388390064239502], [-0.0029374570585787296, -0.06419946998357773, 0.9979327321052551]], [[0.9974073171615601, -0.057399313896894455, -0.0434054471552372], [0.060511961579322815, 0.9954081177711487, 0.07416863739490509], [0.038948904722929, -0.07660289108753204, 0.9963006973266602]], [[0.8575213551521301, 0.46369659900665283, -0.22280611097812653], [-0.401213139295578, 0.8738787770271301, 0.2745247483253479], [0.32200172543525696, -0.1460181027650833, 0.9354108572006226]], [[0.9223307967185974, -0.3855331540107727, 0.025884807109832764], [0.3702283799648285, 0.9009196758270264, 0.22643914818763733], [-0.1106199324131012, -0.19926853477954865, 0.9736812710762024]], [[0.1793137490749359, -0.16871397197246552, -0.9692173004150391], [0.5609530210494995, 0.826873242855072, -0.04015456140041351], [0.8081945180892944, -0.5364850759506226, 0.24291035532951355]], [[0.6840143799781799, 0.10109459608793259, 0.7224293351173401], [-0.3816092610359192, 0.8936174511909485, 0.2362671196460724], [-0.6216901540756226, -0.4372958242893219, 0.6498258113861084]], [[0.9696900844573975, -0.23321343958377838, -0.07288774102926254], [0.23132067918777466, 0.9722995162010193, -0.03353073447942734], [0.07868853956460953, 0.015653979033231735, 0.996776282787323]], [[0.9853535890579224, 0.16086800396442413, 0.05656614899635315], [-0.16060514748096466, 0.9869758486747742, -0.009193054400384426], [-0.05730830132961273, -2.640453021740541e-05, 0.9983564019203186]], [[0.970037043094635, 0.22767971456050873, -0.08479484915733337], [-0.21441294252872467, 0.9663752317428589, 0.1419370472431183], [0.11425981670618057, -0.11950307339429855, 0.9862372279167175]], [[0.9750024080276489, -0.20645077526569366, 0.08214852213859558], [0.19530215859413147, 0.972584068775177, 0.12624290585517883], [-0.10595929622650146, -0.10704334825277328, 0.9885920882225037]]]], "pred_betas": [[-0.06793688237667084, 0.1384439617395401, 0.7913354635238647, 0.9146707653999329, 0.18372145295143127, 0.32153013348579407, -0.3559250831604004, 0.3976672887802124, 0.7466781139373779, 0.07238180190324783]], "pred_camera": [1.255834698677063, 0.02320404350757599, 0.37618499994277954]}