{"pred_joints_img": [[380.260986328125, 143.72377014160156, -41.33966064453125], [386.82080078125, 181.7651824951172, -8.517436027526855], [341.7873229980469, 194.4962158203125, 1.958411455154419], [281.19305419921875, 207.6387939453125, -11.621950149536133], [277.8253173828125, 150.22244262695312, -38.45137023925781], [428.2884216308594, 209.96426391601562, -9.576272010803223], [460.5647888183594, 266.63580322265625, -5.405228614807129], [491.7055358886719, 306.7463684082031, -41.011173248291016], [375.6958923339844, 307.5009765625, 6.531551837921143], [357.6300048828125, 328.7950134277344, 3.1689682006835938], [328.0722351074219, 371.2584228515625, -77.10289764404297], [309.1873474121094, 454.84564208984375, -26.51848030090332], [390.572265625, 331.978759765625, 6.077017307281494], [433.24627685546875, 381.8745422363281, -60.08932876586914], [413.8265075683594, 461.88189697265625, -4.358880043029785], [376.2142028808594, 136.52789306640625, -28.37340545654297], [391.9598693847656, 137.41661071777344, -34.009925842285156], [372.8710632324219, 147.5238494873047, -4.718300819396973], [407.871337890625, 149.39688110351562, -16.988758087158203], [432.0165710449219, 488.2966003417969, -41.91230773925781], [441.5180358886719, 485.6827392578125, -23.778776168823242], [409.1683654785156, 464.81231689453125, 12.625320434570312], [302.6566162109375, 475.77899169921875, -71.13817596435547], [286.60107421875, 470.6877136230469, -57.49236297607422], [306.98724365234375, 461.87091064453125, -9.600900650024414], [309.1873474121094, 454.84564208984375, -26.51848030090332], [328.0722351074219, 371.2584228515625, -77.10289764404297], [342.2189025878906, 298.96514892578125, 9.159473419189453], [409.0140686035156, 303.67401123046875, 12.6939115524292], [433.24627685546875, 381.8745422363281, -60.08932876586914], [413.8265075683594, 461.88189697265625, -4.358880043029785], [277.8253173828125, 150.22244262695312, -38.45137023925781], [281.19305419921875, 207.6387939453125, -11.621950149536133], [341.7873229980469, 194.4962158203125, 1.958411455154419], [428.2884216308594, 209.96426391601562, -9.576272010803223], [460.5647888183594, 266.63580322265625, -5.405228614807129], [491.7055358886719, 306.7463684082031, -41.011173248291016], [386.8638916015625, 181.85977172851562, -9.148663520812988], [394.25970458984375, 115.03956604003906, -5.563833236694336], [375.2644348144531, 302.5416564941406, 15.635184288024902], [386.2928161621094, 195.94497680664062, -4.438729286193848], [380.8358154296875, 241.34144592285156, 7.7137451171875], [386.3998718261719, 157.30648803710938, -26.742013931274414], [392.49365234375, 130.9420928955078, -6.708053112030029], [380.260986328125, 143.72377014160156, -41.33966064453125], [391.9598693847656, 137.41661071777344, -34.009925842285156], [376.2142028808594, 136.52789306640625, -28.37340545654297], [407.871337890625, 149.39688110351562, -16.988758087158203], [372.8710632324219, 147.5238494873047, -4.718300819396973]], "pred_body_pose": [[2.97708797454834, 0.11880271881818771, 0.11073492467403412, -0.7976357936859131, 0.08650636672973633, 0.386358380317688, -0.8682036995887756, 0.042330894619226456, -0.284488707780838, 0.5041653513908386, -0.053538549691438675, 0.019480684772133827, 1.5011749267578125, 0.013640820980072021, -0.17413046956062317, 1.4651023149490356, 0.07291990518569946, 0.1268608719110489, -0.06700072437524796, -0.07208408415317535, 0.0011959678959101439, -0.20635850727558136, 0.1375313401222229, -0.08497203886508942, -0.20245417952537537, -0.13225317001342773, 0.0794091746211052, -0.015911292284727097, -0.04767359420657158, -0.01411602646112442, -0.22066563367843628, 0.0051003722473979, 0.2547166049480438, -0.219218909740448, -0.056828975677490234, -0.258588969707489, -0.3151782751083374, -0.1834959089756012, 0.01900620013475418, -0.00027270845021121204, -0.11408975720405579, -0.2903870642185211, -0.17959080636501312, 0.04260042682290077, 0.07649176567792892, -0.09549031406641006, -0.047767627984285355, 0.03401290625333786, -0.042163778096437454, -0.10646550357341766, -0.6018459796905518, -0.42170053720474243, 0.3220027983188629, 0.2186926007270813, -0.25584647059440613, -0.5493215918540955, 0.17433510720729828, -0.559662401676178, 1.4441258907318115, -0.6323510408401489, 0.02478576824069023, -0.038508340716362, 0.12298217415809631, -0.008319661021232605, 0.0881805494427681, -0.2356683760881424, -0.15838058292865753, -0.10315278172492981, -0.2236768752336502, -0.13137558102607727, 0.09347092360258102, 0.23235367238521576]], "pred_rotmat": [[[[0.9941036701202393, 0.07314585149288177, 0.08004789054393768], [0.08498586714267731, -0.984059751033783, -0.156217560172081], [0.06734523922204971, 0.16209937632083893, -0.9844737648963928]], [[0.9266663193702698, -0.36956262588500977, -0.0686514601111412], [0.30500292778015137, 0.6325291991233826, 0.7119550704956055], [-0.21968795359134674, -0.6806836724281311, 0.6988611817359924]], [[0.9614413380622864, 0.229322150349617, 0.15179593861103058], [-0.2635824382305145, 0.6109384298324585, 0.7465109825134277], [0.07845351099967957, -0.7577371597290039, 0.6478267312049866]], [[0.9984115958213806, -0.031864654272794724, -0.04646458104252815], [0.00544646754860878, 0.8754260540008545, -0.4833213686943054], [0.05607717111706734, 0.4823005795478821, 0.8742090463638306]], [[0.9874373078346252, 0.12344732135534286, -0.09863195568323135], [-0.10658268630504608, 0.05953596904873848, -0.9925198554992676], [-0.11665176600217819, 0.9905636310577393, 0.07194538414478302]], [[0.9910941123962402, -0.041304830461740494, 0.12659549713134766], [0.13018104434013367, 0.1004580706357956, -0.9863879680633545], [0.02802504599094391, 0.99408358335495, 0.1049405112862587]], [[0.9974033832550049, 0.0012188568944111466, -0.07200779765844345], [0.0036069329362362623, 0.9977565407752991, 0.06684953719377518], [0.07192772626876831, -0.06693567335605621, 0.9951613545417786]], [[0.9870070815086365, 0.06989288330078125, 0.14467886090278625], [-0.09811151772737503, 0.9752402305603027, 0.19819341599941254], [-0.12724432349205017, -0.2098129689693451, 0.9694263339042664]], [[0.9881656765937805, -0.0652390569448471, -0.13882485032081604], [0.09187001734972, 0.9764806032180786, 0.19505248963832855], [0.12283474206924438, -0.20549803972244263, 0.9709181189537048]], [[0.9987642765045166, 0.014488806948065758, -0.047539662569761276], [-0.013730422593653202, 0.9997738599777222, 0.016240470111370087], [0.047764211893081665, -0.015567660331726074, 0.9987373352050781]], [[0.9678528308868408, -0.25047874450683594, -0.022834205999970436], [0.24936385452747345, 0.9437485933303833, 0.2171548306941986], [-0.032842911779880524, -0.21586792171001434, 0.9758700728416443]], [[0.9652947783470154, 0.2596946358680725, -0.027650656178593636], [-0.24735881388187408, 0.9431010484695435, 0.22220297157764435], [0.08378227800130844, -0.2076517641544342, 0.974608302116394]], [[0.9831723570823669, 0.010010475292801857, -0.18240629136562347], [0.04718354716897011, 0.9507023096084595, 0.3064945638179779], [0.1764822155237198, -0.3099434971809387, 0.9342318773269653]], [[0.9517229795455933, 0.2857142984867096, -0.1122085303068161], [-0.28568342328071594, 0.9581785202026367, 0.01669946499168873], [0.11228708177804947, 0.016162853688001633, 0.993544340133667]], [[0.9961798787117004, -0.07979650050401688, 0.035471778362989426], [0.07217124849557877, 0.9810113906860352, 0.1800222545862198], [-0.04916335642337799, -0.1767745018005371, 0.9830228090286255]], [[0.9982824325561523, -0.031663473695516586, -0.049289967864751816], [0.03622005507349968, 0.9948676824569702, 0.09447908401489258], [0.046045467257499695, -0.09610210359096527, 0.9943057894706726]], [[0.818992555141449, 0.5670728087425232, -0.08763326704502106], [-0.5627225041389465, 0.8236234784126282, 0.07062357664108276], [0.11222553998231888, -0.00852697342634201, 0.9936461448669434]], [[0.9263002872467041, -0.2729359269142151, 0.25975698232650757], [0.14083322882652283, 0.8902339339256287, 0.4331853687763214], [-0.34947633743286133, -0.3646773397922516, 0.8630623817443848]], [[0.8393567800521851, -0.09503660351037979, -0.5352086424827576], [0.23098315298557281, 0.9536420106887817, 0.19290870428085327], [0.4920640289783478, -0.28554341197013855, 0.822397768497467]], [[0.02140413597226143, 0.05779657140374184, 0.9980989098548889], [-0.6942607760429382, 0.7192258834838867, -0.026759613305330276], [-0.7194052338600159, -0.6923681497573853, 0.055520299822092056]], [[0.9917080998420715, -0.12310601025819778, -0.03687598183751106], [0.12215293198823929, 0.9921417832374573, -0.027079207822680473], [0.03991981968283653, 0.022350164130330086, 0.9989528059959412]], [[0.9685091972351074, 0.2328217476606369, 0.08822712302207947], [-0.2335515171289444, 0.9723421335220337, -0.002103865146636963], [-0.08627678453922272, -0.018567966297268867, 0.9960981607437134]], [[0.9698802828788757, 0.22860412299633026, -0.0840979516506195], [-0.21238313615322113, 0.9627097845077515, 0.16758082807064056], [0.11927157640457153, -0.14467233419418335, 0.9822648763656616]], [[0.9688460230827332, -0.23536768555641174, 0.07706853747367859], [0.22316953539848328, 0.9646129608154297, 0.14041823148727417], [-0.10739121586084366, -0.11884428560733795, 0.9870883226394653]]]], "pred_betas": [[0.026860961690545082, 0.2515900433063507, 0.5230858325958252, 0.7531627416610718, 0.1763729453086853, 0.19540299475193024, -0.40207716822624207, 0.37539952993392944, 0.6995947360992432, 0.04981016367673874]], "pred_camera": [1.2316323518753052, -0.05271114408969879, 0.36259496212005615]}