{"pred_joints_img": [[382.7969970703125, 147.4502716064453, -39.10816192626953], [389.9256896972656, 183.6221466064453, -4.336993217468262], [344.8299255371094, 195.39715576171875, 7.152477741241455], [283.1114807128906, 203.45626831054688, -6.067873954772949], [289.8765869140625, 144.23007202148438, -28.349048614501953], [430.73883056640625, 213.35916137695312, -7.5088791847229], [459.53900146484375, 272.08050537109375, -3.908949375152588], [484.7333984375, 320.9844665527344, -32.91239547729492], [377.197265625, 310.05926513671875, 6.552618980407715], [359.0744323730469, 331.3331604003906, 2.200632333755493], [328.77764892578125, 373.45855712890625, -78.19017028808594], [312.36676025390625, 453.85028076171875, -21.611875534057617], [392.1868896484375, 334.6181640625, 5.131389617919922], [438.3603820800781, 382.59765625, -60.32280349731445], [416.5657043457031, 461.00927734375, -2.942859172821045], [378.42291259765625, 139.5497283935547, -26.631013870239258], [394.2937316894531, 140.4474639892578, -32.04045867919922], [375.008544921875, 149.19451904296875, -2.2856969833374023], [410.2656555175781, 150.9600372314453, -14.052874565124512], [436.06781005859375, 488.14276123046875, -39.54275131225586], [445.0026550292969, 485.1153259277344, -21.118362426757812], [411.6255798339844, 463.2614440917969, 13.974533081054688], [305.39105224609375, 477.0438232421875, -65.12954711914062], [289.3731689453125, 471.50482177734375, -51.571781158447266], [310.4981689453125, 459.85101318359375, -4.3488850593566895], [312.36676025390625, 453.85028076171875, -21.611875534057617], [328.77764892578125, 373.45855712890625, -78.19017028808594], [343.4783630371094, 301.5486145019531, 9.390719413757324], [410.54962158203125, 306.3422546386719, 13.03808879852295], [438.3603820800781, 382.59765625, -60.32280349731445], [416.5657043457031, 461.00927734375, -2.942859172821045], [289.8765869140625, 144.23007202148438, -28.349048614501953], [283.1114807128906, 203.45626831054688, -6.067873954772949], [344.8299255371094, 195.39715576171875, 7.152477741241455], [430.73883056640625, 213.35916137695312, -7.5088791847229], [459.53900146484375, 272.08050537109375, -3.908949375152588], [484.7333984375, 320.9844665527344, -32.91239547729492], [389.7992248535156, 183.9691162109375, -5.412600994110107], [395.65411376953125, 116.07844543457031, -4.858401298522949], [376.6757507324219, 305.3762512207031, 15.87391185760498], [389.1836853027344, 198.04916381835938, -0.7241406440734863], [382.9676513671875, 243.60609436035156, 10.413661003112793], [388.9791564941406, 159.9652557373047, -23.654836654663086], [394.28643798828125, 132.19163513183594, -5.120500564575195], [382.7969970703125, 147.4502716064453, -39.10816192626953], [394.2937316894531, 140.4474639892578, -32.04045867919922], [378.42291259765625, 139.5497283935547, -26.631013870239258], [410.2656555175781, 150.9600372314453, -14.052874565124512], [375.008544921875, 149.19451904296875, -2.2856969833374023]], "pred_body_pose": [[2.9345767498016357, 0.11722081154584885, 0.11307940632104874, -0.7718711495399475, 0.09718292206525803, 0.4254167079925537, -0.8313112258911133, 0.03135145828127861, -0.28472504019737244, 0.5066403150558472, -0.05215238779783249, 0.00825570896267891, 1.5526654720306396, 0.020521657541394234, -0.17481395602226257, 1.5409551858901978, 0.07052931189537048, 0.12559421360492706, -0.048186447471380234, -0.09199346601963043, 0.000630238268058747, -0.21284745633602142, 0.10899875313043594, -0.053662531077861786, -0.22003105282783508, -0.1103372871875763, 0.05665886029601097, -0.02281785011291504, -0.05827457085251808, -0.01770864799618721, -0.21428707242012024, 0.031465720385313034, 0.2001456916332245, -0.20589666068553925, -0.06534579396247864, -0.20256419479846954, -0.24455447494983673, -0.1565275341272354, 0.0433611162006855, 0.020223399624228477, -0.12895232439041138, -0.3124593496322632, -0.18097873032093048, 0.027290036901831627, 0.06522394716739655, -0.07432129234075546, -0.025805190205574036, 0.03328949585556984, -0.014988787472248077, -0.10570784658193588, -0.6268271207809448, -0.4437088370323181, 0.34906816482543945, 0.18512210249900818, -0.13874754309654236, -0.41503599286079407, 0.09893829375505447, -0.5264303684234619, 1.5376869440078735, -0.6724573969841003, 0.07736699283123016, -0.033138763159513474, 0.08691058307886124, 0.023148078471422195, 0.09569275379180908, -0.23014909029006958, -0.17218969762325287, -0.10298621654510498, -0.22027894854545593, -0.13400228321552277, 0.09301412850618362, 0.23859719932079315]], "pred_rotmat": [[[[0.9939208626747131, 0.07109250873327255, 0.08406659215688705], [0.08656827360391617, -0.9764180779457092, -0.19777172803878784], [0.06802405416965485, 0.20384694635868073, -0.9766366481781006]], [[0.9108648896217346, -0.40693560242652893, -0.06876467168331146], [0.33671054244041443, 0.636405885219574, 0.693983793258667], [-0.23864448070526123, -0.6552792191505432, 0.7166993021965027]], [[0.9615502953529358, 0.23721608519554138, 0.13838154077529907], [-0.2616423964500427, 0.6381680965423584, 0.7240751385688782], [0.08345156162977219, -0.7324411869049072, 0.6756964921951294]], [[0.9986359477043152, -0.02083134837448597, -0.047879621386528015], [-0.005024764686822891, 0.8743756413459778, -0.4852237105369568], [0.051972631365060806, 0.48480233550071716, 0.8730782866477966]], [[0.9874158501625061, 0.1248118206858635, -0.09711860120296478], [-0.09892675280570984, 0.008356930688023567, -0.9950596690177917], [-0.12338358908891678, 0.9921452403068542, 0.020598994567990303]], [[0.9915381669998169, -0.03680436685681343, 0.12448899447917938], [0.12545298039913177, 0.025150099769234657, -0.9917807579040527], [0.03337094560265541, 0.9990059733390808, 0.029554501175880432]], [[0.9957722425460815, 0.001585324527695775, -0.0918433740735054], [0.0028435366693884134, 0.9988398551940918, 0.04807092249393463], [0.09181302785873413, -0.04812884330749512, 0.9946125149726868]], [[0.9926566481590271, 0.041584838181734085, 0.11359331756830215], [-0.06466905027627945, 0.9760285019874573, 0.20781314373016357], [-0.10222844034433365, -0.21363307535648346, 0.9715504050254822]], [[0.9923484921455383, -0.04398389160633087, -0.1153680831193924], [0.06813274323940277, 0.9743250012397766, 0.2145897001028061], [0.1029675081372261, -0.22080811858177185, 0.9698666930198669]], [[0.9981458783149719, 0.01836077868938446, -0.05803152918815613], [-0.017031554132699966, 0.9995830059051514, 0.023317568004131317], [0.05843546241521835, -0.02228596806526184, 0.9980423450469971]], [[0.9796241521835327, -0.20060423016548157, 0.009722264483571053], [0.19391024112701416, 0.9573220014572144, 0.21432065963745117], [-0.052300967276096344, -0.20806844532489777, 0.9767149686813354]], [[0.97751384973526, 0.20629467070102692, -0.043693188577890396], [-0.1929382085800171, 0.958591103553772, 0.20947054028511047], [0.08509655296802521, -0.19633027911186218, 0.976838231086731]], [[0.9869039058685303, -0.023738250136375427, -0.15955282747745514], [0.0617435984313488, 0.9693773984909058, 0.23768733441829681], [0.1490246206521988, -0.2444259375333786, 0.9581480026245117]], [[0.943414032459259, 0.30523040890693665, -0.12963137030601501], [-0.30781346559524536, 0.9514467120170593, 0.00011529170296853408], [0.12337252497673035, 0.03979350998997688, 0.9915621876716614]], [[0.9975084662437439, -0.06727604568004608, 0.02123512327671051], [0.062352631241083145, 0.981554388999939, 0.18072935938835144], [-0.033002182841300964, -0.17895497381687164, 0.9833036661148071]], [[0.9991135001182556, -0.032290663570165634, -0.027010122314095497], [0.03420737385749817, 0.9966861009597778, 0.0738016739487648], [0.02453750930726528, -0.07466018944978714, 0.996907114982605]], [[0.8046730756759644, 0.5861998796463013, -0.09418579936027527], [-0.5846680998802185, 0.8099657893180847, 0.046027958393096924], [0.10326886922121048, 0.01802998036146164, 0.9944900274276733]], [[0.9242100119590759, -0.24961233139038086, 0.2890148162841797], [0.09923060983419418, 0.8877861499786377, 0.4494318962097168], [-0.3687670826911926, -0.38669031858444214, 0.845270037651062]], [[0.9104947447776794, -0.06733937561511993, -0.40800073742866516], [0.12396513670682907, 0.9857221245765686, 0.11394993960857391], [0.39450201392173767, -0.15432868897914886, 0.9058425426483154]], [[-0.08069116622209549, 0.06498710066080093, 0.9946183562278748], [-0.6861463785171509, 0.7201747894287109, -0.10272081941366196], [-0.7229744791984558, -0.6907423734664917, -0.01352108083665371]], [[0.9956794381141663, -0.08797906339168549, -0.02970007248222828], [0.08541836589574814, 0.9932386875152588, -0.0786166861653328], [0.036415886133909225, 0.07574008405208588, 0.996462345123291]], [[0.9690989851951599, 0.22885480523109436, 0.09204663336277008], [-0.22665125131607056, 0.9733871221542358, -0.03386150300502777], [-0.09734638035297394, 0.011952666565775871, 0.9951786994934082]], [[0.9706537127494812, 0.22583532333374023, -0.08264417201280594], [-0.20823287963867188, 0.9612023234367371, 0.18091243505477905], [0.12029415369033813, -0.15839405357837677, 0.9800209403038025]], [[0.9674375057220459, -0.24147792160511017, 0.07584921270608902], [0.2291003316640854, 0.9628173112869263, 0.14316381514072418], [-0.10759983211755753, -0.12112496048212051, 0.986788272857666]]]], "pred_betas": [[0.021158423274755478, 0.2313481867313385, 0.548548698425293, 0.784671425819397, 0.2364618480205536, 0.22009877860546112, -0.32363763451576233, 0.3230585753917694, 0.7490487694740295, -0.016861967742443085]], "pred_camera": [1.2361915111541748, -0.02065848559141159, 0.3770582377910614]}