{"pred_joints_img": [[383.04248046875, 146.76536560058594, -39.915489196777344], [387.1185302734375, 180.8594207763672, -4.714195728302002], [343.0719909667969, 194.29547119140625, 3.8825154304504395], [287.8167724609375, 216.81716918945312, 17.733755111694336], [248.5852508544922, 189.52517700195312, -20.571516036987305], [427.4708557128906, 206.31817626953125, 3.149848222732544], [462.1170349121094, 257.08807373046875, 17.231998443603516], [503.8929138183594, 262.58538818359375, -25.28783416748047], [377.3399658203125, 304.4506530761719, 6.5440802574157715], [360.235595703125, 325.5160217285156, 2.0983657836914062], [331.4571533203125, 370.9066467285156, -73.17189025878906], [315.15142822265625, 448.62640380859375, -18.546171188354492], [392.3768310546875, 328.0645751953125, 6.480100154876709], [436.75189208984375, 377.8189697265625, -54.3059196472168], [420.16302490234375, 456.36248779296875, -1.1812496185302734], [377.3178405761719, 139.09605407714844, -28.419748306274414], [393.10357666015625, 139.30992126464844, -32.143280029296875], [372.1038818359375, 148.03648376464844, -5.049710750579834], [407.2511901855469, 148.4110870361328, -13.154207229614258], [440.7674865722656, 481.29840087890625, -36.664608001708984], [448.47039794921875, 478.520263671875, -18.2973575592041], [415.0322570800781, 459.44232177734375, 15.148914337158203], [307.49481201171875, 471.3320007324219, -60.2531852722168], [292.225830078125, 465.5732421875, -46.87583923339844], [313.552001953125, 454.61566162109375, -1.6423364877700806], [315.15142822265625, 448.62640380859375, -18.546171188354492], [331.4571533203125, 370.9066467285156, -73.17189025878906], [344.5835876464844, 296.6466064453125, 7.407217979431152], [409.7236328125, 300.2680358886719, 13.953693389892578], [436.75189208984375, 377.8189697265625, -54.3059196472168], [420.16302490234375, 456.36248779296875, -1.1812496185302734], [248.5852508544922, 189.52517700195312, -20.571516036987305], [287.8167724609375, 216.81716918945312, 17.733755111694336], [343.0719909667969, 194.29547119140625, 3.8825154304504395], [427.4708557128906, 206.31817626953125, 3.149848222732544], [462.1170349121094, 257.08807373046875, 17.231998443603516], [503.8929138183594, 262.58538818359375, -25.28783416748047], [387.25811767578125, 180.85675048828125, -5.1936936378479], [391.10186767578125, 115.24139404296875, -6.308597564697266], [376.5779724121094, 299.70404052734375, 15.238787651062012], [386.3178405761719, 194.31292724609375, 1.5381189584732056], [380.8393859863281, 239.41949462890625, 10.089912414550781], [388.0538635253906, 158.22120666503906, -24.148019790649414], [390.38018798828125, 130.8443603515625, -6.266182899475098], [383.04248046875, 146.76536560058594, -39.915489196777344], [393.10357666015625, 139.30992126464844, -32.143280029296875], [377.3178405761719, 139.09605407714844, -28.419748306274414], [407.2511901855469, 148.4110870361328, -13.154207229614258], [372.1038818359375, 148.03648376464844, -5.049710750579834]], "pred_body_pose": [[2.9628448486328125, 0.08558580279350281, 0.17896878719329834, -0.7580185532569885, 0.07554885745048523, 0.3825840353965759, -0.7978717684745789, 0.004406698048114777, -0.3118413984775543, 0.470003604888916, -0.045473504811525345, 0.022743595764040947, 1.4532403945922852, -0.01017551589757204, -0.1651938408613205, 1.4837912321090698, 0.06824712455272675, 0.12152255326509476, -0.06768057495355606, -0.03672788292169571, -0.02269716188311577, -0.1871640980243683, 0.16322819888591766, -0.09401971101760864, -0.2049434930086136, -0.15289832651615143, 0.08472025394439697, 0.02118506096303463, -0.02425466850399971, -0.012471525929868221, -0.25791966915130615, 0.028053835034370422, 0.2386612594127655, -0.23004382848739624, -0.039690278470516205, -0.28248608112335205, -0.2523064613342285, -0.19829213619232178, -0.0047230469062924385, -0.02378305047750473, 0.07419923692941666, -0.2836555540561676, -0.07830578088760376, -0.13756413757801056, 0.11960431933403015, -0.05906505510210991, -0.03772711753845215, 0.08862563967704773, -0.10609385371208191, -0.09119053184986115, -0.5560798048973083, -0.2368634194135666, -0.005288808606564999, 0.33329564332962036, -0.3216169476509094, -1.0798479318618774, 0.42369741201400757, -0.3886583745479584, 1.1519700288772583, -0.4321134090423584, 0.009961238130927086, -0.051626190543174744, 0.17034535109996796, -0.005195337813347578, 0.06425700336694717, -0.1609080582857132, -0.15341132879257202, -0.101495660841465, -0.22735607624053955, -0.1329069286584854, 0.09613541513681412, 0.21926268935203552]], "pred_rotmat": [[[[0.9911397695541382, 0.046767912805080414, 0.12431725859642029], [0.06741205602884293, -0.9835757613182068, -0.16743440926074982], [0.11444488912820816, 0.17433136701583862, -0.9780137538909912]], [[0.9284554123878479, -0.36484456062316895, -0.06970632076263428], [0.31096208095550537, 0.6608259081840515, 0.6830897331237793], [-0.20315784215927124, -0.65589439868927, 0.7270002365112305]], [[0.95427006483078, 0.27342212200164795, 0.1208675354719162], [-0.2767282724380493, 0.6549753546714783, 0.7031562924385071], [0.11309324204921722, -0.7044485211372375, 0.7006869912147522]], [[0.9987313747406006, -0.032394666224718094, -0.038552552461624146], [0.011417047120630741, 0.8913363218307495, -0.45319902896881104], [0.04904451221227646, 0.45218390226364136, 0.8905754089355469]], [[0.9885778427124023, 0.10611652582883835, -0.10701960325241089], [-0.11844873428344727, 0.10799398273229599, -0.9870699644088745], [-0.09318695962429047, 0.9884718060493469, 0.11932982504367828]], [[0.9919570684432983, -0.039349429309368134, 0.1203029677271843], [0.12320498377084732, 0.08231502026319504, -0.988961398601532], [0.029012329876422882, 0.995829164981842, 0.08650100976228714]], [[0.9990684986114502, 0.023915009573101997, -0.03592078387737274], [-0.021430574357509613, 0.9974534511566162, 0.06802448630332947], [0.03745611384510994, -0.06719131767749786, 0.9970368146896362]], [[0.9823624491691589, 0.07773298770189285, 0.17006364464759827], [-0.10810432583093643, 0.9781935811042786, 0.17734389007091522], [-0.15256968140602112, -0.19260059297084808, 0.969343900680542]], [[0.9848144054412842, -0.06812618672847748, -0.15968510508537292], [0.0992726981639862, 0.9755586385726929, 0.19603636860847473], [0.1424269676208496, -0.20891183614730835, 0.9675072431564331]], [[0.9996281266212463, 0.01221215259283781, -0.024381937459111214], [-0.012725939974188805, 0.9996978044509888, -0.021029619500041008], [0.02411775477230549, 0.02133208140730858, 0.9994814395904541]], [[0.9714246988296509, -0.2373293787240982, -0.0029839046765118837], [0.23016834259033203, 0.9388958215713501, 0.2559240162372589], [-0.05793670192360878, -0.24929767847061157, 0.966692328453064]], [[0.9597664475440979, 0.2807200849056244, -0.006677777972072363], [-0.27169129252433777, 0.934380054473877, 0.2304728776216507], [0.07093794643878937, -0.21938584744930267, 0.9730558395385742]], [[0.9804971814155579, 0.029443595558404922, -0.1943148523569107], [0.020158827304840088, 0.9684318900108337, 0.24846166372299194], [0.1954963207244873, -0.2475331425666809, 0.9489511847496033]], [[0.9573260545730591, 0.2787063419818878, 0.07648260146379471], [-0.28045836091041565, 0.9597781896591187, 0.012993685901165009], [-0.06978491693735123, -0.03388937935233116, 0.9969862103462219]], [[0.9834398627281189, -0.11345285922288895, -0.14133098721504211], [0.12418964505195618, 0.9898149967193604, 0.0695934146642685], [0.13199596107006073, -0.08599278330802917, 0.9875131845474243]], [[0.9953660368919373, -0.08732420206069946, -0.04026145488023758], [0.08955017477273941, 0.9943345189094543, 0.057269442826509476], [0.03503234311938286, -0.060609474778175354, 0.9975467324256897]], [[0.8455325961112976, 0.5308102369308472, -0.05757596343755722], [-0.5213977098464966, 0.8441023826599121, 0.12504225969314575], [0.11497373133897781, -0.075707346200943, 0.9904792904853821]], [[0.9452128410339355, -0.3234665095806122, -0.04406842216849327], [0.32470184564590454, 0.917563259601593, 0.22944791615009308], [-0.03378314524888992, -0.23118622601032257, 0.9723227620124817]], [[0.40462183952331543, -0.1748681217432022, -0.8976091742515564], [0.48220258951187134, 0.8748012781143188, 0.04694121703505516], [0.777021050453186, -0.4518229365348816, 0.43828555941581726]], [[0.34246930480003357, 0.12733188271522522, 0.9308604598045349], [-0.5162866115570068, 0.8532796502113342, 0.07322535663843155], [-0.7849603891372681, -0.5056682229042053, 0.35796183347702026]], [[0.9842005372047424, -0.16970090568065643, -0.05050697550177574], [0.1691880077123642, 0.9854801297187805, -0.014294063672423363], [0.052199337631464005, 0.005523050203919411, 0.99862140417099]], [[0.9850273132324219, 0.15993694961071014, 0.06435263156890869], [-0.16026996076107025, 0.9870731830596924, 1.255624920304399e-05], [-0.06351875513792038, -0.010326162911951542, 0.9979271292686462]], [[0.9692241549491882, 0.231859028339386, -0.08273950964212418], [-0.21639907360076904, 0.9626544713973999, 0.1626896858215332], [0.1173706129193306, -0.1397780328989029, 0.9832020401954651]], [[0.9715195894241333, -0.2228814959526062, 0.08045855164527893], [0.21018408238887787, 0.9673346877098083, 0.14172597229480743], [-0.10941844433546066, -0.12077844142913818, 0.9866307377815247]]]], "pred_betas": [[0.02522953599691391, 0.1802826225757599, 0.8043586015701294, 0.7733426690101624, 0.09467063844203949, 0.2065521776676178, -0.28345391154289246, 0.3328479826450348, 0.6615329384803772, 0.0725967288017273]], "pred_camera": [1.1945818662643433, -0.010234985500574112, 0.3412959575653076]}