{"pred_joints_img": [[382.4351806640625, 142.43003845214844, -41.49076843261719], [387.619384765625, 180.7358856201172, -7.673846244812012], [341.5298767089844, 194.78359985351562, -0.6276996731758118], [281.35107421875, 211.34747314453125, -16.338943481445312], [268.09930419921875, 157.3213653564453, -48.6983642578125], [430.0862731933594, 208.55169677734375, -4.392876625061035], [462.68377685546875, 265.568115234375, 4.230381011962891], [500.16265869140625, 299.9535217285156, -32.69203186035156], [377.9942932128906, 308.5295715332031, 6.573113918304443], [360.072265625, 330.3727111816406, 2.4892899990081787], [329.876953125, 371.29595947265625, -79.90283203125], [309.02593994140625, 455.8739929199219, -29.042016983032227], [393.4801940917969, 333.14361572265625, 6.098544597625732], [437.5203552246094, 379.4532470703125, -63.534061431884766], [420.7686767578125, 462.1717529296875, -8.45689582824707], [377.81524658203125, 135.00601196289062, -28.585174560546875], [393.98223876953125, 135.89662170410156, -33.676815032958984], [373.55206298828125, 145.8527374267578, -4.617241382598877], [409.4771423339844, 147.73196411132812, -15.688408851623535], [438.9830322265625, 487.67462158203125, -47.491615295410156], [448.82525634765625, 485.285888671875, -29.173261642456055], [416.464111328125, 465.5758361816406, 8.786978721618652], [302.12567138671875, 476.9556884765625, -74.27328491210938], [285.8934020996094, 471.55230712890625, -60.431312561035156], [306.7235107421875, 463.0382080078125, -11.858612060546875], [309.02593994140625, 455.8739929199219, -29.042016983032227], [329.876953125, 371.29595947265625, -79.90283203125], [343.9671325683594, 300.3654479980469, 8.644646644592285], [411.7351989746094, 304.2848815917969, 13.699676513671875], [437.5203552246094, 379.4532470703125, -63.534061431884766], [420.7686767578125, 462.1717529296875, -8.45689582824707], [268.09930419921875, 157.3213653564453, -48.6983642578125], [281.35107421875, 211.34747314453125, -16.338943481445312], [341.5298767089844, 194.78359985351562, -0.6276996731758118], [430.0862731933594, 208.55169677734375, -4.392876625061035], [462.68377685546875, 265.568115234375, 4.230381011962891], [500.16265869140625, 299.9535217285156, -32.69203186035156], [387.78253173828125, 180.83419799804688, -8.238795280456543], [395.191162109375, 112.852783203125, -5.075258255004883], [377.3995361328125, 303.6881408691406, 15.920873641967773], [386.9873046875, 195.22116088867188, -3.2130420207977295], [381.6076354980469, 241.37350463867188, 8.230843544006348], [388.15185546875, 155.97361755371094, -26.32419204711914], [393.4700927734375, 128.99151611328125, -6.093844413757324], [382.4351806640625, 142.43003845214844, -41.49076843261719], [393.98223876953125, 135.89662170410156, -33.676815032958984], [377.81524658203125, 135.00601196289062, -28.585174560546875], [409.4771423339844, 147.73196411132812, -15.688408851623535], [373.55206298828125, 145.8527374267578, -4.617241382598877]], "pred_body_pose": [[2.960926055908203, 0.09387799352407455, 0.13889822363853455, -0.8342313766479492, 0.0640624463558197, 0.37489721179008484, -0.8692488670349121, 0.0451321117579937, -0.31993934512138367, 0.5126003623008728, -0.04295055940747261, 0.030386395752429962, 1.5241435766220093, -0.007226863875985146, -0.17351855337619781, 1.4816781282424927, 0.07539230585098267, 0.12087350338697433, -0.06863145530223846, -0.05052096024155617, -0.013455688022077084, -0.2044403851032257, 0.13567550480365753, -0.08843844383955002, -0.19830290973186493, -0.1325603723526001, 0.09337493777275085, -0.01260222215205431, -0.026674818247556686, -0.019127177074551582, -0.2318599969148636, 0.011452925391495228, 0.25842466950416565, -0.22534482181072235, -0.04648241400718689, -0.2814728915691376, -0.3149664103984833, -0.21293403208255768, -0.00568788917735219, -0.008794073946774006, -0.07231064885854721, -0.3031940162181854, -0.16034145653247833, 0.042776986956596375, 0.08609683811664581, -0.08090443164110184, -0.059103790670633316, 0.040674008429050446, -0.04968946427106857, -0.10150232166051865, -0.6081032156944275, -0.4091258645057678, 0.2858414649963379, 0.23025153577327728, -0.29734599590301514, -0.6594638824462891, 0.23879030346870422, -0.5830772519111633, 1.312835931777954, -0.563022792339325, 0.0126873180270195, -0.043160103261470795, 0.16059450805187225, -0.0196284931153059, 0.08153707534074783, -0.23575745522975922, -0.15600210428237915, -0.10166172683238983, -0.23009544610977173, -0.12350217252969742, 0.09536745399236679, 0.22819046676158905]], "pred_rotmat": [[[[0.993658185005188, 0.05452375113964081, 0.09833944588899612], [0.07091784477233887, -0.9825766682624817, -0.17179614305496216], [0.08725906163454056, 0.17768064141273499, -0.9802120327949524]], [[0.9326006174087524, -0.3494396507740021, -0.09026673436164856], [0.2996370494365692, 0.6102441549301147, 0.7333619594573975], [-0.20118097960948944, -0.710981011390686, 0.6738191246986389]], [[0.9514362812042236, 0.2577643394470215, 0.1683051586151123], [-0.29426321387290955, 0.6008978486061096, 0.7431897521018982], [0.09043361246585846, -0.7566236853599548, 0.647566556930542]], [[0.9986463785171509, -0.039826199412345886, -0.03345764800906181], [0.01829260028898716, 0.8710503578186035, -0.490852952003479], [0.04869210347533226, 0.48957645893096924, 0.8705998063087463]], [[0.9876543283462524, 0.1085294708609581, -0.11296150833368301], [-0.11754675954580307, 0.03680332377552986, -0.99238520860672], [-0.1035456731915474, 0.9934117794036865, 0.04910624772310257]], [[0.9915933609008789, -0.03465648740530014, 0.12466592341661453], [0.12720264494419098, 0.08454717695713043, -0.9882668852806091], [0.023709701374173164, 0.9958166480064392, 0.08824481815099716]], [[0.9986341595649719, 0.015171587467193604, -0.04999684542417526], [-0.011706412769854069, 0.9975558519363403, 0.06888602674007416], [0.050919756293296814, -0.06820665299892426, 0.9963709712028503]], [[0.9869595766067505, 0.0736488327383995, 0.1431315690279007], [-0.10122951120138168, 0.975331723690033, 0.19616486132144928], [-0.12515343725681305, -0.20809593796730042, 0.9700683951377869]], [[0.9869261384010315, -0.07928528636693954, -0.14032317698001862], [0.10542897880077362, 0.9761095643043518, 0.1899862289428711], [0.12190768867731094, -0.20229651033878326, 0.9717069864273071]], [[0.99946129322052, 0.019291292876005173, -0.026548810303211212], [-0.018955172970891, 0.9997376799583435, 0.01285470463335514], [0.02678983099758625, -0.0123445438221097, 0.9995647668838501]], [[0.9668778777122498, -0.25457286834716797, -0.018435144796967506], [0.25194400548934937, 0.9403324127197266, 0.22868987917900085], [-0.040883079171180725, -0.22575980424880981, 0.973324716091156]], [[0.9597524404525757, 0.28049328923225403, -0.014098775573074818], [-0.2701335847377777, 0.9357091188430786, 0.226883664727211], [0.07683170586824417, -0.21394360065460205, 0.9738197922706604]], [[0.9775853753089905, 0.03868327662348747, -0.20695507526397705], [0.027579637244343758, 0.9509768486022949, 0.3080298900604248], [0.20872507989406586, -0.30683326721191406, 0.928594172000885]], [[0.951814591884613, 0.2986198365688324, -0.06982211768627167], [-0.2979890704154968, 0.9543695449829102, 0.019525796175003052], [0.0724668949842453, 0.0022212897893041372, 0.997368335723877]], [[0.9953922033309937, -0.0890156477689743, 0.03564586862921715], [0.08217668533325195, 0.983487069606781, 0.1612451672554016], [-0.04941060021519661, -0.1575729101896286, 0.9862703680992126]], [[0.9974287152290344, -0.038206230849027634, -0.06063241884112358], [0.04298333451151848, 0.9959040284156799, 0.0795460194349289], [0.057344917207956314, -0.08194766193628311, 0.9949855208396912]], [[0.8159358501434326, 0.5725077986717224, -0.08052057027816772], [-0.5676229596138, 0.8197293877601624, 0.07647182792425156], [0.1097857877612114, -0.016690783202648163, 0.9938151836395264]], [[0.9343182444572449, -0.27584728598594666, 0.22573791444301605], [0.1618167757987976, 0.8925467133522034, 0.4209224581718445], [-0.31759190559387207, -0.3567473888397217, 0.878559410572052]], [[0.7657101154327393, -0.12296140938997269, -0.6313227415084839], [0.30974894762039185, 0.9307315945625305, 0.19440743327140808], [0.5636874437332153, -0.34441131353378296, 0.7507577538490295]], [[0.16673454642295837, 0.052181266248226166, 0.9846199154853821], [-0.6773629784584045, 0.7317203283309937, 0.07592543959617615], [-0.7165045738220215, -0.6796045303344727, 0.15734872221946716]], [[0.9862053394317627, -0.16012424230575562, -0.041943904012441635], [0.15957792103290558, 0.9870542883872986, -0.016086196526885033], [0.04397669807076454, 0.009170971810817719, 0.9989904761314392]], [[0.9690470695495605, 0.2325087934732437, 0.08299057185649872], [-0.23410089313983917, 0.9721623659133911, 0.009862854145467281], [-0.07838709652423859, -0.02898573689162731, 0.996501624584198]], [[0.9685908555984497, 0.23462212085723877, -0.08236666768789291], [-0.2188781350851059, 0.9616409540176392, 0.16534483432769775], [0.11800072342157364, -0.14212322235107422, 0.9827902913093567]], [[0.9696113467216492, -0.23114685714244843, 0.08015594631433487], [0.21944357454776764, 0.9665520191192627, 0.13274705410003662], [-0.10815894603729248, -0.11112333834171295, 0.9879034757614136]]]], "pred_betas": [[0.04850563406944275, 0.27731868624687195, 0.5818394422531128, 0.7590141892433167, 0.24392777681350708, 0.17607702314853668, -0.3870035409927368, 0.36776602268218994, 0.7022735476493835, -0.04709284007549286]], "pred_camera": [1.259516716003418, -0.04681019112467766, 0.38575315475463867]}