{"pred_joints_img": [[381.93170166015625, 144.02569580078125, -36.8303108215332], [387.6024169921875, 181.69024658203125, -4.546934604644775], [342.89642333984375, 194.09573364257812, 4.255032062530518], [283.5086669921875, 211.72189331054688, 10.60869312286377], [257.22332763671875, 169.20738220214844, -26.45677375793457], [427.9920654296875, 209.4088134765625, 1.0067436695098877], [459.65118408203125, 263.5389404296875, 14.275575637817383], [500.4888000488281, 285.54718017578125, -24.999000549316406], [375.8666687011719, 306.4729919433594, 6.51864767074585], [358.4107666015625, 327.6279296875, 1.9323238134384155], [330.867431640625, 370.17864990234375, -77.184326171875], [310.2510986328125, 453.0648498535156, -29.371095657348633], [390.9249267578125, 330.4621887207031, 6.355930805206299], [436.12469482421875, 379.6817321777344, -56.44643020629883], [420.6709289550781, 460.2602844238281, -3.2723886966705322], [377.6447448730469, 137.1396026611328, -24.047142028808594], [393.19287109375, 137.64654541015625, -29.402820587158203], [374.2784423828125, 148.169921875, -0.9593769311904907], [408.85333251953125, 149.31292724609375, -12.55634880065918], [441.0381164550781, 484.75775146484375, -40.025245666503906], [449.30084228515625, 482.12017822265625, -21.637901306152344], [415.7340087890625, 463.8046875, 13.308687210083008], [304.1302185058594, 473.00946044921875, -73.50850677490234], [288.19482421875, 467.99603271484375, -60.189334869384766], [307.8221435546875, 460.3836364746094, -12.810239791870117], [310.2510986328125, 453.0648498535156, -29.371095657348633], [330.867431640625, 370.17864990234375, -77.184326171875], [342.6949462890625, 298.38250732421875, 7.476714611053467], [408.5838928222656, 302.44732666015625, 14.05532169342041], [436.12469482421875, 379.6817321777344, -56.44643020629883], [420.6709289550781, 460.2602844238281, -3.2723886966705322], [257.22332763671875, 169.20738220214844, -26.45677375793457], [283.5086669921875, 211.72189331054688, 10.60869312286377], [342.89642333984375, 194.09573364257812, 4.255032062530518], [427.9920654296875, 209.4088134765625, 1.0067436695098877], [459.65118408203125, 263.5389404296875, 14.275575637817383], [500.4888000488281, 285.54718017578125, -24.999000549316406], [387.7009582519531, 181.636962890625, -4.853912830352783], [394.84771728515625, 115.84890747070312, -1.0964597463607788], [375.05584716796875, 301.7090759277344, 15.379841804504395], [386.64141845703125, 195.5463409423828, 1.1209378242492676], [380.0777587890625, 240.89981079101562, 10.10302734375], [388.0132751464844, 157.34254455566406, -22.549524307250977], [393.33209228515625, 131.5363311767578, -2.3685803413391113], [381.93170166015625, 144.02569580078125, -36.8303108215332], [393.19287109375, 137.64654541015625, -29.402820587158203], [377.6447448730469, 137.1396026611328, -24.047142028808594], [408.85333251953125, 149.31292724609375, -12.55634880065918], [374.2784423828125, 148.169921875, -0.9593769311904907]], "pred_body_pose": [[2.955639123916626, 0.0960773304104805, 0.1798216700553894, -0.7718359231948853, 0.0716366171836853, 0.38808685541152954, -0.8363649845123291, 0.02663726545870304, -0.3058221936225891, 0.481677770614624, -0.05104481801390648, 0.018709558993577957, 1.4562251567840576, -0.027203567326068878, -0.16223888099193573, 1.4371743202209473, 0.08202663064002991, 0.12098073959350586, -0.07132609188556671, -0.04965971037745476, -0.022607404738664627, -0.19711661338806152, 0.165764719247818, -0.10508120059967041, -0.19388404488563538, -0.159573495388031, 0.09996732324361801, 0.012633196078240871, -0.03526120260357857, -0.02028699964284897, -0.2499707192182541, 0.013701573945581913, 0.27112147212028503, -0.23211658000946045, -0.040280912071466446, -0.3040330111980438, -0.30109623074531555, -0.24291275441646576, -0.0009296517237089574, -0.009031975641846657, 0.023635080084204674, -0.30745023488998413, -0.11616586893796921, -0.09101331233978271, 0.09866096079349518, -0.08641982078552246, -0.07239603251218796, 0.0776861384510994, -0.07105394452810287, -0.07314635813236237, -0.5796733498573303, -0.30434688925743103, 0.07072405517101288, 0.2687942385673523, -0.2732406258583069, -0.863965630531311, 0.34649211168289185, -0.43903425335884094, 1.2549009323120117, -0.5295706987380981, 0.04068709909915924, -0.04955354332923889, 0.1472790390253067, 0.017596667632460594, 0.07440351694822311, -0.17986652255058289, -0.15955621004104614, -0.09964823722839355, -0.22375620901584625, -0.13312609493732452, 0.09605663269758224, 0.21949990093708038]], "pred_rotmat": [[[[0.9906042814254761, 0.05338601768016815, 0.12590910494327545], [0.07499097287654877, -0.9819481372833252, -0.17364969849586487], [0.11436574161052704, 0.1814601719379425, -0.9767255187034607]], [[0.9268843531608582, -0.36723199486732483, -0.07762690633535385], [0.31531721353530884, 0.6496203541755676, 0.6917862892150879], [-0.20361806452274323, -0.6656830906867981, 0.7179175019264221]], [[0.9559169411659241, 0.2565188407897949, 0.14290153980255127], [-0.2773621082305908, 0.6290267705917358, 0.7262201309204102], [0.09640024602413177, -0.7338416576385498, 0.6724459528923035]], [[0.9985510110855103, -0.030040165409445763, -0.04465073347091675], [0.005930687300860882, 0.8860753774642944, -0.4635031819343567], [0.053487628698349, 0.46256667375564575, 0.8849696516990662]], [[0.9887239933013916, 0.0935865268111229, -0.11690343171358109], [-0.1265997290611267, 0.10542263835668564, -0.9863359332084656], [-0.07998348027467728, 0.9900139570236206, 0.11608192324638367]], [[0.9910507798194885, -0.03370153158903122, 0.12916067242622375], [0.13246141374111176, 0.12869179248809814, -0.982798159122467], [0.01649988442659378, 0.9911118149757385, 0.1320042610168457]], [[0.9985125064849854, 0.024346863850951195, -0.04878728464245796], [-0.02080720104277134, 0.9972025752067566, 0.07179122418165207], [0.050398703664541245, -0.07066929340362549, 0.9962258338928223]], [[0.9808639287948608, 0.08749892562627792, 0.17392534017562866], [-0.11996375024318695, 0.9752119183540344, 0.18593111634254456], [-0.15334530174732208, -0.20323783159255981, 0.9670469164848328]], [[0.9823790788650513, -0.08337925374507904, -0.1672699898481369], [0.11413012444972992, 0.9763522148132324, 0.18360452353954315], [0.1480056196451187, -0.19945979118347168, 0.9686640501022339]], [[0.9991727471351624, 0.020058168098330498, -0.03537866100668907], [-0.020503558218479156, 0.9997144341468811, -0.012271757237613201], [0.03512240946292877, 0.012986992485821247, 0.9992986917495728]], [[0.9635690450668335, -0.2667028605937958, -0.02011070027947426], [0.2633165419101715, 0.9327719807624817, 0.24617215991020203], [-0.046896111220121384, -0.24249930679798126, 0.969017505645752]], [[0.9535475969314575, 0.30120956897735596, -0.004442379344254732], [-0.29197436571121216, 0.9277403950691223, 0.2324838936328888], [0.07414773851633072, -0.22038741409778595, 0.9725900888442993]], [[0.9708623886108398, 0.037022851407527924, -0.23676040768623352], [0.03520958125591278, 0.9552326202392578, 0.293753057718277], [0.23703685402870178, -0.29353004693984985, 0.9260958433151245]], [[0.9528337121009827, 0.30249103903770447, 0.02463945373892784], [-0.30270281434059143, 0.953070342540741, 0.005284816958010197], [-0.02188452146947384, -0.012493983842432499, 0.9996824264526367]], [[0.9910148978233337, -0.09287114441394806, -0.09625153988599777], [0.10341605544090271, 0.9884162545204163, 0.11107876896858215], [0.08482056856155396, -0.12003467231988907, 0.9891396164894104]], [[0.994370698928833, -0.07432033121585846, -0.07552164047956467], [0.08056701719760895, 0.9932587146759033, 0.08334239572286606], [0.06881850212812424, -0.088957779109478, 0.9936551451683044]], [[0.8341851234436035, 0.5493043661117554, -0.04898933693766594], [-0.5442553758621216, 0.8343316316604614, 0.08761750161647797], [0.08900202810764313, -0.046426501125097275, 0.9949488639831543]], [[0.9619176387786865, -0.27185899019241333, 0.02841099537909031], [0.25063738226890564, 0.9187217354774475, 0.3051740527153015], [-0.10906612873077393, -0.2864314317703247, 0.9518726468086243]], [[0.5996844172477722, -0.1855793595314026, -0.7784208655357361], [0.4037061631679535, 0.9100416302680969, 0.09405112266540527], [0.6909413933753967, -0.37065425515174866, 0.6206573247909546]], [[0.22027859091758728, 0.1348913460969925, 0.9660648703575134], [-0.5979984998703003, 0.801122784614563, 0.024492893368005753], [-0.7706328630447388, -0.5831006765365601, 0.2571350336074829]], [[0.9879525899887085, -0.14765243232250214, -0.04635097458958626], [0.14564058184623718, 0.9883517622947693, -0.044153615832328796], [0.05233046039938927, 0.03687109425663948, 0.9979488849639893]], [[0.9811162948608398, 0.17937618494033813, 0.07235326617956161], [-0.17807108163833618, 0.9837210774421692, -0.024154936894774437], [-0.075508251786232, 0.010814777575433254, 0.9970864653587341]], [[0.9702147245407104, 0.22847621142864227, -0.0805109515786171], [-0.21268963813781738, 0.962505578994751, 0.16836270689964294], [0.11595913022756577, -0.14622412621974945, 0.9824315905570984]], [[0.9714756608009338, -0.22311562299728394, 0.08033902943134308], [0.2104078233242035, 0.9672544598579407, 0.14194178581237793], [-0.10937769711017609, -0.12098903954029083, 0.9866094589233398]]]], "pred_betas": [[0.018077366054058075, 0.24755701422691345, 0.7404593229293823, 0.737331211566925, 0.14328283071517944, 0.16186249256134033, -0.40579578280448914, 0.37161609530448914, 0.6232251524925232, 0.07287181913852692]], "pred_camera": [1.2116849422454834, -0.061882972717285156, 0.35388389229774475]}