{"pred_joints_img": [[387.5583801269531, 143.6895751953125, -46.6301383972168], [384.50146484375, 180.10015869140625, -9.784860610961914], [337.4960021972656, 199.82859802246094, -6.04109001159668], [288.66729736328125, 241.04957580566406, 3.0381996631622314], [240.7444305419922, 257.33197021484375, -36.909671783447266], [428.7362060546875, 202.0839385986328, -1.487536072731018], [481.9620056152344, 239.37208557128906, -15.451005935668945], [503.8571472167969, 195.38571166992188, -54.946720123291016], [377.3606262207031, 309.5195617675781, 6.939087390899658], [359.4163818359375, 331.96124267578125, 2.7468650341033936], [325.43310546875, 380.209716796875, -74.30905151367188], [315.4136962890625, 454.91766357421875, -6.957757949829102], [393.4146728515625, 334.3366394042969, 7.114581108093262], [439.4193115234375, 375.8546142578125, -64.41020202636719], [422.70697021484375, 461.5816650390625, -13.759194374084473], [379.102783203125, 135.58328247070312, -35.932674407958984], [396.3574523925781, 135.98873901367188, -36.087913513183594], [368.08349609375, 145.3126678466797, -13.019152641296387], [406.41265869140625, 145.89842224121094, -13.424986839294434], [443.43927001953125, 484.0220031738281, -54.24750900268555], [452.13751220703125, 482.72613525390625, -34.85074996948242], [418.01348876953125, 466.051513671875, 3.175020217895508], [306.8298034667969, 481.76446533203125, -49.14350509643555], [290.9128723144531, 475.04534912109375, -35.13214111328125], [314.2277526855469, 459.61566162109375, 11.199942588806152], [315.4136962890625, 454.91766357421875, -6.957757949829102], [325.43310546875, 380.209716796875, -74.30905151367188], [342.76531982421875, 301.6131286621094, 8.214978218078613], [411.7865295410156, 304.9818115234375, 15.19650650024414], [439.4193115234375, 375.8546142578125, -64.41020202636719], [422.70697021484375, 461.5816650390625, -13.759194374084473], [240.7444305419922, 257.33197021484375, -36.909671783447266], [288.66729736328125, 241.04957580566406, 3.0381996631622314], [337.4960021972656, 199.82859802246094, -6.04109001159668], [428.7362060546875, 202.0839385986328, -1.487536072731018], [481.9620056152344, 239.37208557128906, -15.451005935668945], [503.8571472167969, 195.38571166992188, -54.946720123291016], [385.0417175292969, 180.17578125, -10.44301700592041], [388.6720275878906, 110.82174682617188, -9.503921508789062], [376.67962646484375, 304.6998291015625, 16.505149841308594], [384.1210021972656, 194.57843017578125, -5.040475845336914], [380.23089599609375, 241.83816528320312, 7.610686779022217], [389.04718017578125, 156.1653289794922, -29.2280330657959], [387.7558288574219, 127.3077392578125, -9.8571195602417], [387.5583801269531, 143.6895751953125, -46.6301383972168], [396.3574523925781, 135.98873901367188, -36.087913513183594], [379.102783203125, 135.58328247070312, -35.932674407958984], [406.41265869140625, 145.89842224121094, -13.424986839294434], [368.08349609375, 145.3126678466797, -13.019152641296387]], "pred_body_pose": [[2.9780044555664062, 0.07494786381721497, 0.16523687541484833, -0.9040035605430603, 0.04799779877066612, 0.38462400436401367, -0.7944059371948242, -0.02324570156633854, -0.34222033619880676, 0.525285005569458, -0.014054304920136929, 0.019026659429073334, 1.5293664932250977, 0.02540902979671955, -0.1883612722158432, 1.5952599048614502, 0.05495492368936539, 0.14405038952827454, -0.08395496755838394, -0.006997125223278999, 0.0024038096889853477, -0.22266356647014618, 0.13362067937850952, -0.07374955713748932, -0.2631815969944, -0.10132884234189987, 0.028317522257566452, -0.006694403942674398, -0.0032715487759560347, 0.008099095895886421, -0.23013180494308472, 0.04011348634958267, 0.21229113638401031, -0.20745381712913513, -0.04749349132180214, -0.20680907368659973, -0.3121691346168518, -0.05935440585017204, -0.045097317546606064, -0.11612790822982788, -0.05186404660344124, -0.16176442801952362, -0.03684184327721596, -0.001474509248510003, 0.20782886445522308, -0.06484917551279068, -0.026378385722637177, 0.04456014186143875, -0.34268462657928467, -0.364318311214447, -0.34869053959846497, -0.11430593580007553, 0.01875322312116623, 0.5048409700393677, -0.46897831559181213, -1.3370386362075806, 0.5954039096832275, -0.2896837890148163, 0.7734718918800354, -0.24318061769008636, 0.06372277438640594, -0.07854552567005157, 0.26786476373672485, -0.005286631640046835, 0.05824534222483635, -0.1640855073928833, -0.14165464043617249, -0.10088623315095901, -0.23183704912662506, -0.12665362656116486, 0.09830731153488159, 0.21057027578353882]], "pred_rotmat": [[[[0.9926494359970093, 0.04111777991056442, 0.11382617056369781], [0.058553315699100494, -0.9862793684005737, -0.15435202419757843], [0.105917789041996, 0.1598823517560959, -0.9814372658729553]], [[0.9307445883750916, -0.3455390930175781, -0.11965452879667282], [0.3055362105369568, 0.5550940632820129, 0.7736395597457886], [-0.20090317726135254, -0.7566196322441101, 0.6222255229949951]], [[0.9447525143623352, 0.3097567558288574, 0.10720685869455338], [-0.2924140989780426, 0.6486691236495972, 0.702653706073761], [0.14810998737812042, -0.695182740688324, 0.7034090161323547]], [[0.9997265934944153, -0.021768925711512566, -0.008532439358532429], [0.014554948545992374, 0.8650104999542236, -0.5015425086021423], [0.018298693001270294, 0.501281201839447, 0.8650908470153809]], [[0.9852409362792969, 0.1380450278520584, -0.10121215879917145], [-0.10629281401634216, 0.029923828318715096, -0.9938845634460449], [-0.13417215645313263, 0.9899738430976868, 0.04415537416934967]], [[0.9904506802558899, -0.054615940898656845, 0.1265881359577179], [0.1250530183315277, -0.030678117647767067, -0.9916757345199585], [0.05804479122161865, 0.9980360865592957, -0.023555275052785873]], [[0.9999725818634033, -0.002107422798871994, -0.007089690770953894], [0.002694507362321019, 0.9964749813079834, 0.08384720981121063], [0.0068879988975822926, -0.08386402577161789, 0.9964533448219299]], [[0.988423764705658, 0.05807098001241684, 0.14016461372375488], [-0.08764319866895676, 0.9726576805114746, 0.2150716483592987], [-0.123842753469944, -0.22486643493175507, 0.966487467288971]], [[0.9945022463798523, -0.014694985933601856, -0.10367904603481293], [0.04118482023477554, 0.9652007222175598, 0.25824686884880066], [0.09627614915370941, -0.26109710335731506, 0.9604995250701904]], [[0.9999618530273438, -0.008087982423603535, -0.0032985913567245007], [0.008109879679977894, 0.999944806098938, 0.006681019905954599], [0.0032443732488900423, -0.00670751603320241, 0.9999722242355347]], [[0.9768548607826233, -0.21336081624031067, 0.015225343406200409], [0.20420581102371216, 0.9513915777206421, 0.2305518239736557], [-0.06367598474025726, -0.22210656106472015, 0.972940981388092]], [[0.9776518940925598, 0.20867736637592316, -0.025504782795906067], [-0.19889675080776215, 0.9574103355407715, 0.20929747819900513], [0.06809419393539429, -0.19954726099967957, 0.9775192737579346]], [[0.9972454309463501, 0.05351214110851288, -0.05136188119649887], [-0.035142019391059875, 0.9506838321685791, 0.3081643581390381], [0.06531944125890732, -0.3055105209350586, 0.9499456286430359]], [[0.985621988773346, 0.1636260598897934, -0.04213922098278999], [-0.15762443840503693, 0.9802432060241699, 0.11949020624160767], [0.06085839495062828, -0.1111300140619278, 0.9919407367706299]], [[0.9784825444221497, -0.2062620222568512, -0.005277791526168585], [0.20631614327430725, 0.9778075218200684, 0.03641623258590698], [-0.0023506218567490578, -0.03672154247760773, 0.999322772026062]], [[0.9986600279808044, -0.04365420341491699, -0.02779213711619377], [0.045363832265138626, 0.9969062805175781, 0.06418739259243011], [0.024904105812311172, -0.06536214053630829, 0.9975507855415344]], [[0.8767342567443848, 0.38799765706062317, -0.28424447774887085], [-0.2669714093208313, 0.8841477036476135, 0.38341760635375977], [0.40007928013801575, -0.2602701783180237, 0.8787468671798706]], [[0.8752195239067078, -0.48361656069755554, -0.01028796099126339], [0.48152050375938416, 0.8690032362937927, 0.1138918325304985], [-0.046139709651470184, -0.10463421046733856, 0.9934399127960205]], [[0.12382911890745163, -0.13071268796920776, -0.9836567044258118], [0.6436448097229004, 0.7650460004806519, -0.02063651941716671], [0.7552401423454285, -0.6305701732635498, 0.17886751890182495]], [[0.6911125779151917, 0.10895027965307236, 0.7144880294799805], [-0.31950843334198, 0.9327841997146606, 0.16681763529777527], [-0.6482882499694824, -0.34357473254203796, 0.6794694066047668]], [[0.9613050222396851, -0.2667052149772644, -0.06900029629468918], [0.2617341876029968, 0.9623521566390991, -0.07330376654863358], [0.08595309406518936, 0.052407536655664444, 0.9949198365211487]], [[0.9848800301551819, 0.16310332715511322, 0.05838384851813316], [-0.1634104698896408, 0.9865580797195435, 0.0004933993914164603], [-0.05751857906579971, -0.010026470758020878, 0.9982941150665283]], [[0.9682598114013672, 0.2357008457183838, -0.08317408710718155], [-0.22150957584381104, 0.9633504152297974, 0.15129290521144867], [0.11578565090894699, -0.1280670017004013, 0.984983503818512]], [[0.97315514087677, -0.21430987119674683, 0.08390657603740692], [0.20193138718605042, 0.9699853658676147, 0.1354702264070511], [-0.11042075604200363, -0.1148901879787445, 0.9872221350669861]]]], "pred_betas": [[-0.1079016849398613, 0.08133749663829803, 0.6716965436935425, 0.9026054739952087, 0.15033628046512604, 0.3263963758945465, -0.3391686677932739, 0.3907189667224884, 0.7347363233566284, 0.09994259476661682]], "pred_camera": [1.2822660207748413, 0.03480760008096695, 0.3965737521648407]}