{"pred_joints_img": [[392.58642578125, 145.4716339111328, -52.69233703613281], [397.7164306640625, 180.98562622070312, -16.32452964782715], [350.72393798828125, 191.78897094726562, -7.839845180511475], [296.4451599121094, 209.9633331298828, -38.71212387084961], [303.5703125, 150.5656280517578, -64.03954315185547], [437.0970458984375, 211.90545654296875, -16.712383270263672], [469.71319580078125, 269.5816955566406, -7.791238307952881], [496.8056335449219, 318.94683837890625, -36.816627502441406], [375.0848388671875, 303.76483154296875, 6.406001567840576], [354.5257873535156, 323.439453125, 5.266539096832275], [295.97900390625, 349.9937744140625, -68.35681915283203], [295.9282531738281, 440.300537109375, -21.267911911010742], [387.79498291015625, 329.8321533203125, 5.054794788360596], [433.3398132324219, 380.6996154785156, -61.833980560302734], [410.7195129394531, 455.4259338378906, 3.4662909507751465], [388.0575866699219, 137.07015991210938, -40.377777099609375], [404.2174072265625, 138.41046142578125, -45.40262222290039], [383.8481140136719, 146.129150390625, -15.810286521911621], [419.4687805175781, 149.00157165527344, -26.725181579589844], [428.38067626953125, 485.9781494140625, -32.04526138305664], [438.20269775390625, 482.125244140625, -13.97953987121582], [405.7456359863281, 456.3212585449219, 20.548381805419922], [272.45703125, 456.5306396484375, -63.00569152832031], [263.015380859375, 454.056884765625, -43.49040222167969], [300.23602294921875, 448.765625, -5.4079670906066895], [295.9282531738281, 440.300537109375, -21.267911911010742], [295.97900390625, 349.9937744140625, -68.35681915283203], [342.69561767578125, 291.9338684082031, 12.72970962524414], [409.5015563964844, 302.62677001953125, 9.988100051879883], [433.3398132324219, 380.6996154785156, -61.833980560302734], [410.7195129394531, 455.4259338378906, 3.4662909507751465], [303.5703125, 150.5656280517578, -64.03954315185547], [296.4451599121094, 209.9633331298828, -38.71212387084961], [350.72393798828125, 191.78897094726562, -7.839845180511475], [437.0970458984375, 211.90545654296875, -16.712383270263672], [469.71319580078125, 269.5816955566406, -7.791238307952881], [496.8056335449219, 318.94683837890625, -36.816627502441406], [397.31134033203125, 181.42852783203125, -17.368789672851562], [405.36517333984375, 113.48788452148438, -18.68494415283203], [376.09130859375, 298.61456298828125, 16.040756225585938], [395.83306884765625, 195.4613800048828, -12.597496032714844], [387.47174072265625, 239.71144104003906, 3.7256903648376465], [398.1595153808594, 157.79806518554688, -36.5390739440918], [403.6108093261719, 129.6051788330078, -18.552705764770508], [392.58642578125, 145.4716339111328, -52.69233703613281], [404.2174072265625, 138.41046142578125, -45.40262222290039], [388.0575866699219, 137.07015991210938, -40.377777099609375], [419.4687805175781, 149.00157165527344, -26.725181579589844], [383.8481140136719, 146.129150390625, -15.810286521911621]], "pred_body_pose": [[2.989370107650757, 0.2717258036136627, -0.019769426435232162, -0.8098867535591125, 0.12264891713857651, 0.5414988994598389, -0.9448205828666687, -0.11663058400154114, -0.4630693793296814, 0.5477254986763, -0.003815585048869252, -0.015934418886899948, 1.6139971017837524, 0.021186353638768196, -0.16418880224227905, 1.5543419122695923, -0.08691757917404175, 0.21843978762626648, -0.03592991083860397, -0.04337139427661896, 0.020928865298628807, -0.22740061581134796, 0.0902586579322815, -0.10018377751111984, -0.2147940993309021, -0.06907095015048981, 0.07704956829547882, -0.052839893847703934, -0.01718657650053501, 0.0026136189699172974, -0.21407081186771393, 0.026288874447345734, 0.2704209089279175, -0.2179308533668518, -0.13432037830352783, -0.19700360298156738, -0.2937413454055786, -0.11586903035640717, 0.08262517303228378, 0.017469024285674095, -0.1471448689699173, -0.2660731077194214, -0.17233294248580933, 0.17947925627231598, 0.1377260982990265, -0.09131982922554016, -0.06464307010173798, 0.02787311188876629, -0.02083791047334671, -0.058036524802446365, -0.5673786401748657, -0.4337354600429535, 0.5030803084373474, 0.27576538920402527, -0.13948528468608856, -0.48695874214172363, 0.09906277060508728, -0.546616792678833, 1.5369226932525635, -0.7060161828994751, 0.08053810894489288, -0.041325055062770844, 0.09459616988897324, 0.03189157694578171, 0.08308673650026321, -0.25514113903045654, -0.19417926669120789, -0.09943071007728577, -0.2258281409740448, -0.15662828087806702, 0.0968904197216034, 0.2317325621843338]], "pred_rotmat": [[[[0.9836050868034363, 0.1803351491689682, -0.00043670498416759074], [0.1784992665052414, -0.9739306569099426, -0.13998931646347046], [-0.025670314207673073, 0.13761626183986664, -0.9901528358459473]], [[0.8578611612319946, -0.5043830871582031, -0.09834621101617813], [0.41278037428855896, 0.5623573660850525, 0.7164959907531738], [-0.30608275532722473, -0.6552494168281555, 0.6906239986419678]], [[0.8962406516075134, 0.4314337968826294, 0.10304206609725952], [-0.33115342259407043, 0.4962461590766907, 0.8025442957878113], [0.29511046409606934, -0.7533954977989197, 0.5876267552375793]], [[0.9998690485954285, 0.014129804447293282, -0.007883215323090553], [-0.01616792380809784, 0.853590726852417, -0.520693302154541], [-0.0006282560061663389, 0.5207526087760925, 0.8537073731422424]], [[0.9890509247779846, 0.11472290754318237, -0.09282736480236053], [-0.08740121126174927, -0.051466505974531174, -0.9948427677154541], [-0.11890877038240433, 0.9920634031295776, -0.04087607562541962]], [[0.9776071906089783, -0.19369016587734222, 0.08227002620697021], [0.08421916514635086, 0.0018362171249464154, -0.9964455962181091], [0.19285064935684204, 0.9810610413551331, 0.018107522279024124]], [[0.9988408088684082, -0.020137343555688858, -0.04372118040919304], [0.021695205941796303, 0.9991357922554016, 0.03545457497239113], [0.04296943172812462, -0.036362018436193466, 0.9984145164489746]], [[0.9909611344337463, 0.08881799876689911, 0.10053562372922897], [-0.10922359675168991, 0.9693055152893066, 0.22026589512825012], [-0.07788615673780441, -0.2292557954788208, 0.9702451229095459]], [[0.9946715831756592, -0.0689387246966362, -0.07665420323610306], [0.08370461314916611, 0.974086582660675, 0.21011656522750854], [0.06018265336751938, -0.21541328728199005, 0.9746667146682739]], [[0.9998490214347839, -0.002158315619453788, -0.017246747389435768], [0.003066226840019226, 0.9986009001731873, 0.05279019847512245], [0.017108680680394173, -0.05283509939908981, 0.9984567761421204]], [[0.9634573459625244, -0.26784658432006836, -0.0028893889393657446], [0.26227477192878723, 0.9411137700080872, 0.21334676444530487], [-0.0544249452650547, -0.2063082754611969, 0.9769724011421204]], [[0.9718201756477356, 0.20810477435588837, -0.11071599274873734], [-0.1790858805179596, 0.9572218060493469, 0.22727666795253754], [0.15327711403369904, -0.20104436576366425, 0.9675160646438599]], [[0.9899633526802063, -0.06429865211248398, -0.12585043907165527], [0.09803309291601181, 0.953856348991394, 0.2838088572025299], [0.10179472714662552, -0.2932978570461273, 0.950586199760437]], [[0.9541329741477966, 0.2607036828994751, -0.14718686044216156], [-0.2632543444633484, 0.9647238850593567, 0.002224580617621541], [0.14257463812828064, 0.03662503510713577, 0.9891062378883362]], [[0.9745813608169556, -0.15123818814754486, 0.16528202593326569], [0.12051591277122498, 0.9758298993110657, 0.18229568004608154], [-0.18885725736618042, -0.15774285793304443, 0.9692522287368774]], [[0.9975249767303467, -0.024863064289093018, -0.0657712072134018], [0.030759721994400024, 0.9954469203948975, 0.090217724442482], [0.06322865933179855, -0.0920175239443779, 0.9937479496002197]], [[0.841723620891571, 0.5376636981964111, -0.049184054136276245], [-0.536486804485321, 0.8431512117385864, 0.03574724122881889], [0.060689594596624374, -0.0037027003709226847, 0.9981497526168823]], [[0.842404305934906, -0.35707831382751465, 0.4035468101501465], [0.14811952412128448, 0.8735098242759705, 0.46372535824775696], [-0.5180883407592773, -0.3308711051940918, 0.7887387275695801]], [[0.8792456984519958, -0.06150813028216362, -0.47238099575042725], [0.12793713808059692, 0.985687255859375, 0.10978512465953827], [0.45886722207069397, -0.15696316957473755, 0.8745304346084595]], [[-0.09122153371572495, 0.068278007209301, 0.9934871196746826], [-0.7092251777648926, 0.6958756446838379, -0.11294521391391754], [-0.6990553140640259, -0.7149091362953186, -0.015054360963404179]], [[0.9946795105934143, -0.09598788619041443, -0.037403229624032974], [0.09266439080238342, 0.9922935962677002, -0.08226002007722855], [0.04501095041632652, 0.07835641503334045, 0.995908796787262]], [[0.964218258857727, 0.25336432456970215, 0.07803555577993393], [-0.2507306635379791, 0.9671435952186584, -0.042039964348077774], [-0.0861230194568634, 0.020969800651073456, 0.9960637092590332]], [[0.9698069095611572, 0.231710284948349, -0.07605890929698944], [-0.21256104111671448, 0.9560112357139587, 0.2021394520998001], [0.11955095827579498, -0.17986907064914703, 0.9763988852500916]], [[0.9686858057975769, -0.23589593172073364, 0.07746586948633194], [0.22083064913749695, 0.9611685872077942, 0.1654956042766571], [-0.11349750310182571, -0.143206387758255, 0.9831634163856506]]]], "pred_betas": [[0.11420372128486633, 0.4144901633262634, 0.34482479095458984, 0.4202767312526703, 0.37345606088638306, 0.03625444322824478, -0.49382007122039795, 0.3431856632232666, 0.6019760370254517, -0.08519461750984192]], "pred_camera": [1.2564994096755981, -0.08158007264137268, 0.35626399517059326]}