{"pred_joints_img": [[391.5672302246094, 147.26487731933594, -50.97919464111328], [398.03167724609375, 182.24813842773438, -14.558732032775879], [351.55706787109375, 194.3551025390625, -2.480011224746704], [294.9078063964844, 218.81704711914062, -21.971094131469727], [289.5014343261719, 159.93075561523438, -48.23588180541992], [437.35064697265625, 212.99862670898438, -16.469377517700195], [471.34466552734375, 269.724365234375, -9.162999153137207], [505.1161804199219, 315.0963439941406, -37.1373176574707], [375.64825439453125, 305.167236328125, 6.342143535614014], [354.79644775390625, 324.3878479003906, 5.566016674041748], [288.81549072265625, 347.4288635253906, -62.49620056152344], [280.95654296875, 438.3255615234375, -17.74322509765625], [387.7219543457031, 331.35009765625, 4.096043586730957], [432.08624267578125, 382.38092041015625, -63.20475769042969], [409.4325866699219, 457.2890625, 1.5184038877487183], [387.394287109375, 138.7032470703125, -38.733333587646484], [403.2804870605469, 140.052978515625, -44.2381477355957], [384.04827880859375, 147.2451171875, -13.94420051574707], [419.1279602050781, 150.1692352294922, -26.006080627441406], [426.8906555175781, 487.73187255859375, -34.065120697021484], [436.649658203125, 483.8639221191406, -16.047954559326172], [404.321533203125, 458.5350341796875, 18.578554153442383], [252.78390502929688, 451.33868408203125, -57.27659606933594], [245.20143127441406, 448.3155517578125, -37.09425735473633], [285.7502746582031, 447.57275390625, -2.4158613681793213], [280.95654296875, 438.3255615234375, -17.74322509765625], [288.81549072265625, 347.4288635253906, -62.49620056152344], [344.1354064941406, 292.7218017578125, 13.8448486328125], [410.0389404296875, 304.60736083984375, 8.766668319702148], [432.08624267578125, 382.38092041015625, -63.20475769042969], [409.4325866699219, 457.2890625, 1.5184038877487183], [289.5014343261719, 159.93075561523438, -48.23588180541992], [294.9078063964844, 218.81704711914062, -21.971094131469727], [351.55706787109375, 194.3551025390625, -2.480011224746704], [437.35064697265625, 212.99862670898438, -16.469377517700195], [471.34466552734375, 269.724365234375, -9.162999153137207], [505.1161804199219, 315.0963439941406, -37.1373176574707], [397.60235595703125, 182.74551391601562, -15.465473175048828], [405.1651306152344, 114.7464599609375, -18.133413314819336], [377.18475341796875, 300.0738525390625, 15.926376342773438], [396.27398681640625, 197.09564208984375, -10.214123725891113], [388.8569641113281, 241.2814178466797, 5.157540798187256], [397.6729431152344, 159.21099853515625, -34.84840774536133], [403.5233154296875, 130.78941345214844, -17.672237396240234], [391.5672302246094, 147.26487731933594, -50.97919464111328], [403.2804870605469, 140.052978515625, -44.2381477355957], [387.394287109375, 138.7032470703125, -38.733333587646484], [419.1279602050781, 150.1692352294922, -26.006080627441406], [384.04827880859375, 147.2451171875, -13.94420051574707]], "pred_body_pose": [[2.970947504043579, 0.3017413318157196, -0.07112815976142883, -0.7951664328575134, 0.14242878556251526, 0.5621538162231445, -0.9069883823394775, -0.11123069375753403, -0.5326288938522339, 0.5255563259124756, -0.005537801887840033, -0.010026954114437103, 1.6083006858825684, 0.01724865473806858, -0.16430115699768066, 1.4947319030761719, -0.07075564563274384, 0.19549377262592316, -0.014697730541229248, -0.04200048744678497, 0.034232787787914276, -0.23172405362129211, 0.1079380139708519, -0.11839937418699265, -0.18809764087200165, -0.09612555056810379, 0.10907385498285294, -0.0451308973133564, -0.02151796966791153, 0.007542617153376341, -0.2084428369998932, 0.014805551618337631, 0.305635541677475, -0.239007830619812, -0.12074720114469528, -0.2437686324119568, -0.28307226300239563, -0.09616736322641373, 0.08312894403934479, 0.02235846035182476, -0.12182589620351791, -0.28261667490005493, -0.15014027059078217, 0.12275918573141098, 0.19412121176719666, -0.07015487551689148, -0.06554914265871048, 0.01844300702214241, -0.08631188422441483, -0.039191387593746185, -0.5340585112571716, -0.41623538732528687, 0.4230201244354248, 0.3275337815284729, -0.29246193170547485, -0.44670090079307556, 0.12974821031093597, -0.600881814956665, 1.5296827554702759, -0.7075186371803284, 0.03748350962996483, -0.037322089076042175, 0.1184866800904274, -0.01081349141895771, 0.08309026807546616, -0.2817688584327698, -0.18151283264160156, -0.09989502280950546, -0.23525077104568481, -0.15978851914405823, 0.09912043064832687, 0.2484358698129654]], "pred_rotmat": [[[[0.9785860180854797, 0.20340780913829803, -0.03153825178742409], [0.19607847929000854, -0.9677996635437012, -0.15785127878189087], [-0.06263089179992676, 0.1482870876789093, -0.9869590997695923]], [[0.8449903130531311, -0.527900755405426, -0.08551077544689178], [0.4234974980354309, 0.562903881072998, 0.7097809314727783], [-0.32655954360961914, -0.6359716653823853, 0.6992129683494568]], [[0.8652629852294922, 0.48464176058769226, 0.12822793424129486], [-0.39281800389289856, 0.4965225160121918, 0.7740539312362671], [0.31147080659866333, -0.720130443572998, 0.619998574256897]], [[0.9999359846115112, 0.008149475790560246, -0.007860994897782803], [-0.01099349558353424, 0.8649973273277283, -0.5016560554504395], [0.0027115056291222572, 0.5017102956771851, 0.8650315403938293]], [[0.9890790581703186, 0.11261661350727081, -0.0950794517993927], [-0.09041570127010345, -0.045831676572561264, -0.9948489665985107], [-0.11639417707920074, 0.9925810098648071, -0.03514884039759636]], [[0.9821906089782715, -0.1728711724281311, 0.07360180467367172], [0.08571913838386536, 0.0636986568570137, -0.9942811131477356], [0.1671941727399826, 0.982882559299469, 0.07738258689641953]], [[0.9985324144363403, -0.0339062325656414, -0.04222993180155754], [0.0345233790576458, 0.9993062019348145, 0.013971301726996899], [0.04172692075371742, -0.015408718027174473, 0.9990102052688599]], [[0.9872502088546753, 0.10441604256629944, 0.12014341354370117], [-0.12926284968852997, 0.966366171836853, 0.22232331335544586], [-0.09288840740919113, -0.2350188046693802, 0.967542290687561]], [[0.9894810914993286, -0.0990513265132904, -0.1054326742887497], [0.11704730242490768, 0.9764721989631653, 0.1811130791902542], [0.08501259237527847, -0.19154857099056244, 0.9777944684028625]], [[0.9997401237487793, -0.00705394521355629, -0.021678967401385307], [0.00802486203610897, 0.9989534020423889, 0.04503053426742554], [0.021338634192943573, -0.04519280046224594, 0.9987503886222839]], [[0.9537161588668823, -0.3002259433269501, -0.017021946609020233], [0.29717493057250977, 0.9323474168777466, 0.20594993233680725], [-0.045961152762174606, -0.2014763057231903, 0.9784144163131714]], [[0.9634009599685669, 0.2527487576007843, -0.08931119740009308], [-0.2242032289505005, 0.9423601031303406, 0.24837560951709747], [0.1469399333000183, -0.21926149725914001, 0.9645377397537231]], [[0.9919853210449219, -0.06829899549484253, -0.10630310326814651], [0.09530355781316757, 0.9568279385566711, 0.2745860815048218], [0.08295982331037521, -0.2825164496898651, 0.9556683897972107]], [[0.9530176520347595, 0.27680203318595886, -0.12303630262613297], [-0.27950432896614075, 0.960131824016571, -0.004926483612507582], [0.11676739901304245, 0.03908420354127884, 0.9923899173736572]], [[0.9737886786460876, -0.2008521556854248, 0.10674295574426651], [0.18253640830516815, 0.9700759053230286, 0.1601037234067917], [-0.13570594787597656, -0.13642270863056183, 0.9813117384910583]], [[0.9976834058761597, -0.016116173937916756, -0.06609118729829788], [0.020711109042167664, 0.9973711967468262, 0.06943918764591217], [0.06479834765195847, -0.07064715027809143, 0.9953944683074951]], [[0.8601036667823792, 0.5099042654037476, -0.014809501357376575], [-0.5066037178039551, 0.8572185635566711, 0.09235265851020813], [0.05978599563241005, -0.07193031162023544, 0.9956162571907043]], [[0.8622843027114868, -0.3877395987510681, 0.3257664740085602], [0.2183031290769577, 0.8650240898132324, 0.4517490267753601], [-0.45695674419403076, -0.31842026114463806, 0.8305414319038391]], [[0.894506573677063, -0.05962285026907921, -0.4430612325668335], [0.18701186776161194, 0.9500906467437744, 0.24970877170562744], [0.4060599207878113, -0.3062238395214081, 0.8610125184059143]], [[-0.07954166829586029, 0.03668871149420738, 0.9961561560630798], [-0.735344409942627, 0.6725315451622009, -0.08348574489355087], [-0.6730095148086548, -0.7391584515571594, -0.02651544101536274]], [[0.9922948479652405, -0.11885298043489456, -0.03499991446733475], [0.11745597422122955, 0.9922888278961182, -0.03958640620112419], [0.03943498432636261, 0.035170432180166245, 0.998603105545044]], [[0.957161009311676, 0.2772822082042694, 0.08341125398874283], [-0.2781742513179779, 0.960530161857605, -0.000963648606557399], [-0.080386221408844, -0.02228049375116825, 0.9965147972106934]], [[0.9676056504249573, 0.24040882289409637, -0.07709069550037384], [-0.22242456674575806, 0.9562154412269592, 0.19020885229110718], [0.11944319307804108, -0.16690029203891754, 0.9787123203277588]], [[0.9645158052444458, -0.2522910237312317, 0.07783592492341995], [0.23658041656017303, 0.9567254185676575, 0.1694289594888687], [-0.11721301078796387, -0.14500246942043304, 0.9824638962745667]]]], "pred_betas": [[0.15279515087604523, 0.4612729251384735, 0.4417502284049988, 0.4036779999732971, 0.320099413394928, 0.015554748475551605, -0.3775005340576172, 0.29094961285591125, 0.5814590454101562, -0.09670946002006531]], "pred_camera": [1.2367503643035889, -0.07304418832063675, 0.34893760085105896]}