{"pred_joints_img": [[390.0558166503906, 149.0703887939453, -39.952728271484375], [399.10784912109375, 182.81317138671875, -5.304252624511719], [353.2535400390625, 194.9405517578125, 6.5719733238220215], [305.85882568359375, 235.15133666992188, 9.090887069702148], [279.7484130859375, 212.197509765625, -42.609222412109375], [437.86328125, 209.8036346435547, -4.8906965255737305], [481.9086608886719, 256.07684326171875, -2.1210689544677734], [523.4786376953125, 270.5056457519531, -44.128204345703125], [372.12109375, 303.3495178222656, 6.497658729553223], [351.1005554199219, 321.18988037109375, 4.750642776489258], [279.9576110839844, 347.1633605957031, -50.9970817565918], [240.4466552734375, 430.7100830078125, -18.335384368896484], [382.9306335449219, 329.1529541015625, 3.5611302852630615], [431.1217346191406, 380.0522155761719, -55.88515853881836], [417.093994140625, 457.19390869140625, 2.7619593143463135], [386.04534912109375, 141.4016876220703, -27.53143882751465], [401.0775146484375, 141.35450744628906, -33.82608413696289], [384.5589904785156, 150.26272583007812, -3.5200045108795166], [418.35577392578125, 150.30636596679688, -17.230119705200195], [439.432373046875, 482.93756103515625, -32.23170471191406], [446.5010986328125, 479.2774353027344, -13.571889877319336], [411.4407958984375, 460.33966064453125, 19.068675994873047], [215.26449584960938, 434.8775329589844, -59.747859954833984], [206.6470184326172, 431.1517333984375, -40.605201721191406], [241.277099609375, 441.6007080078125, -3.7966461181640625], [240.4466552734375, 430.7100830078125, -18.335384368896484], [279.9576110839844, 347.1633605957031, -50.9970817565918], [342.0737609863281, 289.65631103515625, 13.024117469787598], [405.44921875, 304.1238708496094, 9.09132194519043], [431.1217346191406, 380.0522155761719, -55.88515853881836], [417.093994140625, 457.19390869140625, 2.7619593143463135], [279.7484130859375, 212.197509765625, -42.609222412109375], [305.85882568359375, 235.15133666992188, 9.090887069702148], [353.2535400390625, 194.9405517578125, 6.5719733238220215], [437.86328125, 209.8036346435547, -4.8906965255737305], [481.9086608886719, 256.07684326171875, -2.1210689544677734], [523.4786376953125, 270.5056457519531, -44.128204345703125], [398.3730773925781, 182.935546875, -6.242077350616455], [402.6359558105469, 117.10331726074219, -7.925323486328125], [373.6983947753906, 298.3158264160156, 15.560730934143066], [397.134521484375, 196.53781127929688, -0.5298394560813904], [388.5357666015625, 241.1090850830078, 10.277791976928711], [397.5255126953125, 160.40061950683594, -24.979949951171875], [402.1401062011719, 132.74195861816406, -7.7483062744140625], [390.0558166503906, 149.0703887939453, -39.952728271484375], [401.0775146484375, 141.35450744628906, -33.82608413696289], [386.04534912109375, 141.4016876220703, -27.53143882751465], [418.35577392578125, 150.30636596679688, -17.230119705200195], [384.5589904785156, 150.26272583007812, -3.5200045108795166]], "pred_body_pose": [[2.9382901191711426, 0.35294461250305176, -0.04952511563897133, -0.726797878742218, 0.14861942827701569, 0.6535300016403198, -0.7232258915901184, -0.1058279499411583, -0.6092395782470703, 0.45988619327545166, 0.007889185100793839, -0.0336773507297039, 1.48268461227417, -0.03727584704756737, -0.12053613364696503, 1.1155154705047607, 0.04086349904537201, 0.10874242335557938, -0.027671800926327705, -0.029790682718157768, 0.05491621792316437, -0.22169825434684753, 0.13219058513641357, -0.15244494378566742, -0.11038969457149506, -0.10859052836894989, 0.19669944047927856, 0.0027296559419482946, -0.019479330629110336, 0.031418487429618835, -0.22946207225322723, 0.09011341631412506, 0.2951602041721344, -0.26344701647758484, -0.11735309660434723, -0.3092106282711029, -0.21996748447418213, -0.11521947383880615, 0.11019934713840485, 0.004920735955238342, 0.012912345118820667, -0.16865207254886627, -0.053478486835956573, 0.005098466761410236, 0.2366795539855957, -0.06330189853906631, -0.12843863666057587, 0.07371871173381805, -0.17394034564495087, -0.08864565938711166, -0.4082890748977661, -0.15183649957180023, 0.23757518827915192, 0.5974381566047668, -0.3141426742076874, -0.7512418031692505, 0.27673372626304626, -0.26261264085769653, 1.3539984226226807, -0.5185680985450745, 0.07519115507602692, -0.02983686327934265, 0.07040083408355713, -0.0119550209492445, 0.04556770622730255, -0.11168251931667328, -0.16799935698509216, -0.0895051434636116, -0.19544881582260132, -0.13920742273330688, 0.09154371917247772, 0.18874308466911316]], "pred_rotmat": [[[[0.9712401032447815, 0.2378293126821518, -0.011392145417630672], [0.23177996277809143, -0.9553214311599731, -0.18340957164764404], [-0.05450333282351494, 0.17549428343772888, -0.9829705357551575]], [[0.7931132912635803, -0.6019008159637451, -0.09320250153541565], [0.5024009346961975, 0.5599930286407471, 0.6587876677513123], [-0.3443320393562317, -0.5693182945251465, 0.7465334534645081]], [[0.8228108286857605, 0.5568430423736572, 0.11361418664455414], [-0.48590898513793945, 0.5856196284294128, 0.6488006114959717], [0.29474541544914246, -0.58904629945755, 0.7524292469024658]], [[0.9994122982025146, 0.034278303384780884, 4.89482863486046e-06], [-0.03071402572095394, 0.8955562710762024, -0.4438868463039398], [-0.01522007118910551, 0.4436258375644684, 0.8960827589035034]], [[0.993405282497406, 0.057829052209854126, -0.09900443255901337], [-0.10362280160188675, 0.08323460072278976, -0.9911277890205383], [-0.04907538369297981, 0.9948505759239197, 0.08867809921503067]], [[0.9939308762550354, -0.06683595478534698, 0.08737451583147049], [0.1078375056385994, 0.4350397288799286, -0.8939302563667297], [0.021735286340117455, 0.8979272246360779, 0.43960684537887573]], [[0.9980491399765015, -0.05446147546172142, -0.0305270254611969], [0.05528552085161209, 0.9981099367141724, 0.026832595467567444], [0.029007986187934875, -0.028467949479818344, 0.9991737008094788]], [[0.9797950387001038, 0.13562816381454468, 0.14699183404445648], [-0.16471578180789948, 0.96407550573349, 0.20839202404022217], [-0.11344738304615021, -0.22839336097240448, 0.966936469078064]], [[0.9748902916908264, -0.1886889934539795, -0.11826009303331375], [0.20061378180980682, 0.9746942520141602, 0.09861612319946289], [0.09665966778993607, -0.11986450850963593, 0.9880735874176025]], [[0.9993168115615845, -0.03143787011504173, -0.01943199150264263], [0.03138470649719238, 0.9995027780532837, -0.0030350012239068747], [0.019517742097377777, 0.0024230603594332933, 0.9998065829277039]], [[0.9529640078544617, -0.2981504797935486, 0.054459866136312485], [0.2777264416217804, 0.9309709072113037, 0.23698364198207855], [-0.12135732918977737, -0.21071194112300873, 0.9699860215187073]], [[0.9461185336112976, 0.3153080642223358, -0.0737602710723877], [-0.284849613904953, 0.918714165687561, 0.2735414505004883], [0.1540144383907318, -0.2377920299768448, 0.959027886390686]], [[0.9873682260513306, -0.09625427424907684, -0.12585318088531494], [0.12144330888986588, 0.9699209332466125, 0.21096205711364746], [0.10176162421703339, -0.22358128428459167, 0.9693585634231567]], [[0.9857289791107178, 0.16788004338741302, 0.012436853721737862], [-0.1678166389465332, 0.9858000874519348, -0.005983537063002586], [-0.01326476689428091, 0.003811034606769681, 0.9999047517776489]], [[0.9721156358718872, -0.2344985157251358, -0.0012490666704252362], [0.23422719538211823, 0.9707056879997253, 0.05355542153120041], [-0.011346190236508846, -0.05235463008284569, 0.9985641241073608]], [[0.9890581965446472, -0.06934401392936707, -0.13021233677864075], [0.07745686173439026, 0.9952894449234009, 0.05830466002225876], [0.1255558729171753, -0.06775254011154175, 0.9897703528404236]], [[0.914200484752655, 0.4020727872848511, -0.05074349418282509], [-0.3869151175022125, 0.9031917452812195, 0.18585306406021118], [0.12055756896734238, -0.15027354657649994, 0.9812663793563843]], [[0.8007213473320007, -0.5723099112510681, 0.17693687975406647], [0.5375303030014038, 0.8168167471885681, 0.20945516228675842], [-0.2643983066082001, -0.07260627299547195, 0.9616765379905701]], [[0.6987991333007812, -0.13295723497867584, -0.7028528451919556], [0.35476237535476685, 0.9176363348960876, 0.17912884056568146], [0.6211468577384949, -0.37452080845832825, 0.6884117126464844]], [[0.12582512199878693, 0.20240505039691925, 0.9711849093437195], [-0.4981265962123871, 0.8594989776611328, -0.1145920678973198], [-0.8579264879226685, -0.4693544805049896, 0.20896990597248077]], [[0.9970795512199402, -0.07138663530349731, -0.027135483920574188], [0.0691453143954277, 0.9947000741958618, -0.07609638571739197], [0.03242393210530281, 0.0739978551864624, 0.996731162071228]], [[0.9927341341972351, 0.11113716661930084, 0.046122971922159195], [-0.11168128997087479, 0.9936997890472412, 0.00938432291150093], [-0.04478943720459938, -0.014467210508883, 0.9988916516304016]], [[0.977037250995636, 0.20050501823425293, -0.07208283245563507], [-0.18556123971939087, 0.966993510723114, 0.17461566627025604], [0.10471493750810623, -0.1572302281856537, 0.98199462890625]], [[0.9781138896942139, -0.19309374690055847, 0.0775117501616478], [0.18041734397411346, 0.9726436138153076, 0.14633511006832123], [-0.10364770889282227, -0.12914793193340302, 0.9861937165260315]]]], "pred_betas": [[0.1390915811061859, 0.2551635205745697, 0.5796505212783813, 0.4979470670223236, 0.12226951122283936, 0.03066425397992134, -0.13548624515533447, 0.22879181802272797, 0.4457550048828125, -0.04900592565536499]], "pred_camera": [1.1813791990280151, -0.04534720629453659, 0.32895174622535706]}