{"pred_joints_img": [[391.33453369140625, 149.86065673828125, -44.350521087646484], [401.37481689453125, 182.09640502929688, -7.310719013214111], [355.8934631347656, 192.54013061523438, 8.5339994430542], [304.2325744628906, 229.3192596435547, 15.564836502075195], [279.1106262207031, 188.55892944335938, -26.682886123657227], [439.7984924316406, 211.65097045898438, -8.439799308776855], [480.30657958984375, 262.7940979003906, -1.7356852293014526], [525.8073120117188, 291.4485168457031, -33.16475296020508], [373.360595703125, 304.0828857421875, 6.414666652679443], [352.1110534667969, 322.46826171875, 4.7682929039001465], [281.534912109375, 347.211669921875, -55.95282745361328], [253.89585876464844, 435.8140869140625, -17.756301879882812], [384.6101379394531, 330.27691650390625, 3.2875452041625977], [433.8580627441406, 378.8494873046875, -60.654762268066406], [417.3826599121094, 458.48297119140625, -1.9628808498382568], [387.1090087890625, 141.27761840820312, -32.31357955932617], [402.4595031738281, 141.45884704589844, -38.67521667480469], [385.8103332519531, 148.72076416015625, -7.307302951812744], [420.03533935546875, 149.1694793701172, -21.199851989746094], [439.4125061035156, 484.46466064453125, -38.276607513427734], [447.07855224609375, 481.03057861328125, -19.453847885131836], [411.80322265625, 461.71063232421875, 14.63941764831543], [226.0657958984375, 443.14703369140625, -58.11311721801758], [218.17042541503906, 439.8484191894531, -38.22739028930664], [256.6258544921875, 446.2506103515625, -2.73665189743042], [253.89585876464844, 435.8140869140625, -17.756301879882812], [281.534912109375, 347.211669921875, -55.95282745361328], [342.5785217285156, 290.5619812011719, 13.55833911895752], [407.25531005859375, 304.543701171875, 8.962691307067871], [433.8580627441406, 378.8494873046875, -60.654762268066406], [417.3826599121094, 458.48297119140625, -1.9628808498382568], [279.1106262207031, 188.55892944335938, -26.682886123657227], [304.2325744628906, 229.3192596435547, 15.564836502075195], [355.8934631347656, 192.54013061523438, 8.5339994430542], [439.7984924316406, 211.65097045898438, -8.439799308776855], [480.30657958984375, 262.7940979003906, -1.7356852293014526], [525.8073120117188, 291.4485168457031, -33.16475296020508], [400.5636291503906, 182.4312744140625, -8.25336742401123], [403.58599853515625, 115.09507751464844, -13.879694938659668], [374.9223937988281, 299.0841369628906, 15.814784049987793], [399.4192810058594, 196.19235229492188, -1.731314778327942], [389.9624938964844, 241.02073669433594, 9.8536958694458], [399.0657958984375, 160.226318359375, -28.365013122558594], [403.3684387207031, 131.0050811767578, -12.71148681640625], [391.33453369140625, 149.86065673828125, -44.350521087646484], [402.4595031738281, 141.45884704589844, -38.67521667480469], [387.1090087890625, 141.27761840820312, -32.31357955932617], [420.03533935546875, 149.1694793701172, -21.199851989746094], [385.8103332519531, 148.72076416015625, -7.307302951812744]], "pred_body_pose": [[2.9319310188293457, 0.33939918875694275, -0.06177326664328575, -0.7660675644874573, 0.14407531917095184, 0.6498034596443176, -0.7801428437232971, -0.10953615605831146, -0.58152174949646, 0.4773980677127838, -0.00011506977898534387, -0.04270640015602112, 1.5276213884353638, -0.014227830804884434, -0.13644558191299438, 1.2717255353927612, -0.007771678268909454, 0.13424907624721527, -0.01404795702546835, -0.0501081645488739, 0.04595113918185234, -0.23313666880130768, 0.11874351650476456, -0.1302015781402588, -0.13271106779575348, -0.10041270405054092, 0.15428219735622406, -0.004630613140761852, -0.03811126947402954, 0.022822942584753036, -0.20761731266975403, 0.06916066259145737, 0.283592164516449, -0.25914913415908813, -0.12128879874944687, -0.26173722743988037, -0.18338531255722046, -0.09096630662679672, 0.131773442029953, 0.021034000441432, 0.01805420033633709, -0.2212967574596405, -0.07351483404636383, -0.05118214339017868, 0.22273878753185272, -0.044337619096040726, -0.08853808790445328, 0.07491756230592728, -0.18176114559173584, -0.02976962924003601, -0.4394181966781616, -0.22635477781295776, 0.21438534557819366, 0.5636026263237, -0.42537975311279297, -0.565204381942749, 0.20739391446113586, -0.4049244523048401, 1.5121372938156128, -0.6162609457969666, 0.008979903534054756, -0.025377554818987846, 0.10157053917646408, -0.061329327523708344, 0.0605974942445755, -0.19731076061725616, -0.1581946164369583, -0.0895078033208847, -0.20862437784671783, -0.13631586730480194, 0.09401234239339828, 0.21737797558307648]], "pred_rotmat": [[[[0.9729339480400085, 0.23025545477867126, -0.019542282447218895], [0.22237494587898254, -0.9559123516082764, -0.191783607006073], [-0.06283993273973465, 0.1822470873594284, -0.9812425971031189]], [[0.7968677878379822, -0.5944824814796448, -0.1076674833893776], [0.4932640492916107, 0.5372902154922485, 0.6841124296188354], [-0.34884414076805115, -0.5982556939125061, 0.7213860750198364]], [[0.8384665250778198, 0.5323705077171326, 0.11642786860466003], [-0.45352983474731445, 0.5632401704788208, 0.6907033324241638], [0.3021332621574402, -0.631935179233551, 0.7137039303779602]], [[0.9991053342819214, 0.04106295481324196, -0.010111020877957344], [-0.04111684858798981, 0.8873159289360046, -0.4593254327774048], [-0.009889592416584492, 0.459330290555954, 0.8882104754447937]], [[0.9922960996627808, 0.08000283688306808, -0.09459441155195236], [-0.09779719263315201, 0.03710189461708069, -0.9945146441459656], [-0.07605435699224472, 0.9961039423942566, 0.04464012011885643]], [[0.9921253323554993, -0.104839988052845, 0.0685264840722084], [0.09623215347528458, 0.28787606954574585, -0.9528204202651978], [0.08016654849052429, 0.9519117474555969, 0.2956981062889099]], [[0.9976897835731506, -0.04556241258978844, -0.05039055272936821], [0.04626606032252312, 0.9988460540771484, 0.012885874137282372], [0.04974529147148132, -0.015187475830316544, 0.9986464977264404]], [[0.9845839738845825, 0.11461267620325089, 0.1321301907300949], [-0.14209969341754913, 0.9646004438400269, 0.22215688228607178], [-0.10199084132909775, -0.23750774562358856, 0.9660165905952454]], [[0.9831297397613525, -0.14632701873779297, -0.10974670201539993], [0.1595958024263382, 0.9793811440467834, 0.12386218458414078], [0.08935946226119995, -0.13928771018981934, 0.986211895942688]], [[0.9990134239196777, -0.022727129980921745, -0.03815142810344696], [0.022903576493263245, 0.9997288584709167, 0.004194239620119333], [0.03804576024413109, -0.005063906777650118, 0.9992631077766418]], [[0.9578498005867004, -0.28466928005218506, 0.03856521472334862], [0.27046316862106323, 0.9388929009437561, 0.21290802955627441], [-0.09681696444749832, -0.19350342452526093, 0.9763109087944031]], [[0.9589101076126099, 0.27074652910232544, -0.08478014171123505], [-0.23970656096935272, 0.9330134987831116, 0.26837781071662903], [0.15176336467266083, -0.2370278388261795, 0.9595757722854614]], [[0.9872435927391052, -0.12217577546834946, -0.10209347307682037], [0.13877540826797485, 0.9746285080909729, 0.17561522126197815], [0.07804728299379349, -0.1875430941581726, 0.9791507720947266]], [[0.9754528999328613, 0.2196558117866516, 0.015587154775857925], [-0.21927765011787415, 0.9753949046134949, -0.02284945733845234], [-0.020222647115588188, 0.018870655447244644, 0.9996173977851868]], [[0.974009096622467, -0.21873298287391663, -0.05883994325995445], [0.22247755527496338, 0.9726234674453735, 0.06713786721229553], [0.042543839663267136, -0.0784834623336792, 0.9960072636604309]], [[0.9932828545570374, -0.07276494055986404, -0.0899694636464119], [0.07668547332286835, 0.9962156414985657, 0.04091150686144829], [0.08665206283330917, -0.04753604531288147, 0.9951039552688599]], [[0.9048336148262024, 0.42563506960868835, 0.01052879448980093], [-0.4203256666660309, 0.8890600800514221, 0.18137964606285095], [0.06784079968929291, -0.16854393482208252, 0.983356773853302]], [[0.8243943452835083, -0.5488712191581726, 0.1382547914981842], [0.5019986629486084, 0.8218465447425842, 0.26938003301620483], [-0.2614791691303253, -0.15267165005207062, 0.9530582427978516]], [[0.8268257975578308, -0.07424710690975189, -0.5575361251831055], [0.30398130416870117, 0.8929998874664307, 0.3318833112716675], [0.47323834896087646, -0.44389021396636963, 0.7609250545501709]], [[-0.04694156348705292, 0.1236116960644722, 0.9912198185920715], [-0.6044539213180542, 0.7864990830421448, -0.12670700252056122], [-0.7952558398246765, -0.6050945520401001, 0.03779807686805725]], [[0.9945247173309326, -0.1014975905418396, -0.024875257164239883], [0.1012699082493782, 0.9948062300682068, -0.010251008905470371], [0.025786511600017548, 0.007675767410546541, 0.999638020992279]], [[0.9787803292274475, 0.19393853843212128, 0.06615744531154633], [-0.19764061272144318, 0.9787359833717346, 0.05490129813551903], [-0.05410318821668625, -0.0668117105960846, 0.9962976574897766]], [[0.9743960499763489, 0.21300721168518066, -0.07197341322898865], [-0.19893766939640045, 0.9659432172775269, 0.16546104848384857], [0.10476664453744888, -0.14690637588500977, 0.9835864305496216]], [[0.9721282720565796, -0.22105059027671814, 0.0781225934624672], [0.20831476151943207, 0.9672867059707642, 0.14478033781051636], [-0.10757073014974594, -0.12447098642587662, 0.9863748550415039]]]], "pred_betas": [[0.14510111510753632, 0.3835620880126953, 0.4953184723854065, 0.3793451189994812, 0.2469538450241089, 0.03727033734321594, -0.19451472163200378, 0.2321324497461319, 0.5525062084197998, -0.13029763102531433]], "pred_camera": [1.2475935220718384, -0.050849009305238724, 0.3476976454257965]}