{"pred_joints_img": [[385.8432312011719, 147.2638702392578, -41.45891189575195], [393.6955871582031, 182.25180053710938, -5.487210273742676], [348.01788330078125, 191.50946044921875, 5.84714412689209], [288.49407958984375, 201.0961456298828, -15.890915870666504], [310.4742126464844, 145.02015686035156, -37.503021240234375], [432.822998046875, 213.785400390625, -9.6132173538208], [459.3260192871094, 273.832763671875, -3.534010887145996], [478.6360778808594, 327.03497314453125, -30.016254425048828], [374.60693359375, 306.9836120605469, 6.631920337677002], [355.3147277832031, 327.48052978515625, 2.2704734802246094], [317.9773254394531, 360.6292724609375, -79.9544906616211], [314.7532653808594, 446.14678955078125, -27.708532333374023], [388.86090087890625, 332.07403564453125, 3.5743613243103027], [433.7500305175781, 379.7105712890625, -63.78730010986328], [412.9975891113281, 457.15911865234375, -3.7366347312927246], [381.25762939453125, 139.18856811523438, -29.16448402404785], [397.2199401855469, 139.79989624023438, -34.54267120361328], [378.0620422363281, 148.3479766845703, -4.580716133117676], [413.44073486328125, 149.52801513671875, -16.228805541992188], [430.2925720214844, 486.37744140625, -39.9608154296875], [440.11181640625, 482.9676818847656, -22.015600204467773], [408.443359375, 458.5252380371094, 13.312066078186035], [304.0083312988281, 467.90655517578125, -71.45555114746094], [289.71917724609375, 464.620361328125, -55.515411376953125], [315.6291809082031, 452.9158020019531, -10.699134826660156], [314.7532653808594, 446.14678955078125, -27.708532333374023], [317.9773254394531, 360.6292724609375, -79.9544906616211], [340.8343811035156, 297.5932922363281, 11.661319732666016], [408.63818359375, 304.64617919921875, 11.865379333496094], [433.7500305175781, 379.7105712890625, -63.78730010986328], [412.9975891113281, 457.15911865234375, -3.7366347312927246], [310.4742126464844, 145.02015686035156, -37.503021240234375], [288.49407958984375, 201.0961456298828, -15.890915870666504], [348.01788330078125, 191.50946044921875, 5.84714412689209], [432.822998046875, 213.785400390625, -9.6132173538208], [459.3260192871094, 273.832763671875, -3.534010887145996], [478.6360778808594, 327.03497314453125, -30.016254425048828], [393.1700744628906, 182.722900390625, -6.874843120574951], [397.8566589355469, 114.706298828125, -7.817990303039551], [374.581787109375, 302.8009338378906, 16.42852020263672], [392.1598205566406, 196.56112670898438, -2.308445453643799], [384.0097351074219, 241.74903869628906, 10.778358459472656], [392.278076171875, 159.2676239013672, -25.645675659179688], [396.9001770019531, 130.90257263183594, -7.682097434997559], [385.8432312011719, 147.2638702392578, -41.45891189575195], [397.2199401855469, 139.79989624023438, -34.54267120361328], [381.25762939453125, 139.18856811523438, -29.16448402404785], [413.44073486328125, 149.52801513671875, -16.228805541992188], [378.0620422363281, 148.3479766845703, -4.580716133117676]], "pred_body_pose": [[2.8967580795288086, 0.17608711123466492, 0.04958941042423248, -0.7479258179664612, 0.09308572858572006, 0.47080326080322266, -0.8903034925460815, -0.0249493345618248, -0.2945086658000946, 0.5570599436759949, -0.03689682483673096, -0.0195760540664196, 1.5854899883270264, 0.009896227158606052, -0.16790492832660675, 1.5961270332336426, -0.0034711298067122698, 0.19268319010734558, -0.029875166714191437, -0.08209183067083359, 0.0035745231434702873, -0.18662899732589722, 0.088340625166893, -0.06887523084878922, -0.19156025350093842, -0.07624275982379913, 0.046065304428339005, -0.0318429060280323, -0.0516824834048748, -0.012962374836206436, -0.22308897972106934, 0.04118102416396141, 0.2093563824892044, -0.22703883051872253, -0.12334348261356354, -0.16445615887641907, -0.21323707699775696, -0.12805889546871185, 0.09853013604879379, 0.029623351991176605, -0.1509271264076233, -0.2895817160606384, -0.18052245676517487, 0.08278881013393402, 0.059984464198350906, -0.09290368109941483, -0.023610951378941536, 0.05133691430091858, 0.0228735264390707, -0.0835835263133049, -0.6520416736602783, -0.41680705547332764, 0.4521951675415039, 0.25938764214515686, -0.04470813646912575, -0.41158393025398254, 0.07715799659490585, -0.40501123666763306, 1.6992586851119995, -0.7532024383544922, 0.09509655833244324, -0.02568444050848484, 0.03363686054944992, 0.028369726613163948, 0.09786129742860794, -0.20441053807735443, -0.18270878493785858, -0.10087231546640396, -0.20931971073150635, -0.13455089926719666, 0.08918217569589615, 0.22644373774528503]], "pred_rotmat": [[[[0.9921683073043823, 0.11532484740018845, 0.04798242449760437], [0.12341602891683578, -0.9643037915229797, -0.23427894711494446], [0.01925145462155342, 0.23836591839790344, -0.9709845781326294]], [[0.8922215700149536, -0.4438171088695526, -0.08346843719482422], [0.3786587119102478, 0.6345087289810181, 0.6738072633743286], [-0.2460857480764389, -0.6327914595603943, 0.7341775894165039]], [[0.9594316482543945, 0.2634906768798828, 0.1003168523311615], [-0.2428600788116455, 0.5916247367858887, 0.7687646150588989], [0.14321240782737732, -0.7619401812553406, 0.6316148638725281]], [[0.9991500973701477, 0.008561288006603718, -0.04031972587108612], [-0.028586052358150482, 0.8486486077308655, -0.5281841158866882], [0.02969534508883953, 0.5288878083229065, 0.8481720685958862]], [[0.9886087775230408, 0.11159863322973251, -0.10098743438720703], [-0.09896288067102432, -0.023548543453216553, -0.9948124289512634], [-0.11339780688285828, 0.9934743046760559, -0.012236174196004868]], [[0.9851012229919434, -0.12198970466852188, 0.12121932953596115], [0.1175445094704628, -0.03690945357084274, -0.9923815131187439], [0.12553444504737854, 0.991844892501831, -0.022020328789949417]], [[0.9966261982917786, -0.002344498410820961, -0.08204066008329391], [0.004795443266630173, 0.9995476603507996, 0.029690492898225784], [0.08193393051624298, -0.029983745887875557, 0.9961866140365601]], [[0.993750810623169, 0.06012168899178505, 0.09404642134904861], [-0.07654361426830292, 0.9802908897399902, 0.18212853372097015], [-0.08124297857284546, -0.18818902969360352, 0.9787667989730835]], [[0.99604731798172, -0.03844800218939781, -0.08007266372442245], [0.05299883708357811, 0.9806633591651917, 0.18838900327682495], [0.07128114998340607, -0.19188809394836426, 0.97882479429245]], [[0.9985808730125427, 0.013776648789644241, -0.051442988216876984], [-0.012131454423069954, 0.9994091391563416, 0.03215731680393219], [0.05185561999678612, -0.0314876064658165, 0.9981579780578613]], [[0.9774171710014343, -0.2106042206287384, 0.017362387850880623], [0.20148994028568268, 0.953571081161499, 0.22383925318717957], [-0.06369777023792267, -0.2152860015630722, 0.974471390247345]], [[0.979034960269928, 0.17578978836536407, -0.10290062427520752], [-0.14800427854061127, 0.9610099196434021, 0.23356910049915314], [0.13994760811328888, -0.2134425789117813, 0.9668799638748169]], [[0.9870240092277527, -0.08378671854734421, -0.13697929680347443], [0.11093112081289291, 0.9725750684738159, 0.20443105697631836], [0.11609404534101486, -0.21697364747524261, 0.9692494869232178]], [[0.9471576809883118, 0.2822049558162689, -0.15248803794384003], [-0.28663599491119385, 0.9580106735229492, -0.007437597028911114], [0.14398625493049622, 0.0507531464099884, 0.9882772564888]], [[0.994792640209198, -0.06700094789266586, 0.07680132985115051], [0.0521092414855957, 0.9819716215133667, 0.18170440196990967], [-0.08759108930826187, -0.1767561435699463, 0.9803494811058044]], [[0.9984051585197449, -0.05014011636376381, -0.02594679594039917], [0.05233149975538254, 0.9943723082542419, 0.09211525321006775], [0.02118210308253765, -0.09332616627216339, 0.9954103231430054]], [[0.7916069030761719, 0.6051068902015686, -0.08487748354673386], [-0.6069508194923401, 0.7947235107421875, 0.005022113211452961], [0.07049304991960526, 0.04754091799259186, 0.9963787198066711]], [[0.8690889477729797, -0.3313451111316681, 0.36728036403656006], [0.14976094663143158, 0.8839027285575867, 0.44304370880126953], [-0.4714404344558716, -0.3300401270389557, 0.8178126215934753]], [[0.9136108160018921, -0.06583201885223389, -0.401224821805954], [0.0839628279209137, 0.9960823059082031, 0.027753079310059547], [0.3978259265422821, -0.059043481945991516, 0.9155589938163757]], [[-0.2654041647911072, 0.12230119854211807, 0.9563486576080322], [-0.6264557242393494, 0.7321255207061768, -0.2674795687198639], [-0.7328804731369019, -0.6701003313064575, -0.11769287288188934]], [[0.9991052150726318, -0.03479629382491112, -0.02404015138745308], [0.032356005162000656, 0.9949172139167786, -0.09535650163888931], [0.02723601460456848, 0.0944933369755745, 0.9951528310775757]], [[0.9744312167167664, 0.20402011275291443, 0.09412573277950287], [-0.20125585794448853, 0.9787981510162354, -0.03808225318789482], [-0.09989964216947556, 0.01816518045961857, 0.9948317408561707]], [[0.9732010364532471, 0.21543310582637787, -0.08042635768651962], [-0.19713665544986725, 0.961681604385376, 0.1905404031276703], [0.11839325726032257, -0.16957911849021912, 0.9783793091773987]], [[0.9705752730369568, -0.22949756681919098, 0.07290095835924149], [0.21757513284683228, 0.965532660484314, 0.14285582304000854], [-0.10317331552505493, -0.12279089540243149, 0.9870550632476807]]]], "pred_betas": [[0.05285181850194931, 0.23049631714820862, 0.5205853581428528, 0.6242330074310303, 0.3748111128807068, 0.12478651851415634, -0.4108184278011322, 0.32086998224258423, 0.7462493181228638, -0.024817034602165222]], "pred_camera": [1.2383695840835571, -0.03860464692115784, 0.36107122898101807]}