{"pred_joints_img": [[389.72576904296875, 151.0634002685547, -40.95568084716797], [396.33367919921875, 184.1015625, -5.132302761077881], [351.1541748046875, 196.50709533691406, 9.238268852233887], [307.6885070800781, 237.10902404785156, 26.193866729736328], [269.5291748046875, 235.5363311767578, -22.612014770507812], [435.49639892578125, 209.61456298828125, -4.669403553009033], [484.7603759765625, 249.7152099609375, -2.2420129776000977], [530.7953491210938, 253.90890502929688, -41.324989318847656], [370.0549011230469, 304.5228271484375, 6.617506980895996], [348.8651123046875, 322.13165283203125, 4.528463363647461], [277.5793762207031, 345.79473876953125, -51.252342224121094], [221.751953125, 423.3760681152344, -31.685916900634766], [380.6122131347656, 330.3458557128906, 3.0854151248931885], [427.42596435546875, 381.43377685546875, -56.518795013427734], [418.3414611816406, 460.84033203125, -0.7910506725311279], [384.59417724609375, 143.26165771484375, -29.069490432739258], [400.0915222167969, 143.30166625976562, -33.89902877807617], [380.7183837890625, 151.73941040039062, -5.1529622077941895], [415.69830322265625, 151.931884765625, -15.748682022094727], [440.1126403808594, 484.7252197265625, -37.551429748535156], [447.58526611328125, 481.4651184082031, -19.035381317138672], [413.4218444824219, 465.0523681640625, 15.63282299041748], [202.1716766357422, 423.4680480957031, -76.0699691772461], [191.31439208984375, 418.9557189941406, -58.16386413574219], [219.35369873046875, 435.0054931640625, -17.817142486572266], [221.751953125, 423.3760681152344, -31.685916900634766], [277.5793762207031, 345.79473876953125, -51.252342224121094], [340.1503601074219, 290.54156494140625, 13.480057716369629], [403.4920959472656, 305.7086181640625, 9.06763744354248], [427.42596435546875, 381.43377685546875, -56.518795013427734], [418.3414611816406, 460.84033203125, -0.7910506725311279], [269.5291748046875, 235.5363311767578, -22.612014770507812], [307.6885070800781, 237.10902404785156, 26.193866729736328], [351.1541748046875, 196.50709533691406, 9.238268852233887], [435.49639892578125, 209.61456298828125, -4.669403553009033], [484.7603759765625, 249.7152099609375, -2.2420129776000977], [530.7953491210938, 253.90890502929688, -41.324989318847656], [395.765625, 184.16415405273438, -5.996829509735107], [399.23455810546875, 118.69386291503906, -8.384695053100586], [371.7265625, 299.6432189941406, 15.780747413635254], [394.7319030761719, 197.3116912841797, 0.4771984815597534], [386.6776428222656, 242.194580078125, 11.235424041748047], [395.7101745605469, 162.19052124023438, -25.134193420410156], [398.7763366699219, 134.26585388183594, -8.01713752746582], [389.72576904296875, 151.0634002685547, -40.95568084716797], [400.0915222167969, 143.30166625976562, -33.89902877807617], [384.59417724609375, 143.26165771484375, -29.069490432739258], [415.69830322265625, 151.931884765625, -15.748682022094727], [380.7183837890625, 151.73941040039062, -5.1529622077941895]], "pred_body_pose": [[2.9191484451293945, 0.36406710743904114, -0.05605078488588333, -0.7085022926330566, 0.1390298455953598, 0.6520535349845886, -0.7092326879501343, -0.06337112933397293, -0.6292465925216675, 0.47800710797309875, -0.002810282399877906, -0.02588719315826893, 1.425939679145813, -0.058532148599624634, -0.09417735040187836, 0.9277885556221008, 0.10456479340791702, 0.07406895607709885, -0.0320986732840538, -0.025182554498314857, 0.059164103120565414, -0.21891281008720398, 0.12255002558231354, -0.15189141035079956, -0.06351382285356522, -0.11429057270288467, 0.23828746378421783, 0.018462995067238808, -0.023551397025585175, 0.037427470088005066, -0.20811019837856293, 0.1058356985449791, 0.26415976881980896, -0.25085267424583435, -0.07885479927062988, -0.3426252603530884, -0.21728603541851044, -0.05070098489522934, 0.10077910125255585, -0.0064551648683846, 0.052515048533678055, -0.13193126022815704, -0.014433098025619984, -0.06229956075549126, 0.248788982629776, -0.07178317755460739, -0.07780931144952774, 0.06831324845552444, -0.23299852013587952, -0.07222101837396622, -0.3336355686187744, -0.05600065365433693, 0.1219542846083641, 0.628748893737793, -0.4222368597984314, -0.7567530274391174, 0.29349851608276367, -0.15654884278774261, 1.2260286808013916, -0.40687254071235657, 0.043636467307806015, -0.03219716623425484, 0.07684212923049927, 0.023577822372317314, 0.05063174292445183, -0.10250344127416611, -0.15632838010787964, -0.08717985451221466, -0.18213360011577606, -0.16108004748821259, 0.08649256825447083, 0.18816427886486053]], "pred_rotmat": [[[[0.9689633846282959, 0.2468658983707428, -0.012929157353937626], [0.23932290077209473, -0.9498884081840515, -0.201088547706604], [-0.061923157423734665, 0.19175320863723755, -0.9794877767562866]], [[0.7947343587875366, -0.5994411706924438, -0.09522369503974915], [0.5084664225578308, 0.5718547701835632, 0.6437731981277466], [-0.33145004510879517, -0.5600467920303345, 0.7592683434486389]], [[0.8146190643310547, 0.5595635771751404, 0.15259206295013428], [-0.5179005265235901, 0.5833396315574646, 0.625694751739502], [0.26110297441482544, -0.5887303948402405, 0.7649978399276733]], [[0.9996674060821533, 0.02425076812505722, -0.008774038404226303], [-0.025568639859557152, 0.8875910639762878, -0.45992207527160645], [-0.0033657040912657976, 0.459993451833725, 0.8879159092903137]], [[0.9948314428329468, 0.03011215291917324, -0.09697312116622925], [-0.10028324276208878, 0.14152979850769043, -0.9848414063453674], [-0.01593109592795372, 0.9894758462905884, 0.14381803572177887]], [[0.9923728704452515, -0.018641918897628784, 0.12185461819171906], [0.1087682768702507, 0.5976125001907349, -0.7943732142448425], [-0.0580131933093071, 0.801568329334259, 0.5950821042060852]], [[0.9979336261749268, -0.05870920047163963, -0.026110021397471428], [0.05951717868447304, 0.9977356195449829, 0.03132642060518265], [0.02421174943447113, -0.03281567990779877, 0.9991681575775146]], [[0.9810913801193237, 0.136405348777771, 0.13730743527412415], [-0.16304133832454681, 0.9647567868232727, 0.20654746890068054], [-0.10429411381483078, -0.22502872347831726, 0.9687542915344238]], [[0.9652928709983826, -0.2317570447921753, -0.12040931731462479], [0.2389715015888214, 0.9697792530059814, 0.04920129477977753], [0.10536771267652512, -0.07626804709434509, 0.9915043115615845]], [[0.9990224838256836, -0.03763052076101303, -0.023196939378976822], [0.03719577565789223, 0.9991293549537659, -0.01889657974243164], [0.02388782985508442, 0.01801527850329876, 0.9995523691177368]], [[0.9599268436431885, -0.26962071657180786, 0.07645323127508163], [0.24782238900661469, 0.9440381526947021, 0.21766042709350586], [-0.13086052238941193, -0.1899912804365158, 0.9730256199836731]], [[0.9391497373580933, 0.34180977940559387, -0.034115660935640335], [-0.3223344385623932, 0.9112332463264465, 0.25642630457878113], [0.11873635649681091, -0.22982604801654816, 0.9659615159034729]], [[0.9936680793762207, -0.094294473528862, -0.06109035015106201], [0.10525616258382797, 0.9714581370353699, 0.21257972717285156], [0.03930162638425827, -0.21766386926174164, 0.9752320051193237]], [[0.9899351000785828, 0.13131819665431976, 0.05276348814368248], [-0.13165663182735443, 0.9912909269332886, 0.0029750890098512173], [-0.05191328376531601, -0.009891808032989502, 0.998602569103241]], [[0.9672918915748596, -0.24561478197574615, -0.0634022206068039], [0.24650903046131134, 0.9691182374954224, 0.006567690055817366], [0.059831131249666214, -0.021982092410326004, 0.997966468334198]], [[0.9946466088294983, -0.06534364819526672, -0.08005223423242569], [0.07092165946960449, 0.9950966835021973, 0.0689392238855362], [0.07515497505664825, -0.07424759864807129, 0.9944038391113281]], [[0.9425603747367859, 0.3325125277042389, -0.03186425939202309], [-0.3159233331680298, 0.9183714985847473, 0.23829881846904755], [0.10850057005882263, -0.2145443707704544, 0.9706690311431885]], [[0.8018689155578613, -0.5896201729774475, 0.09671784192323685], [0.5830226540565491, 0.8075379133224487, 0.08925856649875641], [-0.1307319700717926, -0.015184974297881126, 0.9913014769554138]], [[0.6929391026496887, -0.10530474781990051, -0.7132646441459656], [0.4031566381454468, 0.8767567276954651, 0.26222577691078186], [0.5977460145950317, -0.46926382184028625, 0.6499933004379272]], [[0.27693289518356323, 0.21822361648082733, 0.9357813000679016], [-0.3845583498477936, 0.9176475405693054, -0.10018951445817947], [-0.8805810213088989, -0.3321167528629303, 0.33804649114608765]], [[0.9965319037437439, -0.07743086665868759, -0.03047439269721508], [0.07602692395448685, 0.9960984587669373, -0.04480830579996109], [0.033825039863586426, 0.042336028069257736, 0.9985307455062866]], [[0.993472158908844, 0.1028670221567154, 0.04930979385972023], [-0.10167458653450012, 0.9944747686386108, -0.026116330176591873], [-0.05172386020421982, 0.020932292565703392, 0.9984419345855713]], [[0.9797240495681763, 0.18693788349628448, -0.07207628339529037], [-0.17338310182094574, 0.9713506102561951, 0.16253097355365753], [0.10039453953504562, -0.1467387080192566, 0.984067440032959]], [[0.978679358959198, -0.19293929636478424, 0.07043569535017014], [0.17908678948879242, 0.9694992899894714, 0.16732929646968842], [-0.10057174414396286, -0.15114761888980865, 0.9833818078041077]]]], "pred_betas": [[0.15281735360622406, 0.16637814044952393, 0.6532262563705444, 0.5433918833732605, 0.0918092280626297, 0.09413056075572968, -0.022932544350624084, 0.22085636854171753, 0.3988272547721863, -0.0539151206612587]], "pred_camera": [1.1494910717010498, -0.01611085794866085, 0.3274778425693512]}