{"pred_joints_img": [[393.2135925292969, 149.3440704345703, -43.3006591796875], [401.2462158203125, 183.02932739257812, -7.751559257507324], [356.435546875, 193.2428436279297, 7.808662414550781], [302.5051574707031, 225.72775268554688, 10.707226753234863], [283.27197265625, 177.71966552734375, -25.304658889770508], [439.10260009765625, 213.01901245117188, -9.915435791015625], [474.8271484375, 266.6960144042969, -3.4182732105255127], [513.7206420898438, 302.5736389160156, -34.719749450683594], [375.30511474609375, 304.03021240234375, 6.350691318511963], [354.6440124511719, 322.5738220214844, 5.2511420249938965], [286.1502685546875, 344.7476501464844, -56.8968505859375], [270.563720703125, 433.9315185546875, -16.581026077270508], [386.8226318359375, 329.6766357421875, 3.023771047592163], [432.3323669433594, 377.517822265625, -62.44429016113281], [417.2712707519531, 455.0552978515625, -2.7215099334716797], [389.5620422363281, 140.9781951904297, -31.185148239135742], [404.7523193359375, 141.97230529785156, -37.41284942626953], [387.75665283203125, 149.0958251953125, -6.736663818359375], [421.4770812988281, 151.28028869628906, -20.372108459472656], [436.64569091796875, 481.1397705078125, -39.41554641723633], [445.5489501953125, 477.6285400390625, -21.425403594970703], [412.57269287109375, 457.942626953125, 13.942160606384277], [241.742919921875, 442.90509033203125, -55.08840560913086], [234.74147033691406, 440.22955322265625, -35.10861587524414], [274.74603271484375, 444.0737609863281, -2.020268440246582], [270.563720703125, 433.9315185546875, -16.581026077270508], [286.1502685546875, 344.7476501464844, -56.8968505859375], [344.7234191894531, 291.50274658203125, 14.397686004638672], [408.9231262207031, 303.8794250488281, 8.053169250488281], [432.3323669433594, 377.517822265625, -62.44429016113281], [417.2712707519531, 455.0552978515625, -2.7215099334716797], [283.27197265625, 177.71966552734375, -25.304658889770508], [302.5051574707031, 225.72775268554688, 10.707226753234863], [356.435546875, 193.2428436279297, 7.808662414550781], [439.10260009765625, 213.01901245117188, -9.915435791015625], [474.8271484375, 266.6960144042969, -3.4182732105255127], [513.7206420898438, 302.5736389160156, -34.719749450683594], [400.73199462890625, 183.3031005859375, -8.627605438232422], [407.4781494140625, 116.87251281738281, -12.130742073059082], [376.98773193359375, 299.1888732910156, 15.683728218078613], [399.35614013671875, 197.16497802734375, -2.617979049682617], [390.3780517578125, 241.35723876953125, 9.113706588745117], [400.17742919921875, 160.63595581054688, -27.831985473632812], [406.2271423339844, 132.59483337402344, -11.472264289855957], [393.2135925292969, 149.3440704345703, -43.3006591796875], [404.7523193359375, 141.97230529785156, -37.41284942626953], [389.5620422363281, 140.9781951904297, -31.185148239135742], [421.4770812988281, 151.28028869628906, -20.372108459472656], [387.75665283203125, 149.0958251953125, -6.736663818359375]], "pred_body_pose": [[2.9376742839813232, 0.31549128890037537, -0.10003374516963959, -0.7711164355278015, 0.13979025185108185, 0.6178953051567078, -0.8478764891624451, -0.11082231253385544, -0.5637130737304688, 0.4788399636745453, -0.0024795331992208958, -0.03652617707848549, 1.5496212244033813, -0.015344773419201374, -0.1430172622203827, 1.398974061012268, -0.04251670092344284, 0.16612006723880768, -0.01764228194952011, -0.046827755868434906, 0.031790971755981445, -0.24276475608348846, 0.11919036507606506, -0.12430481612682343, -0.17284902930259705, -0.10432419925928116, 0.13680678606033325, -0.00881813745945692, -0.03252730146050453, 0.011239845305681229, -0.2170117199420929, 0.04041926935315132, 0.299151748418808, -0.2624014616012573, -0.11747216433286667, -0.27105775475502014, -0.22686246037483215, -0.09461325407028198, 0.08977217972278595, 0.026641935110092163, -0.014232848770916462, -0.24572287499904633, -0.09097380191087723, -0.02741650678217411, 0.204524964094162, -0.05102046951651573, -0.08525299280881882, 0.05855230242013931, -0.1427120417356491, -0.03841432183980942, -0.5009912252426147, -0.29590845108032227, 0.24288584291934967, 0.507832407951355, -0.348189115524292, -0.5339386463165283, 0.17999526858329773, -0.4651488959789276, 1.5417393445968628, -0.6585559844970703, 0.03551263362169266, -0.0325026698410511, 0.11573027819395065, -0.05131863057613373, 0.07001642882823944, -0.2272561639547348, -0.1674949675798416, -0.09282805025577545, -0.21960559487342834, -0.14078432321548462, 0.09716060757637024, 0.23053894937038422]], "pred_rotmat": [[[[0.9751464128494263, 0.21651700139045715, -0.04700892046093941], [0.2040461152791977, -0.9602917432785034, -0.1902758628129959], [-0.08634024113416672, 0.17595483362674713, -0.9806045293807983]], [[0.8154435753822327, -0.5698871612548828, -0.10139226913452148], [0.47074735164642334, 0.5509904026985168, 0.6890619993209839], [-0.33682140707969666, -0.6096213459968567, 0.7175744771957397]], [[0.8489033579826355, 0.5132195353507996, 0.1263677030801773], [-0.42718765139579773, 0.5254203081130981, 0.7358288764953613], [0.3112456202507019, -0.6786302924156189, 0.6652721166610718]], [[0.9993426203727722, 0.034555960446596146, -0.010963629931211472], [-0.035720616579055786, 0.8868882656097412, -0.46060094237327576], [-0.006192993838340044, 0.4606897830963135, 0.8875396251678467]], [[0.9915817975997925, 0.08221182972192764, -0.10003422200679779], [-0.1015622466802597, 0.014608979225158691, -0.9947218894958496], [-0.08031652122735977, 0.9965077638626099, 0.022835616022348404]], [[0.9875764846801758, -0.141462504863739, 0.06841858476400375], [0.09119991213083267, 0.16141696274280548, -0.9826632738113403], [0.12796610593795776, 0.9766948223114014, 0.17231296002864838]], [[0.9983987212181091, -0.03135940060019493, -0.04708068072795868], [0.032185301184654236, 0.99933922290802, 0.016887817531824112], [0.04651998355984688, -0.018376082181930542, 0.9987483024597168]], [[0.9852802157402039, 0.10811640322208405, 0.13241559267044067], [-0.1368386149406433, 0.9630805253982544, 0.23184263706207275], [-0.10246089845895767, -0.24654950201511383, 0.96369868516922]], [[0.9852733612060547, -0.12648309767246246, -0.11505808681249619], [0.14442624151706696, 0.975823700428009, 0.16403988003730774], [0.09152814745903015, -0.1782415360212326, 0.9797205924987793]], [[0.9994078278541565, -0.011094083078205585, -0.0325700044631958], [0.01138087548315525, 0.9998978972434998, 0.008633499965071678], [0.03247090429067612, -0.00899906363338232, 0.9994320273399353]], [[0.9549596309661865, -0.2966432571411133, 0.007407001219689846], [0.2879723608493805, 0.9324900507926941, 0.2180233895778656], [-0.0715821236371994, -0.20607052743434906, 0.9759154319763184]], [[0.9569287896156311, 0.27927228808403015, -0.0793365016579628], [-0.24884642660617828, 0.9297576546669006, 0.27134138345718384], [0.14954185485839844, -0.2399117648601532, 0.9592077732086182]], [[0.9915429949760437, -0.07808014005422592, -0.10366212576627731], [0.09942211210727692, 0.9704066514968872, 0.22005949914455414], [0.08341214060783386, -0.22850480675697327, 0.9699628353118896]], [[0.9698632955551147, 0.24303175508975983, -0.017344478517770767], [-0.24340900778770447, 0.969610869884491, -0.02463085576891899], [0.010831317864358425, 0.028110362589359283, 0.9995461106300354]], [[0.978799045085907, -0.20155389606952667, -0.03644854575395584], [0.20403751730918884, 0.9750526547431946, 0.08741281181573868], [0.017920859158039093, -0.09299644082784653, 0.995505154132843]], [[0.9946576952934265, -0.0562501884996891, -0.08655618131160736], [0.06059502437710762, 0.9969875812530518, 0.04841434210538864], [0.08357212692499161, -0.05340057238936424, 0.9950698614120483]], [[0.8766102194786072, 0.4811980724334717, -0.0017478958470746875], [-0.47583940625190735, 0.8673774600028992, 0.1457163691520691], [0.07163451611995697, -0.12690472602844238, 0.9893249273300171]], [[0.8468250632286072, -0.5090269446372986, 0.15420380234718323], [0.4395449161529541, 0.8330159187316895, 0.33598312735557556], [-0.2994787096977234, -0.2167394608259201, 0.9291589856147766]], [[0.8469752073287964, -0.07751299440860748, -0.5259513258934021], [0.2567262053489685, 0.9259507060050964, 0.2769601047039032], [0.46553701162338257, -0.36960381269454956, 0.8041568994522095]], [[-0.08473099768161774, 0.09635289013385773, 0.9917343854904175], [-0.649890661239624, 0.7491192817687988, -0.12830625474452972], [-0.7552899718284607, -0.6553903818130493, -0.0008547799079678953]], [[0.9927844405174255, -0.1160038411617279, -0.030365372076630592], [0.11485110968351364, 0.9926822185516357, -0.03729802370071411], [0.034469883888959885, 0.03354140743613243, 0.9988426566123962]], [[0.9718653559684753, 0.22323350608348846, 0.075130395591259], [-0.22680896520614624, 0.9729940891265869, 0.04289727285504341], [-0.06352532655000687, -0.05873061716556549, 0.9962506294250488]], [[0.9717786908149719, 0.22423067688941956, -0.07325845956802368], [-0.20879213511943817, 0.9621285200119019, 0.1752558797597885], [0.10978178679943085, -0.15501412749290466, 0.9817935824394226]], [[0.9689201712608337, -0.2341780811548233, 0.07971461862325668], [0.22059306502342224, 0.9637656211853027, 0.14998158812522888], [-0.11194860935211182, -0.1277356892824173, 0.9854699969291687]]]], "pred_betas": [[0.12711702287197113, 0.3817555606365204, 0.5033215284347534, 0.4151294529438019, 0.23645685613155365, 0.04299056529998779, -0.3229333758354187, 0.2988187074661255, 0.54749995470047, -0.04543973505496979]], "pred_camera": [1.2335749864578247, -0.07124560326337814, 0.34420427680015564]}