{"pred_joints_img": [[384.88604736328125, 146.90966796875, -40.583797454833984], [392.49578857421875, 182.668701171875, -5.164997100830078], [346.813720703125, 192.01138305664062, 5.82108211517334], [286.4337158203125, 199.0291748046875, -14.243494033813477], [313.5097961425781, 145.29080200195312, -35.745025634765625], [432.05413818359375, 214.14102172851562, -8.616962432861328], [458.3481140136719, 274.2095947265625, -2.5814502239227295], [477.13323974609375, 326.79217529296875, -30.468494415283203], [374.4796142578125, 308.3878479003906, 6.673873424530029], [355.4810485839844, 329.203125, 2.344785451889038], [320.95880126953125, 367.37744140625, -78.71700286865234], [311.56683349609375, 447.9612121582031, -20.103546142578125], [389.0244445800781, 333.4366760253906, 4.531574726104736], [435.23614501953125, 381.40234375, -61.400657653808594], [414.2096862792969, 456.02520751953125, 1.7415084838867188], [380.3276062011719, 139.00115966796875, -28.139266967773438], [396.3095703125, 139.63331604003906, -33.51169967651367], [377.0231018066406, 148.65097045898438, -3.706627368927002], [412.4750061035156, 149.83819580078125, -15.322676658630371], [432.02301025390625, 485.6016845703125, -33.96238327026367], [441.739013671875, 481.6918640136719, -16.048442840576172], [409.74517822265625, 456.9836730957031, 18.79818344116211], [302.9117126464844, 471.6053161621094, -63.32688903808594], [287.67877197265625, 466.7666015625, -48.67774200439453], [310.92657470703125, 453.7806091308594, -2.7454187870025635], [311.56683349609375, 447.9612121582031, -20.103546142578125], [320.95880126953125, 367.37744140625, -78.71700286865234], [340.5206298828125, 299.1019287109375, 10.51744270324707], [408.43670654296875, 305.5980224609375, 12.529251098632812], [435.23614501953125, 381.40234375, -61.400657653808594], [414.2096862792969, 456.02520751953125, 1.7415084838867188], [313.5097961425781, 145.29080200195312, -35.745025634765625], [286.4337158203125, 199.0291748046875, -14.243494033813477], [346.813720703125, 192.01138305664062, 5.82108211517334], [432.05413818359375, 214.14102172851562, -8.616962432861328], [458.3481140136719, 274.2095947265625, -2.5814502239227295], [477.13323974609375, 326.79217529296875, -30.468494415283203], [392.0347595214844, 183.0867919921875, -6.480424404144287], [397.094482421875, 114.98568725585938, -6.253746032714844], [374.2309265136719, 303.8960876464844, 16.222408294677734], [391.0760192871094, 196.98333740234375, -1.9061355590820312], [382.9737243652344, 242.4678955078125, 10.441546440124512], [391.2354736328125, 159.27938842773438, -24.994251251220703], [396.0201416015625, 131.2278289794922, -6.446202278137207], [384.88604736328125, 146.90966796875, -40.583797454833984], [396.3095703125, 139.63331604003906, -33.51169967651367], [380.3276062011719, 139.00115966796875, -28.139266967773438], [412.4750061035156, 149.83819580078125, -15.322676658630371], [377.0231018066406, 148.65097045898438, -3.706627368927002]], "pred_body_pose": [[2.919613838195801, 0.15871497988700867, 0.08387167751789093, -0.7581266760826111, 0.08309168368577957, 0.46670493483543396, -0.8549512028694153, 0.002753323642536998, -0.29348447918891907, 0.5331052541732788, -0.04113446921110153, -0.011657108552753925, 1.6156452894210815, 0.0028005042113363743, -0.1680840402841568, 1.6048065423965454, 0.03443555906414986, 0.16586710512638092, -0.03790444880723953, -0.08634082227945328, -0.0004440618504304439, -0.21544356644153595, 0.08005733788013458, -0.0578010194003582, -0.22310985624790192, -0.07005558162927628, 0.034215737134218216, -0.03138160705566406, -0.055364884436130524, -0.017026135697960854, -0.22012075781822205, 0.04477425292134285, 0.19611787796020508, -0.22351714968681335, -0.12021022289991379, -0.15671254694461823, -0.22143182158470154, -0.14731718599796295, 0.09034579247236252, 0.02814251184463501, -0.14130215346813202, -0.29627901315689087, -0.1824239194393158, 0.05924384668469429, 0.045010022819042206, -0.09536873549222946, -0.02244047448039055, 0.050271302461624146, 0.02567550726234913, -0.09387490898370743, -0.6536836624145508, -0.41901516914367676, 0.4296908378601074, 0.2304740697145462, -0.012585658580064774, -0.436095654964447, 0.08271972835063934, -0.35962527990341187, 1.7554335594177246, -0.752467930316925, 0.10856454819440842, -0.03380851820111275, 0.03985538333654404, 0.03179014474153519, 0.10870949178934097, -0.20219354331493378, -0.1799996793270111, -0.10079271346330643, -0.21026800572872162, -0.12792392075061798, 0.08844741433858871, 0.2253541499376297]], "pred_rotmat": [[[[0.9925554990768433, 0.10089161992073059, 0.06822339445352554], [0.11320824176073074, -0.9708433747291565, -0.21129849553108215], [0.044915977865457535, 0.21744894981384277, -0.975037693977356]], [[0.8949301242828369, -0.4364112615585327, -0.09297977387905121], [0.3775038421154022, 0.6294231414794922, 0.6792033910751343], [-0.2378884106874466, -0.6429398059844971, 0.728036642074585]], [[0.9597836136817932, 0.2540200352668762, 0.11953771114349365], [-0.2562180459499359, 0.6185334324836731, 0.742811381816864], [0.11475091427564621, -0.7435658574104309, 0.6587427854537964]], [[0.9991076588630676, 0.00040365534368902445, -0.04223525524139404], [-0.021814925596117973, 0.8611879944801331, -0.5078182220458984], [0.036167509853839874, 0.5082864165306091, 0.8604283332824707]], [[0.9887160658836365, 0.10513477772474289, -0.10671035200357437], [-0.10152153670787811, -0.05354240909218788, -0.9933913946151733], [-0.11015352606773376, 0.9930155873298645, -0.042264796793460846]], [[0.9885069131851196, -0.08055870234966278, 0.12792347371578217], [0.12482264637947083, -0.04243848845362663, -0.9912710189819336], [0.08528438955545425, 0.9958459734916687, -0.031895190477371216]], [[0.9962753653526306, 0.002078545978292823, -0.08620452880859375], [0.0011917378287762403, 0.9992820620536804, 0.037867460399866104], [0.08622134476900101, -0.037829142063856125, 0.9955576062202454]], [[0.995147705078125, 0.04867783188819885, 0.0855073630809784], [-0.06584508717060089, 0.9752377867698669, 0.2111295610666275], [-0.07311268150806427, -0.2157353311777115, 0.973710834980011]], [[0.9969748258590698, -0.026119355112314224, -0.0732044205069542], [0.041676826775074005, 0.9746440052986145, 0.21984566748142242], [0.0656060203909874, -0.22223155200481415, 0.9727841019630432]], [[0.9983230233192444, 0.017882224172353745, -0.05505778640508652], [-0.01614541746675968, 0.9993628263473511, 0.0318300686776638], [0.05559190362691879, -0.03088775835931301, 0.9979756474494934]], [[0.979915976524353, -0.1981157809495926, 0.022688303142786026], [0.18833287060260773, 0.9568634033203125, 0.2212311178445816], [-0.06553898751735687, -0.2125149667263031, 0.9749574661254883]], [[0.9806395173072815, 0.167734295129776, -0.10105112195014954], [-0.1410638839006424, 0.9630160927772522, 0.22956709563732147], [0.13582012057304382, -0.21086791157722473, 0.9680328965187073]], [[0.985165536403656, -0.07295907288789749, -0.155324786901474], [0.10536585748195648, 0.9715902805328369, 0.21192046999931335], [0.135450541973114, -0.2251426875591278, 0.9648646712303162]], [[0.9466117024421692, 0.2889779806137085, -0.1428913027048111], [-0.29291877150535583, 0.9561125040054321, -0.006892387755215168], [0.13462841510772705, 0.04837995767593384, 0.9897143840789795]], [[0.9972410202026367, -0.05010569468140602, 0.05476913973689079], [0.039333123713731766, 0.9824047684669495, 0.1825750470161438], [-0.06295352429151535, -0.1799170970916748, 0.9816651344299316]], [[0.9984860420227051, -0.04910077899694443, -0.024789877235889435], [0.05123874172568321, 0.9941946268081665, 0.09461260586977005], [0.020000411197543144, -0.09573958814144135, 0.9952053427696228]], [[0.7897647619247437, 0.6059648990631104, -0.09527971595525742], [-0.6082887053489685, 0.7936951518058777, 0.005734775215387344], [0.07909811288118362, 0.05342844873666763, 0.995434045791626]], [[0.8851622939109802, -0.30188730359077454, 0.35405054688453674], [0.1279570460319519, 0.8895386457443237, 0.43857502937316895], [-0.4473418593406677, -0.3429068326950073, 0.8260146975517273]], [[0.9030971527099609, -0.07732847332954407, -0.4224167466163635], [0.08272743970155716, 0.9965566396713257, -0.005566312000155449], [0.42139267921447754, -0.029918530955910683, 0.9063846468925476]], [[-0.3174009919166565, 0.13260386884212494, 0.9389743208885193], [-0.5885956287384033, 0.7488035559654236, -0.3047102689743042], [-0.7435131669044495, -0.6493915915489197, -0.15962094068527222]], [[0.9986359477043152, -0.041592005640268326, -0.03156594932079315], [0.03792603313922882, 0.9933207035064697, -0.10897497087717056], [0.03588759899139404, 0.10762915015220642, 0.9935432076454163]], [[0.9737677574157715, 0.20210863649845123, 0.10453943908214569], [-0.19866816699504852, 0.97914719581604, -0.04244740307331085], [-0.11093847453594208, 0.020565252751111984, 0.9936144948005676]], [[0.9730101227760315, 0.21624618768692017, -0.08055372536182404], [-0.19823434948921204, 0.9619699716567993, 0.18792812526226044], [0.11812900006771088, -0.16688746213912964, 0.9788739681243896]], [[0.9708789587020874, -0.22817078232765198, 0.07302209734916687], [0.21692678332328796, 0.9666346907615662, 0.1362353265285492], [-0.10167062282562256, -0.11642755568027496, 0.9879816174507141]]]], "pred_betas": [[0.03380770981311798, 0.19300618767738342, 0.5561178922653198, 0.7115691304206848, 0.3712841272354126, 0.15330564975738525, -0.4388749599456787, 0.3583794832229614, 0.7517767548561096, -0.008768051862716675]], "pred_camera": [1.240281343460083, -0.03424210101366043, 0.36950260400772095]}