{"pred_joints_img": [[389.77081298828125, 146.70150756835938, -45.772438049316406], [397.02252197265625, 181.6961669921875, -9.202680587768555], [350.73211669921875, 191.98548889160156, 0.9657121300697327], [294.63360595703125, 206.32936096191406, -28.58930015563965], [309.7505187988281, 146.01730346679688, -47.12273406982422], [436.296630859375, 213.05374145507812, -12.567264556884766], [464.0621643066406, 273.519775390625, -6.248859882354736], [486.2657165527344, 325.8809814453125, -33.99762725830078], [376.5082092285156, 306.4013977050781, 6.480967998504639], [356.4871520996094, 326.62896728515625, 3.734683036804199], [307.7365417480469, 356.6659240722656, -75.29685974121094], [310.1081237792969, 442.9479675292969, -21.42422103881836], [390.0855712890625, 332.032470703125, 3.589841604232788], [433.8251037597656, 380.5511169433594, -65.91314697265625], [414.160888671875, 456.060546875, -0.7306789755821228], [385.0878601074219, 138.36614990234375, -33.53292465209961], [401.2028503417969, 139.1009521484375, -38.782894134521484], [381.662109375, 147.2769775390625, -8.793913841247559], [417.1829833984375, 148.76304626464844, -20.161897659301758], [430.09112548828125, 486.75469970703125, -36.89263153076172], [440.70208740234375, 482.8984375, -19.3396053314209], [410.1602478027344, 456.75030517578125, 16.56734275817871], [293.093994140625, 464.2766418457031, -63.953487396240234], [281.2391662597656, 461.0599365234375, -45.993587493896484], [313.0823669433594, 449.7918395996094, -4.529879570007324], [310.1081237792969, 442.9479675292969, -21.42422103881836], [307.7365417480469, 356.6659240722656, -75.29685974121094], [343.29180908203125, 296.0037536621094, 12.87984561920166], [410.9230041503906, 304.624267578125, 10.209502220153809], [433.8251037597656, 380.5511169433594, -65.91314697265625], [414.160888671875, 456.060546875, -0.7306789755821228], [309.7505187988281, 146.01730346679688, -47.12273406982422], [294.63360595703125, 206.32936096191406, -28.58930015563965], [350.73211669921875, 191.98548889160156, 0.9657121300697327], [436.296630859375, 213.05374145507812, -12.567264556884766], [464.0621643066406, 273.519775390625, -6.248859882354736], [486.2657165527344, 325.8809814453125, -33.99762725830078], [396.5059509277344, 182.2095184326172, -10.564388275146484], [401.68414306640625, 113.65333557128906, -12.31229019165039], [377.1290588378906, 301.9046325683594, 16.237945556640625], [395.3428039550781, 196.31129455566406, -6.083723068237305], [387.3836975097656, 241.50082397460938, 8.13126277923584], [396.06103515625, 158.5760040283203, -29.618736267089844], [400.6375732421875, 129.9113311767578, -11.978533744812012], [389.77081298828125, 146.70150756835938, -45.772438049316406], [401.2028503417969, 139.1009521484375, -38.782894134521484], [385.0878601074219, 138.36614990234375, -33.53292465209961], [417.1829833984375, 148.76304626464844, -20.161897659301758], [381.662109375, 147.2769775390625, -8.793913841247559]], "pred_body_pose": [[2.926621675491333, 0.22022853791713715, -0.011929793283343315, -0.7730328440666199, 0.0925057977437973, 0.5021589994430542, -0.9154713153839111, -0.06383982300758362, -0.36530816555023193, 0.5516470074653625, -0.019186168909072876, -0.01935260184109211, 1.6292191743850708, 0.008776669390499592, -0.16328896582126617, 1.6325538158416748, -0.041498225182294846, 0.21175916492938995, -0.028142305091023445, -0.06237911060452461, 0.011541638523340225, -0.2045517861843109, 0.0746789425611496, -0.07504122704267502, -0.20951278507709503, -0.057437773793935776, 0.051829997450113297, -0.045415088534355164, -0.03272981196641922, -0.004076749552041292, -0.2237038016319275, 0.0428643524646759, 0.2245311141014099, -0.23021258413791656, -0.1414370834827423, -0.16629979014396667, -0.2320157289505005, -0.11411594599485397, 0.09541559964418411, 0.022227181121706963, -0.15268726646900177, -0.280179500579834, -0.178224578499794, 0.14050891995429993, 0.09618615359067917, -0.08316308259963989, -0.03655220568180084, 0.0452977754175663, 0.002918659243732691, -0.07902119308710098, -0.6416257619857788, -0.4348759055137634, 0.5223894119262695, 0.2902241349220276, -0.09459549933671951, -0.42332321405410767, 0.09393670409917831, -0.4799492061138153, 1.628732442855835, -0.7736812233924866, 0.08350543677806854, -0.02505410462617874, 0.07196605950593948, 0.03685583546757698, 0.0880151316523552, -0.2542530298233032, -0.17918668687343597, -0.10061677545309067, -0.21491238474845886, -0.13858018815517426, 0.09122741222381592, 0.22863996028900146]], "pred_rotmat": [[[[0.9888259768486023, 0.14889205992221832, 0.0073776510544121265], [0.1472238451242447, -0.9675778746604919, -0.205227330327034], [-0.02341826632618904, 0.20402026176452637, -0.9786865711212158]], [[0.878700852394104, -0.466615229845047, -0.10077209770679474], [0.40007588267326355, 0.6046610474586487, 0.6887120604515076], [-0.26043060421943665, -0.6454883813858032, 0.717997670173645]], [[0.936648964881897, 0.3356613516807556, 0.10010024905204773], [-0.2818174958229065, 0.5524623990058899, 0.784451425075531], [0.20800842344760895, -0.7629656791687012, 0.6120585799217224]], [[0.999638020992279, 0.013224732130765915, -0.023429036140441895], [-0.023542387410998344, 0.8514891266822815, -0.5238434076309204], [0.013021882623434067, 0.5242053270339966, 0.8514922261238098]], [[0.9893624782562256, 0.10519136488437653, -0.10048187524080276], [-0.09381477534770966, -0.06652910262346268, -0.9933643341064453], [-0.11117832362651825, 0.9922240972518921, -0.05595289170742035]], [[0.9815260767936707, -0.15509966015815735, 0.11202964186668396], [0.10134261846542358, -0.07520053535699844, -0.9920052886009216], [0.16228438913822174, 0.9850324392318726, -0.058093082159757614]], [[0.9979886412620544, -0.010654980316758156, -0.06249138340353966], [0.012409769929945469, 0.9995375871658325, 0.027759885415434837], [0.06216670572757721, -0.028479551896452904, 0.9976593852043152]], [[0.9944207072257996, 0.0667753517627716, 0.08166144788265228], [-0.08198364824056625, 0.9763684272766113, 0.19995838403701782], [-0.0663793683052063, -0.20553763210773468, 0.9763954877853394]], [[0.9970196485519409, -0.04540817439556122, -0.062368448823690414], [0.05739219859242439, 0.9768056869506836, 0.2062930166721344], [0.05155446007847786, -0.20925766229629517, 0.9765005111694336]], [[0.9994561672210693, 0.004817626439034939, -0.032620083540678024], [-0.0033315925393253565, 0.9989606738090515, 0.04545794054865837], [0.0328051820397377, -0.045324549078941345, 0.9984334707260132]], [[0.9740962386131287, -0.22547633945941925, 0.017236411571502686], [0.21596886217594147, 0.9501979351043701, 0.22468063235282898], [-0.0670381560921669, -0.2151380032300949, 0.9742801189422607]], [[0.9763692021369934, 0.17966808378696442, -0.12009408324956894], [-0.14737971127033234, 0.9600104093551636, 0.2380320280790329], [0.15805833041667938, -0.21470770239830017, 0.9638040065765381]], [[0.9890065789222717, -0.08105747401714325, -0.12367580831050873], [0.10736700892448425, 0.9687309861183167, 0.223679780960083], [0.10167766362428665, -0.23449945449829102, 0.9667842388153076]], [[0.9495255351066589, 0.2737439274787903, -0.15318436920642853], [-0.27710890769958496, 0.960838258266449, -0.0006419331184588373], [0.1470096856355667, 0.04305828735232353, 0.9881973266601562]], [[0.9855759739875793, -0.10767287760972977, 0.13056232035160065], [0.08275727182626724, 0.9795957207679749, 0.18314862251281738], [-0.14761842787265778, -0.16970190405845642, 0.9743767380714417]], [[0.998307466506958, -0.04370143264532089, -0.03837140277028084], [0.04673861712217331, 0.9955199360847473, 0.08219318091869354], [0.034607529640197754, -0.08384749293327332, 0.9958775043487549]], [[0.7982130646705627, 0.5977460145950317, -0.07453496009111404], [-0.5979686975479126, 0.8012239933013916, 0.021760741248726845], [0.07272659242153168, 0.027199868112802505, 0.9969808459281921]], [[0.8294210433959961, -0.3730246424674988, 0.4158284068107605], [0.15600450336933136, 0.8694355487823486, 0.4687689244747162], [-0.5363984107971191, -0.32393571734428406, 0.7793216705322266]], [[0.9075197577476501, -0.0711873397231102, -0.4139326512813568], [0.11057880520820618, 0.9912586808204651, 0.0719618946313858], [0.405191570520401, -0.11107902228832245, 0.9074586629867554]], [[-0.2054654210805893, 0.10688246786594391, 0.9728105068206787], [-0.6865323781967163, 0.6926660537719727, -0.22110426425933838], [-0.6974649429321289, -0.7132951617240906, -0.0689406469464302]], [[0.9970996379852295, -0.0728578269481659, -0.021999193355441093], [0.07076790183782578, 0.9939303398132324, -0.08422824740409851], [0.02800235152244568, 0.08242712169885635, 0.996203601360321]], [[0.9640262722969055, 0.25275135040283203, 0.08228065073490143], [-0.24952739477157593, 0.9672008156776428, -0.04752495512366295], [-0.0915939137339592, 0.02528402954339981, 0.9954753518104553]], [[0.9720512628555298, 0.22070766985416412, -0.08002730458974838], [-0.20281094312667847, 0.961139976978302, 0.187290221452713], [0.11825383454561234, -0.16582529246807098, 0.9790392518043518]], [[0.9699016213417053, -0.2318902462720871, 0.07428146153688431], [0.2193318009376526, 0.9644966721534729, 0.14710429310798645], [-0.10575627535581589, -0.1263844072818756, 0.9863277673721313]]]], "pred_betas": [[0.13177742063999176, 0.3845673203468323, 0.45012161135673523, 0.468691349029541, 0.43927276134490967, 0.0342918336391449, -0.5329544544219971, 0.3597031831741333, 0.7037427425384521, -0.07988205552101135]], "pred_camera": [1.2559547424316406, -0.04463772103190422, 0.37113189697265625]}