{"pred_joints_img": [[383.4219055175781, 147.13648986816406, -41.7862434387207], [391.4251708984375, 183.42962646484375, -7.012805461883545], [345.5716857910156, 193.8533935546875, 2.744075298309326], [286.5790100097656, 200.2893829345703, -20.97828483581543], [310.89593505859375, 145.10272216796875, -41.971458435058594], [431.7635803222656, 214.112548828125, -9.414958953857422], [458.9991149902344, 273.6644592285156, -3.367875576019287], [479.54888916015625, 325.43511962890625, -31.48896026611328], [375.7456359863281, 309.20159912109375, 6.620426177978516], [357.14764404296875, 330.23883056640625, 2.288172960281372], [325.89483642578125, 367.9549255371094, -80.14361572265625], [312.698974609375, 449.012939453125, -23.228038787841797], [390.47235107421875, 334.06134033203125, 4.9988884925842285], [436.24163818359375, 380.9351806640625, -61.818992614746094], [416.4908447265625, 457.350341796875, -0.6970478892326355], [379.080322265625, 139.40426635742188, -29.14176368713379], [394.9748840332031, 139.9955596923828, -34.75974655151367], [376.0964050292969, 149.36253356933594, -4.821476936340332], [411.4129943847656, 150.51910400390625, -16.96978759765625], [434.5435791015625, 485.5118408203125, -37.399330139160156], [444.3116149902344, 481.95599365234375, -19.4191951751709], [412.1689758300781, 458.94464111328125, 16.386842727661133], [305.6510314941406, 471.8641662597656, -67.08524322509766], [289.6983337402344, 467.0, -53.11332321166992], [311.2977294921875, 455.1630859375, -5.987050533294678], [312.698974609375, 449.012939453125, -23.228038787841797], [325.89483642578125, 367.9549255371094, -80.14361572265625], [341.79962158203125, 300.2791748046875, 9.940093994140625], [409.4486083984375, 306.01519775390625, 13.021797180175781], [436.24163818359375, 380.9351806640625, -61.818992614746094], [416.4908447265625, 457.350341796875, -0.6970478892326355], [310.89593505859375, 145.10272216796875, -41.971458435058594], [286.5790100097656, 200.2893829345703, -20.97828483581543], [345.5716857910156, 193.8533935546875, 2.744075298309326], [431.7635803222656, 214.112548828125, -9.414958953857422], [458.9991149902344, 273.6644592285156, -3.367875576019287], [479.54888916015625, 325.43511962890625, -31.48896026611328], [391.03375244140625, 183.78717041015625, -8.147377014160156], [396.2432556152344, 115.76556396484375, -7.267965793609619], [375.3203125, 304.6512145996094, 16.17685890197754], [390.2618408203125, 197.75698852539062, -3.6791722774505615], [383.0476989746094, 243.068359375, 9.257107734680176], [390.0174865722656, 159.77166748046875, -26.4682674407959], [395.1067199707031, 131.96958923339844, -7.649531841278076], [383.4219055175781, 147.13648986816406, -41.7862434387207], [394.9748840332031, 139.9955596923828, -34.75974655151367], [379.080322265625, 139.40426635742188, -29.14176368713379], [411.4129943847656, 150.51910400390625, -16.96978759765625], [376.0964050292969, 149.36253356933594, -4.821476936340332]], "pred_body_pose": [[2.931056261062622, 0.14057783782482147, 0.10523233562707901, -0.7842845916748047, 0.07460995763540268, 0.4427591562271118, -0.8788672685623169, 0.019252602010965347, -0.28670281171798706, 0.5415153503417969, -0.041848402470350266, -0.0018953954568132758, 1.5993914604187012, -0.0004907649708911777, -0.1675603836774826, 1.5946754217147827, 0.05333157628774643, 0.1526394635438919, -0.04686653986573219, -0.08425963670015335, 0.002238629851490259, -0.22023868560791016, 0.08924423903226852, -0.05494419112801552, -0.22664090991020203, -0.08892221748828888, 0.046411000192165375, -0.029429886490106583, -0.0531153678894043, -0.017445841804146767, -0.2222943902015686, 0.04555501416325569, 0.20570050179958344, -0.2206408828496933, -0.09103011339902878, -0.17797885835170746, -0.2523237466812134, -0.16871407628059387, 0.08367370814085007, 0.023785516619682312, -0.14984609186649323, -0.2997693717479706, -0.1926240622997284, 0.0899367555975914, 0.04894009977579117, -0.0929679200053215, -0.03725467249751091, 0.038251299411058426, 0.014630935154855251, -0.10162929445505142, -0.648715615272522, -0.4286433458328247, 0.44827261567115784, 0.19274741411209106, -0.02532506175339222, -0.4377443492412567, 0.09029819071292877, -0.38276737928390503, 1.6800029277801514, -0.7435365915298462, 0.11099331825971603, -0.03290021792054176, 0.059950441122055054, 0.07752590626478195, 0.10343070328235626, -0.2284020036458969, -0.17936569452285767, -0.10310548543930054, -0.21286214888095856, -0.13729161024093628, 0.09238595515489578, 0.22988438606262207]], "pred_rotmat": [[[[0.9929221868515015, 0.08727116137742996, 0.08055621385574341], [0.10188186913728714, -0.9744677543640137, -0.2000819444656372], [0.06103804334998131, 0.20687301456928253, -0.9764620065689087]], [[0.9058752059936523, -0.41222551465034485, -0.09726399183273315], [0.35758572816848755, 0.6212928891181946, 0.6972284913063049], [-0.22698596119880676, -0.6663821935653687, 0.7102198004722595]], [[0.961574375629425, 0.23968572914600372, 0.13388662040233612], [-0.255434513092041, 0.6022868752479553, 0.7563093900680542], [0.10063841938972473, -0.7614468932151794, 0.6403676271438599]], [[0.9991439580917358, -0.009251385927200317, -0.04032173007726669], [-0.012858529575169086, 0.8569478392601013, -0.5152426362037659], [0.03932033106684685, 0.5153200030326843, 0.8560953140258789]], [[0.988737940788269, 0.10380733013153076, -0.10780209302902222], [-0.10443702340126038, -0.0373397171497345, -0.9938303232192993], [-0.10719216614961624, 0.9938963055610657, -0.026077866554260254]], [[0.9894980192184448, -0.06101687625050545, 0.13103654980659485], [0.12934519350528717, -0.030907098203897476, -0.9911178350448608], [0.06452487409114838, 0.9976580739021301, -0.022690271958708763]], [[0.9964503645896912, -0.0002622140746098012, -0.08418148756027222], [0.004208107944577932, 0.9989001154899597, 0.04669967666268349], [0.0840766504406929, -0.04688815772533417, 0.995355486869812]], [[0.994535505771637, 0.04462216794490814, 0.09438251703977585], [-0.06417994946241379, 0.9743654727935791, 0.21562199294567108], [-0.08234155178070068, -0.22050116956233978, 0.9719049334526062]], [[0.9949951767921448, -0.03591208904981613, -0.09324707835912704], [0.05596253275871277, 0.9733766317367554, 0.2222747802734375], [0.08278218656778336, -0.22638066112995148, 0.9705147743225098]], [[0.9984377026557922, 0.018215566873550415, -0.05282340571284294], [-0.016652911901474, 0.9994149208068848, 0.029873479157686234], [0.05333666503429413, -0.028947144746780396, 0.9981569051742554]], [[0.9779790043830872, -0.20752353966236115, 0.022161278873682022], [0.19747580587863922, 0.9544936418533325, 0.22348417341709137], [-0.06753101944923401, -0.21418650448322296, 0.9744555950164795]], [[0.9801656603813171, 0.18532948195934296, -0.07020106911659241], [-0.16539247334003448, 0.960116446018219, 0.22543655335903168], [0.10918125510215759, -0.2093544453382492, 0.9717252850532532]], [[0.982413113117218, -0.061188049614429474, -0.17640985548496246], [0.1034080982208252, 0.9649567008018494, 0.2411750853061676], [0.1554708182811737, -0.25517579913139343, 0.9543134570121765]], [[0.9443685412406921, 0.29239600896835327, -0.15057450532913208], [-0.2959267497062683, 0.9552100300788879, -0.001091391546651721], [0.14351114630699158, 0.04558970034122467, 0.988598108291626]], [[0.9947788715362549, -0.057180557399988174, 0.0845302864909172], [0.03992517292499542, 0.9803286194801331, 0.19329197704792023], [-0.09391999989748001, -0.18890789151191711, 0.977493166923523]], [[0.998575747013092, -0.036447975784540176, -0.03895971551537514], [0.03990814834833145, 0.9949518442153931, 0.0920780822634697], [0.03540697321295738, -0.09350176900625229, 0.9949893355369568]], [[0.7920588850975037, 0.6023542881011963, -0.09905606508255005], [-0.6037884950637817, 0.7969369292259216, 0.01819467917084694], [0.08990107476711273, 0.04539765790104866, 0.9949155449867249]], [[0.8850765824317932, -0.27222347259521484, 0.37753647565841675], [0.08673471957445145, 0.8933848738670349, 0.4408406913280487], [-0.4572925567626953, -0.3574322760105133, 0.8143252730369568]], [[0.9017702341079712, -0.08186110109090805, -0.42439281940460205], [0.09276306629180908, 0.9956754446029663, 0.005051697138696909], [0.4221439063549042, -0.043923452496528625, 0.9054641723632812]], [[-0.24696767330169678, 0.14024953544139862, 0.958820641040802], [-0.6153914928436279, 0.7416266798973083, -0.2669890522956848], [-0.7485320568084717, -0.6559877991676331, -0.09684944897890091]], [[0.9976650476455688, -0.06160402297973633, -0.029484761878848076], [0.05795750394463539, 0.9920544624328613, -0.11166396737098694], [0.03612944111227989, 0.10969437658786774, 0.9933084845542908]], [[0.9687473177909851, 0.22977544367313385, 0.09344463795423508], [-0.22180280089378357, 0.9710776805877686, -0.0883832722902298], [-0.1110503152012825, 0.06489477306604385, 0.9916937351226807]], [[0.9722342491149902, 0.2189289778470993, -0.0826476514339447], [-0.20057080686092377, 0.9615424275398254, 0.18763647973537445], [0.1205483004450798, -0.16584990918636322, 0.9787552356719971]], [[0.9695135951042175, -0.2331223338842392, 0.075480155646801], [0.22052305936813354, 0.9643911123275757, 0.1460113376379013], [-0.1068309023976326, -0.12491487711668015, 0.9863991737365723]]]], "pred_betas": [[0.03108220174908638, 0.19562606513500214, 0.5203841924667358, 0.7867418527603149, 0.3289002776145935, 0.16630667448043823, -0.40573593974113464, 0.3548336625099182, 0.746340811252594, -0.012935712933540344]], "pred_camera": [1.2246962785720825, -0.029973290860652924, 0.376629114151001]}