{"pred_joints_img": [[389.34906005859375, 151.35972595214844, -37.52650451660156], [398.696044921875, 185.03887939453125, -2.8253912925720215], [352.8251037597656, 198.58932495117188, 10.684381484985352], [314.6893615722656, 243.54971313476562, 31.73310661315918], [272.6979675292969, 266.37066650390625, -8.931825637817383], [438.0052490234375, 209.51983642578125, -2.2067248821258545], [493.161865234375, 241.9042510986328, -9.094592094421387], [530.3372192382812, 214.4044189453125, -49.30483627319336], [369.57135009765625, 305.2832946777344, 6.650707721710205], [347.45184326171875, 321.87176513671875, 4.323334217071533], [267.4491271972656, 343.3196716308594, -41.751529693603516], [199.0772705078125, 409.2327575683594, -14.061820983886719], [378.92120361328125, 331.6556396484375, 2.8542654514312744], [428.4647521972656, 381.4443359375, -57.57902908325195], [416.07861328125, 463.13922119140625, -3.4108469486236572], [385.02581787109375, 143.9132080078125, -24.87687110900879], [400.1158447265625, 143.42640686035156, -31.0728702545166], [383.3601379394531, 153.12310791015625, -0.9322483539581299], [417.4693298339844, 152.28271484375, -14.450227737426758], [440.1275634765625, 485.7076721191406, -40.368614196777344], [446.30218505859375, 483.51507568359375, -21.08053970336914], [410.2423095703125, 468.09356689453125, 12.62298583984375], [179.36839294433594, 409.89007568359375, -59.06053161621094], [169.60287475585938, 402.3105163574219, -41.387428283691406], [194.72430419921875, 418.9959411621094, 1.0088083744049072], [199.0772705078125, 409.2327575683594, -14.061820983886719], [267.4491271972656, 343.3196716308594, -41.751529693603516], [340.61956787109375, 289.6242370605469, 13.015591621398926], [403.0567932128906, 308.1265869140625, 9.183645248413086], [428.4647521972656, 381.4443359375, -57.57902908325195], [416.07861328125, 463.13922119140625, -3.4108469486236572], [272.6979675292969, 266.37066650390625, -8.931825637817383], [314.6893615722656, 243.54971313476562, 31.73310661315918], [352.8251037597656, 198.58932495117188, 10.684381484985352], [438.0052490234375, 209.51983642578125, -2.2067248821258545], [493.161865234375, 241.9042510986328, -9.094592094421387], [530.3372192382812, 214.4044189453125, -49.30483627319336], [397.8691711425781, 185.0626220703125, -3.728435516357422], [401.0003967285156, 119.50103759765625, -4.727970600128174], [371.58349609375, 300.4481201171875, 15.663154602050781], [396.9162292480469, 198.2708740234375, 2.550528049468994], [388.5628967285156, 243.6235809326172, 12.506613731384277], [396.89422607421875, 162.73094177246094, -22.54090690612793], [400.81866455078125, 135.13092041015625, -4.773806571960449], [389.34906005859375, 151.35972595214844, -37.52650451660156], [400.1158447265625, 143.42640686035156, -31.0728702545166], [385.02581787109375, 143.9132080078125, -24.87687110900879], [417.4693298339844, 152.28271484375, -14.450227737426758], [383.3601379394531, 153.12310791015625, -0.9322483539581299]], "pred_body_pose": [[2.898899793624878, 0.43326249718666077, -0.04685577005147934, -0.7388384938240051, 0.1472657173871994, 0.7059043645858765, -0.5748844146728516, -0.0701604038476944, -0.7146226167678833, 0.4660158157348633, -0.0049719433300197124, -0.015084406360983849, 1.442155361175537, -0.04859315603971481, -0.08755635470151901, 0.8401365876197815, 0.18776433169841766, 0.043420810252428055, -0.024968307465314865, -0.008870115503668785, 0.0756753608584404, -0.24548307061195374, 0.12167534232139587, -0.17162372171878815, -0.07906710356473923, -0.09116018563508987, 0.23890280723571777, 0.015888726338744164, -0.01898827776312828, 0.05522247776389122, -0.18940621614456177, 0.11942967772483826, 0.2613283693790436, -0.25028589367866516, -0.10839146375656128, -0.33962899446487427, -0.20145057141780853, -0.10428100824356079, 0.10260969400405884, -0.04015886038541794, 0.05376766249537468, -0.08278566598892212, 0.014855160377919674, -0.05382335186004639, 0.28977593779563904, -0.08150564879179001, -0.12229301035404205, 0.09739477932453156, -0.34110555052757263, -0.162303626537323, -0.2091328203678131, 0.02765718288719654, 0.07641179859638214, 0.6994398832321167, -0.5248141288757324, -1.0041356086730957, 0.4593789279460907, -0.0448959618806839, 0.9870355725288391, -0.27401381731033325, 0.05816258117556572, -0.03821469470858574, 0.10978544503450394, 0.041815925389528275, 0.037459854036569595, -0.06819837540388107, -0.1512066274881363, -0.08449103683233261, -0.18087728321552277, -0.16933460533618927, 0.08275868743658066, 0.17088621854782104]], "pred_rotmat": [[[[0.9562872648239136, 0.292428582906723, -0.0004374557174742222], [0.28576090931892395, -0.9347984194755554, -0.21093252301216125], [-0.0620916374027729, 0.20158708095550537, -0.9775004982948303]], [[0.7622942924499512, -0.6367589235305786, -0.1159554123878479], [0.537280797958374, 0.52266526222229, 0.6619293689727783], [-0.360883504152298, -0.5668854713439941, 0.7405431270599365]], [[0.759868323802948, 0.6368118524551392, 0.13065491616725922], [-0.599242627620697, 0.608242392539978, 0.5205280184745789], [0.2520085871219635, -0.4738267958164215, 0.8437889218330383]], [[0.9998761415481567, 0.013406038284301758, -0.008245286531746387], [-0.015681367367506027, 0.8932561278343201, -0.44927456974983215], [0.0013421596959233284, 0.44934821128845215, 0.8933557271957397]], [[0.9958008527755737, 0.03074568510055542, -0.08622869104146957], [-0.0894392877817154, 0.12583069503307343, -0.9880117177963257], [-0.019526882097125053, 0.9915751218795776, 0.12805218994617462]], [[0.9825512766838074, 0.03586946427822113, 0.18250039219856262], [0.11235011368989944, 0.6675158739089966, -0.7360705733299255], [-0.1482243835926056, 0.7437310218811035, 0.6518386602401733]], [[0.9970988631248474, -0.07548362016677856, -0.00980485137552023], [0.07570497691631317, 0.9968265891075134, 0.024606119841337204], [0.007916377857327461, -0.02527700923383236, 0.999649167060852]], [[0.9780622124671936, 0.15384458005428314, 0.14044930040836334], [-0.18345460295677185, 0.9555310010910034, 0.23087842762470245], [-0.09868425875902176, -0.25157955288887024, 0.9627922773361206]], [[0.9675023555755615, -0.23247823119163513, -0.09946410357952118], [0.23964308202266693, 0.9685254693031311, 0.06730210781097412], [0.08068723976612091, -0.08895082771778107, 0.9927624464035034]], [[0.9982954263687134, -0.055339567363262177, -0.018538113683462143], [0.0550379641354084, 0.9983494877815247, -0.016403155401349068], [0.01941526122391224, 0.015354897826910019, 0.9996935129165649]], [[0.9591278433799744, -0.2673998177051544, 0.09258092939853668], [0.24500146508216858, 0.9484284520149231, 0.20114149153232574], [-0.14159156382083893, -0.1702379286289215, 0.9751774668693542]], [[0.9374501705169678, 0.3423415422439575, -0.06316176056861877], [-0.3156389594078064, 0.912402868270874, 0.26056304574012756], [0.14683052897453308, -0.22432856261730194, 0.9633885622024536]], [[0.9893534779548645, -0.09110333770513535, -0.11348912864923477], [0.11200250685214996, 0.9745761752128601, 0.1940532773733139], [0.09292490035295486, -0.2046983689069748, 0.9744041562080383]], [[0.9951324462890625, 0.08155045658349991, 0.055326662957668304], [-0.08370766043663025, 0.9957708716392517, 0.037859395146369934], [-0.052005231380462646, -0.04230637475848198, 0.9977502822875977]], [[0.9568808078765869, -0.2859851121902466, -0.05090876296162605], [0.2851913571357727, 0.958209216594696, -0.022382404655218124], [0.055182281881570816, 0.006898554507642984, 0.9984524846076965]], [[0.9878109693527222, -0.09192010015249252, -0.12561927735805511], [0.101861871778965, 0.9919564723968506, 0.07514409720897675], [0.11770158261060715, -0.08702398091554642, 0.9892286658287048]], [[0.9655014872550964, 0.22994883358478546, -0.12218983471393585], [-0.1754409819841385, 0.9211910963058472, 0.3473145067691803], [0.19242477416992188, -0.313895583152771, 0.929753839969635]], [[0.7625324130058289, -0.642042875289917, 0.07953125983476639], [0.6440703272819519, 0.7649662494659424, 0.00020899703667964786], [-0.0609729140996933, 0.05106435716152191, 0.9968323111534119]], [[0.462597519159317, -0.12092793732881546, -0.8782824873924255], [0.5854547619819641, 0.7855978608131409, 0.20019666850566864], [0.6657674908638, -0.606805145740509, 0.43421345949172974]], [[0.5197240114212036, 0.20817941427230835, 0.8285820484161377], [-0.2487444281578064, 0.9647116661071777, -0.08635792881250381], [-0.8173206448554993, -0.1612228900194168, 0.5531672835350037]], [[0.9932529330253601, -0.11058632284402847, -0.03491896018385887], [0.10836678743362427, 0.9922930002212524, -0.06009368970990181], [0.041295379400253296, 0.05590417608618736, 0.9975818395614624]], [[0.9969748854637146, 0.06889243423938751, 0.035986196249723434], [-0.06732701510190964, 0.9968023300170898, -0.04303809255361557], [-0.038836121559143066, 0.04048505052924156, 0.9984251856803894]], [[0.9801762700080872, 0.18534696102142334, -0.07000700384378433], [-0.17263798415660858, 0.9723548889160156, 0.157232403755188], [0.09721420705318451, -0.14202959835529327, 0.9850771427154541]], [[0.9820714592933655, -0.17601796984672546, 0.06747819483280182], [0.16207948327064514, 0.9712175130844116, 0.17454689741134644], [-0.09625941514968872, -0.16048070788383484, 0.9823338985443115]]]], "pred_betas": [[0.209196537733078, 0.22080248594284058, 0.5293363928794861, 0.37152335047721863, 0.0004976391792297363, 0.04525531083345413, -0.03594779968261719, 0.23232874274253845, 0.3405125141143799, -0.03685494512319565]], "pred_camera": [1.0934056043624878, 0.004953697789460421, 0.3125653564929962]}