{"pred_joints_img": [[387.3169860839844, 148.93568420410156, -38.33741760253906], [389.4295349121094, 182.05465698242188, -0.5101983547210693], [342.13629150390625, 202.77310180664062, 7.003471851348877], [310.7562561035156, 256.6739196777344, 23.197690963745117], [273.3082275390625, 305.83941650390625, 4.929037570953369], [430.80877685546875, 203.59652709960938, 1.317332148551941], [490.27362060546875, 219.89105224609375, -22.7630558013916], [488.07427978515625, 165.41998291015625, -54.1139030456543], [367.02618408203125, 305.2359313964844, 6.7900824546813965], [345.41766357421875, 323.3872375488281, 3.3786163330078125], [266.6645202636719, 335.64923095703125, -52.40813446044922], [219.5978240966797, 424.51409912109375, -37.73276901245117], [378.35955810546875, 331.0810546875, 0.3620421290397644], [428.31256103515625, 367.8009948730469, -71.80680847167969], [419.01727294921875, 456.9349365234375, -24.142343521118164], [381.4140319824219, 140.237548828125, -26.759429931640625], [397.7532043457031, 141.07081604003906, -30.371335983276367], [375.2471618652344, 147.98825073242188, -2.3033759593963623], [411.6656494140625, 149.8594970703125, -10.279894828796387], [443.32904052734375, 474.5976257324219, -64.69705200195312], [450.24176025390625, 474.4189453125, -45.05052947998047], [413.7300109863281, 463.51019287109375, -8.232061386108398], [192.6041717529297, 416.0196533203125, -79.4910659790039], [184.68359375, 416.35986328125, -59.074249267578125], [219.46755981445312, 439.05194091796875, -25.818479537963867], [219.5978240966797, 424.51409912109375, -37.73276901245117], [266.6645202636719, 335.64923095703125, -52.40813446044922], [336.27166748046875, 292.569580078125, 16.161489486694336], [401.915771484375, 306.24407958984375, 8.970070838928223], [428.31256103515625, 367.8009948730469, -71.80680847167969], [419.01727294921875, 456.9349365234375, -24.142343521118164], [273.3082275390625, 305.83941650390625, 4.929037570953369], [310.7562561035156, 256.6739196777344, 23.197690963745117], [342.13629150390625, 202.77310180664062, 7.003471851348877], [430.80877685546875, 203.59652709960938, 1.317332148551941], [490.27362060546875, 219.89105224609375, -22.7630558013916], [488.07427978515625, 165.41998291015625, -54.1139030456543], [389.20648193359375, 182.71261596679688, -1.8943467140197754], [396.0793151855469, 115.01617431640625, -5.112074851989746], [369.0237121582031, 301.57415771484375, 16.995363235473633], [387.89910888671875, 196.59326171875, 3.401207447052002], [381.9804382324219, 242.81243896484375, 14.595295906066895], [391.76800537109375, 160.1505126953125, -21.330381393432617], [394.7989807128906, 130.99172973632812, -4.339097023010254], [387.3169860839844, 148.93568420410156, -38.33741760253906], [397.7532043457031, 141.07081604003906, -30.371335983276367], [381.4140319824219, 140.237548828125, -26.759429931640625], [411.6656494140625, 149.8594970703125, -10.279894828796387], [375.2471618652344, 147.98825073242188, -2.3033759593963623]], "pred_body_pose": [[2.825410842895508, 0.3296593725681305, -0.10578703135251999, -0.8153048753738403, 0.12323550879955292, 0.6779354214668274, -0.7723061442375183, -0.13728973269462585, -0.6925560235977173, 0.5479059219360352, 0.024226870387792587, -0.0326211117208004, 1.5247547626495361, -0.041614972054958344, -0.11706336587667465, 1.0481165647506714, 0.03650406375527382, 0.12052053958177567, -0.018135037273168564, 0.04318932071328163, 0.06701492518186569, -0.2628439962863922, 0.15374809503555298, -0.1536637842655182, -0.13673648238182068, -0.10430308431386948, 0.18992845714092255, -0.004896612837910652, 0.0215194933116436, 0.05520127713680267, -0.20756733417510986, 0.09783976525068283, 0.2611161470413208, -0.2179211527109146, -0.1270778328180313, -0.3183831572532654, -0.1998032033443451, -0.008876737207174301, 0.0029467118438333273, -0.10847815126180649, -0.03892488405108452, -0.029221514239907265, 0.04076847806572914, 0.08230485022068024, 0.404692143201828, -0.06451883167028427, -0.14344489574432373, 0.04635826498270035, -0.4320879578590393, -0.3737240433692932, -0.06438828259706497, 0.02558271773159504, 0.06513233482837677, 0.7060788869857788, -0.4373043179512024, -1.4196152687072754, 0.5964520573616028, -0.15172289311885834, 0.4646374583244324, -0.10834279656410217, 0.10732690989971161, -0.08287250250577927, 0.20941975712776184, 0.07062933593988419, 0.011553923599421978, -0.0726238265633583, -0.13900503516197205, -0.08286286890506744, -0.1858547180891037, -0.1700170636177063, 0.08762286603450775, 0.16806893050670624]], "pred_rotmat": [[[[0.971052885055542, 0.2357405424118042, -0.03850478306412697], [0.21412737667560577, -0.9305435419082642, -0.2970491945743561], [-0.10585691779851913, 0.2802055776119232, -0.9540854692459106]], [[0.7843116521835327, -0.6019676327705383, -0.1499669998884201], [0.5106789469718933, 0.4892357885837555, 0.7070044279098511], [-0.35222458839416504, -0.6310968399047852, 0.6911255121231079]], [[0.772686779499054, 0.6212637424468994, 0.13033203780651093], [-0.524562418460846, 0.5092912912368774, 0.6822437644004822], [0.3574763536453247, -0.5955280661582947, 0.719414234161377]], [[0.9991950392723083, 0.03747633099555969, 0.014312210492789745], [-0.024532832205295563, 0.8531186580657959, -0.5211398601531982], [-0.03174041584134102, 0.5203692317008972, 0.853351354598999]], [[0.9936747550964355, 0.05045545473694801, -0.10032348334789276], [-0.10245921462774277, 0.04168647155165672, -0.9938634634017944], [-0.04596369341015816, 0.9978560209274292, 0.04659242182970047]], [[0.9927806258201599, -0.08193206042051315, 0.08759985119104385], [0.11676882207393646, 0.4932650029659271, -0.8620062470436096], [0.02741600200533867, 0.8660120368003845, 0.499271035194397]], [[0.9968236684799194, -0.06733167916536331, 0.04253389686346054], [0.0665488913655281, 0.9975914359092712, 0.019561195746064186], [-0.043748535215854645, -0.016668478026986122, 0.9989036321640015]], [[0.9766026735305786, 0.1306908279657364, 0.17078402638435364], [-0.17071230709552765, 0.9540978670120239, 0.24607841670513153], [-0.13078448176383972, -0.2694757580757141, 0.9540850520133972]], [[0.976652204990387, -0.1807650774717331, -0.11607979238033295], [0.19494926929473877, 0.9727646112442017, 0.1253943145275116], [0.09025141596794128, -0.1450962871313095, 0.9852927327156067]], [[0.9982454180717468, -0.055221445858478546, 0.021371709182858467], [0.05511609837412834, 0.9984648823738098, 0.005487506743520498], [-0.02164192870259285, -0.004299952648580074, 0.9997565746307373]], [[0.9615128040313721, -0.265941321849823, 0.06905337423086166], [0.24583664536476135, 0.94492506980896, 0.21605780720710754], [-0.12270896136760712, -0.19076649844646454, 0.9739356637001038]], [[0.9420451521873474, 0.32335641980171204, -0.08939497917890549], [-0.29604217410087585, 0.9265891313552856, 0.2319304347038269], [0.15782859921455383, -0.19202427566051483, 0.9686159491539001]], [[0.9999564290046692, -0.002043254440650344, -0.009111063554883003], [0.0038109493907541037, 0.9801014065742493, 0.19846051931381226], [0.008524262346327305, -0.1984865814447403, 0.9800664782524109]], [[0.9988168478012085, 0.03126147389411926, -0.037250157445669174], [-0.02704395167529583, 0.9936966896057129, 0.1087907999753952], [0.04041632264852524, -0.10765469819307327, 0.9933664202690125]], [[0.9159418940544128, -0.39152252674102783, 0.08809444308280945], [0.39483004808425903, 0.9184614419937134, -0.023191949352622032], [-0.07183117419481277, 0.056024812161922455, 0.9958421587944031]], [[0.9886626601219177, -0.04153371602296829, -0.1442950963973999], [0.050767894834280014, 0.9968512058258057, 0.060912612825632095], [0.14131081104278564, -0.06754758208990097, 0.9876581430435181]], [[0.9300510883331299, 0.1394408792257309, -0.3399428427219391], [0.017641790211200714, 0.9071764945983887, 0.4203801453113556], [0.3670063614845276, -0.3969722390174866, 0.8412604928016663]], [[0.7589766979217529, -0.6475085020065308, 0.06846227496862411], [0.6491060256958008, 0.760696530342102, -0.001443894929252565], [-0.051144085824489594, 0.04553516209125519, 0.9976525902748108]], [[0.04694981873035431, -0.12291604280471802, -0.9913058280944824], [0.6219810843467712, 0.7801369428634644, -0.06727433204650879], [0.7816234230995178, -0.613415002822876, 0.11307873576879501]], [[0.8885443806648254, 0.06935526430606842, 0.4535180330276489], [-0.1383911669254303, 0.9829809665679932, 0.12081500887870789], [-0.43742045760154724, -0.17011240124702454, 0.8830203413963318]], [[0.974769115447998, -0.21167822182178497, -0.07083544880151749], [0.20282980799674988, 0.9724555015563965, -0.11484964191913605], [0.09319548308849335, 0.0975843295454979, 0.9908542633056641]], [[0.9972984790802002, 0.07290571928024292, 0.008971449919044971], [-0.07209037989377975, 0.9948731064796448, -0.07092619687318802], [-0.014096379280090332, 0.07008783519268036, 0.9974412322044373]], [[0.9794003963470459, 0.1897093504667282, -0.06917456537485123], [-0.17824916541576385, 0.9732038378715515, 0.1452636569738388], [0.09487883001565933, -0.12994098663330078, 0.9869717359542847]], [[0.9821343421936035, -0.173667311668396, 0.07246887683868408], [0.15885025262832642, 0.9715775847434998, 0.17550957202911377], [-0.1008894145488739, -0.1608622968196869, 0.9818068146705627]]]], "pred_betas": [[0.22993892431259155, 0.27304807305336, 0.46906277537345886, 0.23331837356090546, 0.11570397019386292, -0.030476972460746765, -0.27311617136001587, 0.2992860972881317, 0.40810972452163696, -0.015970729291439056]], "pred_camera": [1.2406814098358154, 0.07723867893218994, 0.3610081970691681]}