{"pred_joints_img": [[390.9042663574219, 149.71084594726562, -35.73892593383789], [395.2645568847656, 183.8829803466797, -0.21006865799427032], [348.37127685546875, 200.53717041015625, 8.77199935913086], [310.9803161621094, 249.12709045410156, 22.963516235351562], [272.7728271484375, 286.21978759765625, -10.739265441894531], [435.2099609375, 207.46829223632812, 1.128192663192749], [492.1594543457031, 234.64320373535156, -13.014809608459473], [520.7284545898438, 198.83938598632812, -54.098548889160156], [368.4405517578125, 304.3766174316406, 6.6241455078125], [346.5193176269531, 321.15863037109375, 3.091334819793701], [266.70892333984375, 340.51318359375, -44.79364013671875], [198.02723693847656, 410.3504943847656, -29.017324447631836], [378.2995300292969, 330.4282531738281, 1.4375848770141602], [428.0753479003906, 377.2609558105469, -61.54935836791992], [423.9181213378906, 465.15521240234375, -15.960930824279785], [385.7837829589844, 141.87620544433594, -23.548860549926758], [401.5234375, 142.40577697753906, -28.15473747253418], [381.08941650390625, 150.8352813720703, 0.26764506101608276], [416.4591369628906, 152.13165283203125, -9.744782447814941], [447.5062561035156, 482.094970703125, -56.29768371582031], [454.6072998046875, 481.6831970214844, -37.09504318237305], [419.2070617675781, 472.1125793457031, -0.2992335259914398], [181.03900146484375, 404.05157470703125, -75.0534439086914], [170.20567321777344, 399.10186767578125, -57.02214050292969], [192.68392944335938, 421.947509765625, -15.745888710021973], [198.02723693847656, 410.3504943847656, -29.017324447631836], [266.70892333984375, 340.51318359375, -44.79364013671875], [339.10845947265625, 289.5469970703125, 13.564573287963867], [402.09490966796875, 306.77685546875, 9.367958068847656], [428.0753479003906, 377.2609558105469, -61.54935836791992], [423.9181213378906, 465.15521240234375, -15.960930824279785], [272.7728271484375, 286.21978759765625, -10.739265441894531], [310.9803161621094, 249.12709045410156, 22.963516235351562], [348.37127685546875, 200.53717041015625, 8.77199935913086], [435.2099609375, 207.46829223632812, 1.128192663192749], [492.1594543457031, 234.64320373535156, -13.014809608459473], [520.7284545898438, 198.83938598632812, -54.098548889160156], [394.77001953125, 184.24209594726562, -1.3960144519805908], [401.2398376464844, 118.26449584960938, -1.8781300783157349], [370.3038635253906, 300.0467834472656, 15.953898429870605], [393.3652038574219, 197.78659057617188, 4.002630233764648], [385.76708984375, 243.0111083984375, 14.520490646362305], [396.2709655761719, 161.55958557128906, -19.91916275024414], [400.0919189453125, 133.92803955078125, -1.8911176919937134], [390.9042663574219, 149.71084594726562, -35.73892593383789], [401.5234375, 142.40577697753906, -28.15473747253418], [385.7837829589844, 141.87620544433594, -23.548860549926758], [416.4591369628906, 152.13165283203125, -9.744782447814941], [381.08941650390625, 150.8352813720703, 0.26764506101608276]], "pred_body_pose": [[2.842609405517578, 0.40137940645217896, -0.04372064769268036, -0.717236340045929, 0.12423834204673767, 0.6970520615577698, -0.5831516981124878, -0.09225309640169144, -0.717902421951294, 0.5089831948280334, 0.008299846202135086, -0.012112157419323921, 1.3519376516342163, -0.07273152470588684, -0.06784707307815552, 0.7754930853843689, 0.1687690168619156, 0.057109080255031586, -0.006170624867081642, 0.01625271700322628, 0.07387519627809525, -0.24476934969425201, 0.12153194099664688, -0.17510266602039337, -0.11406011879444122, -0.08459091186523438, 0.21031443774700165, -0.0009099641465581954, 0.0017333913128823042, 0.05225487798452377, -0.1712561994791031, 0.10715888440608978, 0.25018566846847534, -0.2112211287021637, -0.1210559755563736, -0.30193009972572327, -0.2168678194284439, -0.05881825461983681, 0.05076492950320244, -0.06211186572909355, -0.01049697957932949, -0.07091305404901505, 0.019661659374833107, 0.04026705026626587, 0.3423291742801666, -0.08428627997636795, -0.12865810096263885, 0.055905286222696304, -0.3656197190284729, -0.24924485385417938, -0.14726634323596954, 0.035172536969184875, 0.10486672818660736, 0.6764384508132935, -0.514066755771637, -1.0682977437973022, 0.45553773641586304, -0.0919981300830841, 0.7124297022819519, -0.15070228278636932, 0.09306403249502182, -0.04477706924080849, 0.1424175500869751, 0.06814686208963394, 0.021474657580256462, -0.06939810514450073, -0.15600232779979706, -0.0870397761464119, -0.18497146666049957, -0.18271838128566742, 0.08480812609195709, 0.17136409878730774]], "pred_rotmat": [[[[0.961168110370636, 0.2758546471595764, 0.007744878530502319], [0.26771798729896545, -0.9252735376358032, -0.2686929404735565], [-0.06695406883955002, 0.26033255457878113, -0.9631946682929993]], [[0.7698531746864319, -0.6258060932159424, -0.12527118623256683], [0.5439895987510681, 0.540773332118988, 0.641591489315033], [-0.33376848697662354, -0.5620774626731873, 0.7567480802536011]], [[0.7563773393630981, 0.6439210176467896, 0.11514836549758911], [-0.5938868522644043, 0.6021966338157654, 0.5335331559181213], [0.27421122789382935, -0.4719374477863312, 0.8379040956497192]], [[0.9998944997787476, 0.013662491925060749, 0.004929390270262957], [-0.009528499096632004, 0.8731710314750671, -0.4873208701610565], [-0.010962216183543205, 0.4872225224971771, 0.8732091188430786]], [[0.9957660436630249, 0.006813489831984043, -0.09167104214429855], [-0.09097707271575928, 0.21581126749515533, -0.9721875786781311], [0.013159656897187233, 0.9764112830162048, 0.21551740169525146]], [[0.9849477410316467, 0.010788262821733952, 0.1725153774023056], [0.11332971602678299, 0.7132927179336548, -0.6916429996490479], [-0.13051557540893555, 0.7007833123207092, 0.7013334035873413]], [[0.9971405267715454, -0.07385441660881042, 0.01600930094718933], [0.07375417649745941, 0.9972535371780396, 0.006764750927686691], [-0.01646493747830391, -0.005564654711633921, 0.9998489618301392]], [[0.9774831533432007, 0.1573009341955185, 0.14065180718898773], [-0.18678806722164154, 0.9551096558570862, 0.2299472540616989], [-0.09816696494817734, -0.2510416805744171, 0.9629855155944824]], [[0.9744437336921692, -0.20326602458953857, -0.0956159383058548], [0.2128627896308899, 0.97153240442276, 0.10399214923381805], [0.07175590097904205, -0.12168756872415543, 0.9899714589118958]], [[0.9986335039138794, -0.05223185196518898, 0.0017088318709284067], [0.05223027616739273, 0.9986346364021301, 0.0009548282832838595], [-0.0017563709989190102, -0.000864270783495158, 0.9999980926513672]], [[0.9632800817489624, -0.25499317049980164, 0.08408265560865402], [0.23679915070533752, 0.9544338583946228, 0.18160966038703918], [-0.12656056880950928, -0.1550302803516388, 0.9797692894935608]], [[0.9477517604827881, 0.3070422410964966, -0.08655435591936111], [-0.2817915976047516, 0.932958722114563, 0.22401238977909088], [0.14953289926052094, -0.18791784346103668, 0.9707351922988892]], [[0.9969949722290039, -0.04396738484501839, -0.06377974897623062], [0.05666685849428177, 0.9753051996231079, 0.21346841752529144], [0.05281906574964523, -0.21644113957881927, 0.9748658537864685]], [[0.9974324703216553, 0.07113252580165863, -0.008280627429485321], [-0.07048102468252182, 0.9955601096153259, 0.062390681356191635], [0.012681867927312851, -0.06164686754345894, 0.9980174899101257]], [[0.9411823749542236, -0.33517685532569885, 0.04280393198132515], [0.3359607756137848, 0.94179368019104, -0.012449276633560658], [-0.03613976389169693, 0.026097480207681656, 0.999005913734436]], [[0.9901827573776245, -0.05024609714746475, -0.13043533265590668], [0.06106603518128395, 0.9948965907096863, 0.08032222837209702], [0.12573379278182983, -0.08749885857105255, 0.9881978034973145]], [[0.9588488340377808, 0.18673056364059448, -0.21387062966823578], [-0.09724141657352448, 0.9237152338027954, 0.3705325722694397], [0.26674526929855347, -0.334487646818161, 0.9038612246513367]], [[0.7747467756271362, -0.6229302287101746, 0.1082838773727417], [0.6264764666557312, 0.7794386148452759, 0.0016184499254450202], [-0.08540882170200348, 0.06658341735601425, 0.9941186904907227]], [[0.411527544260025, -0.10297072678804398, -0.9055616855621338], [0.5821836590766907, 0.7941620349884033, 0.17426659166812897], [0.7012183666229248, -0.5989187359809875, 0.3867674171924591]], [[0.7465575933456421, 0.10620475560426712, 0.6567893028259277], [-0.16885681450366974, 0.9850999116897583, 0.03264220431447029], [-0.643536388874054, -0.13527265191078186, 0.7533672451972961]], [[0.9888848662376404, -0.14376229047775269, -0.037936557084321976], [0.13960589468479156, 0.9855654239654541, -0.09576504677534103], [0.051156364381313324, 0.08940443396568298, 0.9946808218955994]], [[0.9973635077476501, 0.07001452147960663, 0.01907648704946041], [-0.06855230778455734, 0.9952738881111145, -0.06877876073122025], [-0.023801840841770172, 0.06728969514369965, 0.997449517250061]], [[0.9792196750640869, 0.18969149887561798, -0.07173500955104828], [-0.17618770897388458, 0.9708854556083679, 0.16229434311389923], [0.10043231397867203, -0.14628300070762634, 0.9841314554214478]], [[0.9818272590637207, -0.17707635462284088, 0.06825829297304153], [0.16167046129703522, 0.9688065648078918, 0.18782006204128265], [-0.09938758611679077, -0.17337150871753693, 0.9798287153244019]]]], "pred_betas": [[0.19442738592624664, 0.23765820264816284, 0.4699972867965698, 0.3636888265609741, 0.09838148951530457, 0.026123318821191788, -0.14705809950828552, 0.24971938133239746, 0.40015220642089844, -0.036615386605262756]], "pred_camera": [1.1127697229385376, 0.00892703514546156, 0.30400362610816956]}