{"pred_joints_img": [[386.3351135253906, 148.77035522460938, -34.04158020019531], [392.4251403808594, 181.92864990234375, 3.625058174133301], [344.7703552246094, 200.49029541015625, 12.29416561126709], [311.7052917480469, 253.9048309326172, 28.24899673461914], [275.8772888183594, 298.4601745605469, -2.274649143218994], [433.046875, 205.11781311035156, 2.5671310424804688], [489.97943115234375, 224.11619567871094, -26.39516258239746], [481.38348388671875, 166.66046142578125, -51.43976593017578], [368.27276611328125, 305.3717041015625, 6.6539106369018555], [346.8795166015625, 323.7784423828125, 2.426821708679199], [271.58074951171875, 331.32147216796875, -59.710323333740234], [243.0420684814453, 428.27386474609375, -44.80533218383789], [379.9495849609375, 330.6348571777344, -1.7391420602798462], [427.7705993652344, 368.7727355957031, -75.39126586914062], [419.2359619140625, 455.9900207519531, -23.070283889770508], [381.4949951171875, 140.25184631347656, -21.804325103759766], [397.4745178222656, 140.6913299560547, -27.20149803161621], [378.2899169921875, 148.28131103515625, 3.1359431743621826], [413.7359924316406, 149.3901824951172, -8.604616165161133], [441.9643249511719, 475.787353515625, -63.781700134277344], [449.595703125, 474.7152099609375, -44.32861328125], [414.60162353515625, 461.5570068359375, -6.570717811584473], [213.12147521972656, 423.99078369140625, -85.40350341796875], [206.45120239257812, 426.1895751953125, -64.71105194091797], [245.96405029296875, 442.760009765625, -33.057708740234375], [243.0420684814453, 428.27386474609375, -44.80533218383789], [271.58074951171875, 331.32147216796875, -59.710323333740234], [337.2179870605469, 294.22747802734375, 17.713233947753906], [403.0205383300781, 305.72137451171875, 7.738915920257568], [427.7705993652344, 368.7727355957031, -75.39126586914062], [419.2359619140625, 455.9900207519531, -23.070283889770508], [275.8772888183594, 298.4601745605469, -2.274649143218994], [311.7052917480469, 253.9048309326172, 28.24899673461914], [344.7703552246094, 200.49029541015625, 12.29416561126709], [433.046875, 205.11781311035156, 2.5671310424804688], [489.97943115234375, 224.11619567871094, -26.39516258239746], [481.38348388671875, 166.66046142578125, -51.43976593017578], [391.9240417480469, 182.57763671875, 1.9656349420547485], [397.9969482421875, 114.6790771484375, -1.4815070629119873], [370.2428894042969, 302.4916687011719, 17.024276733398438], [390.57586669921875, 196.42401123046875, 6.962482452392578], [383.4196472167969, 242.8982391357422, 17.64276885986328], [392.86346435546875, 159.9683074951172, -17.68140411376953], [397.1025390625, 130.7816162109375, -0.6844081282615662], [386.3351135253906, 148.77035522460938, -34.04158020019531], [397.4745178222656, 140.6913299560547, -27.20149803161621], [381.4949951171875, 140.25184631347656, -21.804325103759766], [413.7359924316406, 149.3901824951172, -8.604616165161133], [378.2899169921875, 148.28131103515625, 3.1359431743621826]], "pred_body_pose": [[2.7576208114624023, 0.29809877276420593, -0.14579956233501434, -0.7290831804275513, 0.1261870563030243, 0.6551521420478821, -0.847383975982666, -0.12465154379606247, -0.6263511180877686, 0.5639012455940247, 0.015168223530054092, -0.05972311273217201, 1.5565921068191528, -0.061111725866794586, -0.11400432884693146, 1.2585735321044922, -0.007189211435616016, 0.1642228215932846, 0.0091658104211092, 0.04125302657485008, 0.04647226259112358, -0.2583935260772705, 0.15252788364887238, -0.13893842697143555, -0.14236202836036682, -0.10209590941667557, 0.16779860854148865, -0.003466838039457798, 0.0121624069288373, 0.04419976845383644, -0.23193520307540894, 0.10663802921772003, 0.26061123609542847, -0.2476937472820282, -0.14383523166179657, -0.30866318941116333, -0.15126997232437134, -0.04495576396584511, 0.0271442923694849, -0.10955657064914703, -0.06044626608490944, -0.02750941552221775, 0.03956855461001396, 0.09288671612739563, 0.3717454671859741, -0.08247633278369904, -0.1626037359237671, 0.08326218277215958, -0.43643444776535034, -0.3785303831100464, -0.08338401466608047, 0.0436677448451519, 0.07302219420671463, 0.7361571192741394, -0.38637974858283997, -1.5327870845794678, 0.6817534565925598, -0.008481865748763084, 0.6530331373214722, -0.15325196087360382, 0.1372053325176239, -0.08347538858652115, 0.23913468420505524, 0.08583971858024597, 0.030616171658039093, -0.09494569152593613, -0.14928844571113586, -0.08862210810184479, -0.20220620930194855, -0.16389238834381104, 0.09158258885145187, 0.18331442773342133]], "pred_rotmat": [[[[0.9723870158195496, 0.22482134401798248, -0.06260021030902863], [0.18743732571601868, -0.9121702313423157, -0.36443477869033813], [-0.13903476297855377, 0.3426380455493927, -0.9291223883628845]], [[0.794962465763092, -0.5959681272506714, -0.113387331366539], [0.51121586561203, 0.5574561357498169, 0.6541414856910706], [-0.32663899660110474, -0.5779833197593689, 0.7478250861167908]], [[0.8145029544830322, 0.5632978677749634, 0.13885381817817688], [-0.46721622347831726, 0.49498724937438965, 0.732595682144165], [0.3439387381076813, -0.6615761518478394, 0.6663504838943481]], [[0.9981518983840942, 0.06073451414704323, -0.00202450854703784], [-0.05240805074572563, 0.8434894680976868, -0.534582793712616], [-0.03075997903943062, 0.5337009429931641, 0.8451135754585266]], [[0.9932025671005249, 0.03433920815587044, -0.11121805757284164], [-0.11163133382797241, 0.01035618968307972, -0.9936957359313965], [-0.03297092765569687, 0.9993566274642944, 0.01411912590265274]], [[0.9882087111473083, -0.12749527394771576, 0.08478463441133499], [0.11959845572710037, 0.29700738191604614, -0.9473556876182556], [0.09560170024633408, 0.9463253021240234, 0.30875352025032043]], [[0.9980698227882385, -0.04625272378325462, 0.041438814252614975], [0.046630702912807465, 0.998878538608551, -0.008201537653803825], [-0.041012998670339584, 0.0101180300116539, 0.999107301235199]], [[0.978908896446228, 0.1168932318687439, 0.16755104064941406], [-0.15594764053821564, 0.9573551416397095, 0.2432107925415039], [-0.1319761574268341, -0.26421040296554565, 0.9553927183151245]], [[0.9808045029640198, -0.15892596542835236, -0.11298312991857529], [0.17338940501213074, 0.9759068489074707, 0.1324460357427597], [0.08921189606189728, -0.1494937241077423, 0.9847298860549927]], [[0.9989494681358337, -0.044205281883478165, 0.012081519700586796], [0.04416312277317047, 0.9990173578262329, 0.0037343574222177267], [-0.01223472598940134, -0.00319687626324594, 0.999920129776001]], [[0.9607927799224854, -0.2670990526676178, 0.07439964264631271], [0.24263906478881836, 0.9398158192634583, 0.24056695401668549], [-0.13417717814445496, -0.21308273077011108, 0.967776894569397]], [[0.9428709149360657, 0.31717386841773987, -0.10195663571357727], [-0.2820701003074646, 0.9228377938270569, 0.2623106837272644], [0.1772875189781189, -0.2185661941766739, 0.9595822095870972]], [[0.9986240267753601, -0.02363547496497631, -0.046812575310468674], [0.030421417206525803, 0.9882155060768127, 0.15001553297042847], [0.042715221643447876, -0.1512332260608673, 0.9875747561454773]], [[0.9977977275848389, 0.030740836635231972, -0.05877618491649628], [-0.02412760630249977, 0.993628978729248, 0.11008740216493607], [0.06178590655326843, -0.10842683166265488, 0.9921824336051941]], [[0.9274920225143433, -0.36080458760261536, 0.09787070006132126], [0.36443474888801575, 0.9309796690940857, -0.02154454030096531], [-0.08334226161241531, 0.05564986914396286, 0.9949659109115601]], [[0.9833695292472839, -0.07602272927761078, -0.164939284324646], [0.08938886970281601, 0.9931554794311523, 0.07517846673727036], [0.1580950766801834, -0.08867194503545761, 0.9834344387054443]], [[0.926989734172821, 0.1590120494365692, -0.33971354365348816], [0.0015539933228865266, 0.9040571451187134, 0.42740875482559204], [0.3750836253166199, -0.3967314064502716, 0.8378046154975891]], [[0.7386655807495117, -0.6690817475318909, 0.08187071233987808], [0.6721271872520447, 0.7403013110160828, -0.014109088107943535], [-0.051168859004974365, 0.06544942408800125, 0.9965431690216064]], [[-0.09218160063028336, -0.1616947501897812, -0.9825260043144226], [0.6213818788528442, 0.7616808414459229, -0.18364883959293365], [0.7780662178993225, -0.6274529099464417, 0.03026122786104679]], [[0.7833417057991028, 0.13934651017189026, 0.6057708263397217], [-0.14468084275722504, 0.9886561036109924, -0.04033084213733673], [-0.6045189499855042, -0.05605058744549751, 0.7946163415908813]], [[0.9681444764137268, -0.24152831733226776, -0.06603357195854187], [0.23015403747558594, 0.9622567296028137, -0.14522776007652283], [0.09861786663532257, 0.1254035383462906, 0.9871922731399536]], [[0.9950312376022339, 0.09598400443792343, 0.02645868994295597], [-0.09335967898368835, 0.9918202757835388, -0.08704347908496857], [-0.034597042948007584, 0.08414079248905182, 0.9958531856536865]], [[0.975773274898529, 0.20639704167842865, -0.07257231324911118], [-0.19324488937854767, 0.9685993194580078, 0.15643449127674103], [0.10258110612630844, -0.13862037658691406, 0.9850184917449951]], [[0.9791244268417358, -0.18867994844913483, 0.07559933513402939], [0.1737561672925949, 0.9699406027793884, 0.17036426067352295], [-0.1054711863398552, -0.1536719650030136, 0.9824768304824829]]]], "pred_betas": [[0.18649251759052277, 0.36858031153678894, 0.4815717041492462, 0.27549612522125244, 0.1447204202413559, -0.04767479747533798, -0.3165849447250366, 0.2615112066268921, 0.5552445650100708, 0.04172062128782272]], "pred_camera": [1.250104308128357, 0.04376517981290817, 0.34327325224876404]}