{"pred_joints_img": [[388.5917053222656, 149.32923889160156, -35.22444534301758], [390.5972900390625, 183.40756225585938, 1.3157366514205933], [343.38653564453125, 204.4176788330078, 7.731238842010498], [313.8482666015625, 258.69891357421875, 23.78095245361328], [279.80303955078125, 309.7095642089844, 5.891937732696533], [431.7081298828125, 204.7393035888672, 3.9917993545532227], [492.1463317871094, 218.76959228515625, -17.269399642944336], [489.75128173828125, 163.89105224609375, -46.794490814208984], [367.1871643066406, 306.4191589355469, 6.765226364135742], [345.4662780761719, 324.1630859375, 3.6426591873168945], [265.3171691894531, 340.847900390625, -47.16754150390625], [203.7376708984375, 419.9159851074219, -37.92781448364258], [378.02520751953125, 332.3987731933594, 1.0143531560897827], [426.65277099609375, 370.32818603515625, -70.20001983642578], [419.2393798828125, 459.4847412109375, -24.366931915283203], [383.08349609375, 140.9783172607422, -23.29957389831543], [399.2088317871094, 141.95071411132812, -27.23714256286621], [377.26202392578125, 149.359375, 0.841772198677063], [413.31903076171875, 151.6112823486328, -7.845663547515869], [443.1300354003906, 475.1837463378906, -65.70989990234375], [450.2563171386719, 475.35113525390625, -46.25442886352539], [414.3384704589844, 466.90887451171875, -8.732765197753906], [182.54534912109375, 408.779541015625, -82.03521728515625], [172.84605407714844, 407.2625427246094, -62.503719329833984], [200.3552703857422, 434.14208984375, -26.190017700195312], [203.7376708984375, 419.9159851074219, -37.92781448364258], [265.3171691894531, 340.847900390625, -47.16754150390625], [337.0309143066406, 292.7872009277344, 15.088484764099121], [401.79766845703125, 307.9332580566406, 9.05336856842041], [426.65277099609375, 370.32818603515625, -70.20001983642578], [419.2393798828125, 459.4847412109375, -24.366931915283203], [279.80303955078125, 309.7095642089844, 5.891937732696533], [313.8482666015625, 258.69891357421875, 23.78095245361328], [343.38653564453125, 204.4176788330078, 7.731238842010498], [431.7081298828125, 204.7393035888672, 3.9917993545532227], [492.1463317871094, 218.76959228515625, -17.269399642944336], [489.75128173828125, 163.89105224609375, -46.794490814208984], [390.375244140625, 184.00173950195312, 0.02081097848713398], [398.4631042480469, 116.90364074707031, -1.2768068313598633], [369.25445556640625, 302.3408508300781, 16.525014877319336], [388.9464111328125, 197.92115783691406, 5.148101329803467], [382.83697509765625, 243.96083068847656, 15.036685943603516], [393.1628723144531, 161.1103973388672, -18.793270111083984], [396.9279479980469, 132.74522399902344, -1.0073802471160889], [388.5917053222656, 149.32923889160156, -35.22444534301758], [399.2088317871094, 141.95071411132812, -27.23714256286621], [383.08349609375, 140.9783172607422, -23.29957389831543], [413.31903076171875, 151.6112823486328, -7.845663547515869], [377.26202392578125, 149.359375, 0.841772198677063]], "pred_body_pose": [[2.8446366786956787, 0.35501909255981445, -0.09089633077383041, -0.8269332647323608, 0.11461125314235687, 0.6723280549049377, -0.6813075542449951, -0.1205810159444809, -0.7134498953819275, 0.5009303689002991, 0.026159709319472313, -0.022027572616934776, 1.4860011339187622, -0.05752135068178177, -0.11033705621957779, 0.825069785118103, 0.09679511189460754, 0.09603086858987808, -0.01911356672644615, 0.04456200450658798, 0.07272470742464066, -0.28854724764823914, 0.16438964009284973, -0.16168610751628876, -0.11968366801738739, -0.11753633618354797, 0.22080567479133606, 0.0011216067941859365, 0.024641484022140503, 0.05837192013859749, -0.1882340908050537, 0.09099215269088745, 0.28016218543052673, -0.21413959562778473, -0.11084745079278946, -0.36921143531799316, -0.2071692794561386, -0.03121986612677574, -0.00837511382997036, -0.10855640470981598, -0.02350989542901516, -0.025835340842604637, 0.042577967047691345, 0.07471437007188797, 0.41886356472969055, -0.06676919013261795, -0.16394610702991486, 0.04515797272324562, -0.4347318112850189, -0.36363306641578674, -0.040540970861911774, 0.05369223281741142, 0.06025146320462227, 0.7280845642089844, -0.4465376138687134, -1.4276522397994995, 0.599021315574646, -0.12368603050708771, 0.4591177999973297, -0.09283913671970367, 0.09089251607656479, -0.09566245228052139, 0.20701764523983002, 0.05477366968989372, 0.02058267593383789, -0.06890339404344559, -0.13475997745990753, -0.0806405246257782, -0.19315305352210999, -0.17008496820926666, 0.0877564325928688, 0.17288362979888916]], "pred_rotmat": [[[[0.9679548740386963, 0.24952803552150726, -0.02826892025768757], [0.2324112355709076, -0.9327719211578369, -0.2755386233329773], [-0.09512307494878769, 0.26013892889022827, -0.9608742594718933]], [[0.7888531684875488, -0.5937977433204651, -0.1584768146276474], [0.5077559947967529, 0.48441535234451294, 0.7124083042144775], [-0.3462578356266022, -0.642453134059906, 0.6836369633674622]], [[0.7590746283531189, 0.639471173286438, 0.12199347466230392], [-0.5638617277145386, 0.552160918712616, 0.6141484379768372], [0.325370192527771, -0.5349718928337097, 0.7797046899795532]], [[0.9994274377822876, 0.027529241517186165, 0.019672131165862083], [-0.014698038809001446, 0.8769106268882751, -0.4804287254810333], [-0.030476534739136696, 0.4798644781112671, 0.8768131732940674]], [[0.9935908317565918, 0.03837483003735542, -0.10632305592298508], [-0.10914074629545212, 0.08088051527738571, -0.9907304048538208], [-0.029419653117656708, 0.9959848523139954, 0.0845503956079483]], [[0.9912336468696594, -0.047565072774887085, 0.12326163798570633], [0.1228807345032692, 0.6746607422828674, -0.7278277277946472], [-0.04854061082005501, 0.7365938425064087, 0.6745912432670593]], [[0.996364951133728, -0.07305774092674255, 0.043810710310935974], [0.0722065418958664, 0.9971746206283569, 0.020708587020635605], [-0.04519985616207123, -0.017469890415668488, 0.9988250732421875]], [[0.9737176895141602, 0.13458608090877533, 0.1837402731180191], [-0.1814834326505661, 0.9459181427955627, 0.26889166235923767], [-0.1376141756772995, -0.2951703667640686, 0.9454823732376099]], [[0.9689149856567383, -0.21099811792373657, -0.12916477024555206], [0.2249753773212433, 0.9686619639396667, 0.10526230931282043], [0.10290683805942535, -0.13104912638664246, 0.9860204458236694]], [[0.9979934096336365, -0.058319032192230225, 0.02465771697461605], [0.058346670120954514, 0.9982962608337402, -0.00040191164589487016], [-0.024592269212007523, 0.001839800737798214, 0.9996958374977112]], [[0.9570547938346863, -0.2829679548740387, 0.06304959207773209], [0.2660138010978699, 0.9436162710189819, 0.19704069197177887], [-0.11525081098079681, -0.1718066930770874, 0.9783658385276794]], [[0.9268941879272461, 0.369038462638855, -0.0683947280049324], [-0.3456837832927704, 0.9103800654411316, 0.22740013897418976], [0.14618459343910217, -0.18713290989398956, 0.9713966250419617]], [[0.9994795322418213, 0.0115359490737319, -0.030127249658107758], [-0.005091812927275896, 0.9785839319229126, 0.205784872174263], [0.03185597062110901, -0.20552435517311096, 0.9781333208084106]], [[0.9993905425071716, 0.02705407701432705, -0.022058196365833282], [-0.024504687637090683, 0.993780791759491, 0.10862463712692261], [0.024859750643372536, -0.10801791399717331, 0.9938380718231201]], [[0.9108563661575317, -0.4046490490436554, 0.08124043047428131], [0.40778201818466187, 0.9127124547958374, -0.025881683453917503], [-0.0636761486530304, 0.0567028783261776, 0.9963585734367371]], [[0.9855813384056091, -0.03944912552833557, -0.16453906893730164], [0.05036527290940285, 0.996760368347168, 0.06270694732666016], [0.16153226792812347, -0.07008986175060272, 0.9843752980232239]], [[0.9348453283309937, 0.11533195525407791, -0.33580154180526733], [0.03854319453239441, 0.907219409942627, 0.4188881814479828], [0.3529568612575531, -0.4045385718345642, 0.8436645865440369]], [[0.7448537945747375, -0.6631456613540649, 0.0736931711435318], [0.66623854637146, 0.7452110648155212, -0.028046781197190285], [-0.036317870020866394, 0.06998798996210098, 0.9968864917755127]], [[0.03937786817550659, -0.11596538126468658, -0.9924724698066711], [0.6269311904907227, 0.7762883305549622, -0.06583090871572495], [0.7780788540840149, -0.6196196675300598, 0.10327088832855225]], [[0.8924248218536377, 0.06140763312578201, 0.4469977915287018], [-0.11709210276603699, 0.9882733821868896, 0.09800571948289871], [-0.4357377290725708, -0.13980263471603394, 0.8891500234603882]], [[0.9741265177726746, -0.2092701643705368, -0.08534341305494308], [0.20061872899532318, 0.9745692610740662, -0.09983453899621964], [0.10406544804573059, 0.08012998849153519, 0.9913372993469238]], [[0.9974161386489868, 0.06937290728092194, 0.018668895587325096], [-0.0682462751865387, 0.9961286783218384, -0.05540773272514343], [-0.022440418601036072, 0.053990479558706284, 0.9982892870903015]], [[0.9782074093818665, 0.1965697854757309, -0.06686262041330338], [-0.18575868010520935, 0.9724087119102478, 0.14112024009227753], [0.09275777637958527, -0.12562455236911774, 0.98773193359375]], [[0.9813089966773987, -0.178395077586174, 0.07216561585664749], [0.16355159878730774, 0.9707538485527039, 0.17574946582317352], [-0.10140789300203323, -0.1606617271900177, 0.98178631067276]]]], "pred_betas": [[0.23254962265491486, 0.2346922606229782, 0.4832766056060791, 0.30877530574798584, 0.12898948788642883, -0.04313046485185623, -0.22769692540168762, 0.28203338384628296, 0.4216362237930298, -0.03339281678199768]], "pred_camera": [1.21903395652771, 0.07732804864645004, 0.35246795415878296]}