{"pred_joints_img": [[392.2174072265625, 150.9809112548828, -40.52347183227539], [394.86444091796875, 183.94781494140625, -2.9541983604431152], [347.04815673828125, 202.46713256835938, 3.7630393505096436], [312.3572692871094, 254.0659942626953, 18.63137435913086], [273.7792663574219, 299.2188415527344, -5.21202278137207], [435.426025390625, 206.69927978515625, 1.8756555318832397], [495.08392333984375, 229.906005859375, -12.838187217712402], [509.8680419921875, 180.10733032226562, -47.52668380737305], [368.1776428222656, 305.930908203125, 6.689823150634766], [346.0538024902344, 323.1449279785156, 3.337332010269165], [266.4046936035156, 340.306640625, -48.197994232177734], [203.6466827392578, 415.359619140625, -24.632774353027344], [378.3467712402344, 332.41278076171875, 2.0452373027801514], [428.007080078125, 376.9024658203125, -64.57369232177734], [422.7400207519531, 464.7336730957031, -15.958521842956543], [386.69573974609375, 142.336181640625, -28.76018524169922], [402.8166809082031, 143.17971801757812, -32.86387634277344], [381.1851806640625, 150.09107971191406, -4.324374198913574], [417.2613220214844, 152.06640625, -13.230687141418457], [446.238037109375, 482.34619140625, -56.80824279785156], [453.55029296875, 481.7552490234375, -37.37079620361328], [418.12713623046875, 471.28521728515625, 0.11400636285543442], [182.88031005859375, 410.2887878417969, -69.98268127441406], [173.01986694335938, 405.81207275390625, -50.97628402709961], [199.8425750732422, 427.2562255859375, -10.702764511108398], [203.6466827392578, 415.359619140625, -24.632774353027344], [266.4046936035156, 340.306640625, -48.197994232177734], [338.28558349609375, 291.1233825683594, 13.524858474731445], [402.47686767578125, 308.2342224121094, 9.924812316894531], [428.007080078125, 376.9024658203125, -64.57369232177734], [422.7400207519531, 464.7336730957031, -15.958521842956543], [273.7792663574219, 299.2188415527344, -5.21202278137207], [312.3572692871094, 254.0659942626953, 18.63137435913086], [347.04815673828125, 202.46713256835938, 3.7630393505096436], [435.426025390625, 206.69927978515625, 1.8756555318832397], [495.08392333984375, 229.906005859375, -12.838187217712402], [509.8680419921875, 180.10733032226562, -47.52668380737305], [394.51153564453125, 184.4480743408203, -4.13125467300415], [401.8988037109375, 117.31829833984375, -7.573577880859375], [370.0487060546875, 301.5547790527344, 16.273155212402344], [392.8313903808594, 198.19369506835938, 1.6790050268173218], [385.2786560058594, 243.77560424804688, 12.907442092895508], [397.1141357421875, 162.1392059326172, -23.75896453857422], [400.5929260253906, 133.201171875, -6.810622692108154], [392.2174072265625, 150.9809112548828, -40.52347183227539], [402.8166809082031, 143.17971801757812, -32.86387634277344], [386.69573974609375, 142.336181640625, -28.76018524169922], [417.2613220214844, 152.06640625, -13.230687141418457], [381.1851806640625, 150.09107971191406, -4.324374198913574]], "pred_body_pose": [[2.862281560897827, 0.39530909061431885, -0.032470736652612686, -0.7739157676696777, 0.09820633381605148, 0.6815617680549622, -0.6446410417556763, -0.10317286103963852, -0.7217479944229126, 0.5227963328361511, 0.022059623152017593, -0.016072645783424377, 1.4213370084762573, -0.07334773242473602, -0.07957562059164047, 0.9245436191558838, 0.13603153824806213, 0.07084096968173981, -0.024522168561816216, 0.03841647878289223, 0.07332638651132584, -0.2597658038139343, 0.12843924760818481, -0.16029754281044006, -0.1414176970720291, -0.08492089062929153, 0.20186585187911987, -4.287983028916642e-05, 0.021495655179023743, 0.056844595819711685, -0.18974068760871887, 0.11101191490888596, 0.24800845980644226, -0.2154950499534607, -0.12351079285144806, -0.3065177798271179, -0.21357952058315277, -0.06030045822262764, 0.023316791281104088, -0.09194029122591019, 0.005528924521058798, -0.05375077575445175, 0.027776557952165604, 0.05305667594075203, 0.3846610486507416, -0.06241406500339508, -0.15607118606567383, 0.05785438418388367, -0.4085424244403839, -0.3198740482330322, -0.11642800271511078, 0.029392844066023827, 0.08808428049087524, 0.6976649761199951, -0.5009312033653259, -1.296817660331726, 0.5881110429763794, -0.13584601879119873, 0.5339933037757874, -0.1300739347934723, 0.09984524548053741, -0.06089746579527855, 0.20540554821491241, 0.08706749975681305, 0.011847998015582561, -0.09261088818311691, -0.1427714228630066, -0.08670883625745773, -0.18887406587600708, -0.17564637959003448, 0.08735200017690659, 0.16934789717197418]], "pred_rotmat": [[[[0.9629125595092773, 0.26953813433647156, 0.012195357121527195], [0.2639353573322296, -0.9315868020057678, -0.24996820092201233], [-0.056014932692050934, 0.24391627311706543, -0.9681772589683533]], [[0.7833722233772278, -0.6007610559463501, -0.15941786766052246], [0.5313158631324768, 0.5141464471817017, 0.6733177304267883], [-0.32253900170326233, -0.6121596693992615, 0.7219619154930115]], [[0.7545438408851624, 0.6438036561012268, 0.1272023618221283], [-0.5823806524276733, 0.5675686001777649, 0.5819782614707947], [0.3024836778640747, -0.5132083296775818, 0.8031941652297974]], [[0.9996359348297119, 0.020984340459108353, 0.016959447413682938], [-0.00971264485269785, 0.8663085103034973, -0.49941495060920715], [-0.025172004476189613, 0.4990684390068054, 0.8661969304084778]], [[0.99507075548172, 0.011360001750290394, -0.09851498901844025], [-0.09911249577999115, 0.14709828794002533, -0.9841437339782715], [0.003311512991786003, 0.9890566468238831, 0.14749912917613983]], [[0.9890744686126709, -0.0025033424608409405, 0.14739510416984558], [0.11933059990406036, 0.600658655166626, -0.7905499935150146], [-0.0865551307797432, 0.7995016574859619, 0.594394862651825]], [[0.9965758323669434, -0.07370606809854507, 0.037470266222953796], [0.07276459783315659, 0.9970128536224365, 0.025899313390254974], [-0.039267271757125854, -0.023084120824933052, 0.9989621043205261]], [[0.9790961146354675, 0.1408534198999405, 0.14673474431037903], [-0.17391374707221985, 0.9538374543190002, 0.24484314024448395], [-0.105474092066288, -0.26524415612220764, 0.9583948850631714]], [[0.9761548042297363, -0.19361639022827148, -0.09815534204244614], [0.20555788278579712, 0.9697971940040588, 0.13129845261573792], [0.0697692409157753, -0.1483442187309265, 0.9864715933799744]], [[0.9981539249420166, -0.056810081005096436, 0.021481208503246307], [0.05680914968252182, 0.9983848929405212, 0.0006536214496009052], [-0.0214836448431015, 0.0005679145688191056, 0.9997691512107849]], [[0.9634207487106323, -0.253929078578949, 0.08567681908607483], [0.23305769264698029, 0.9516897201538086, 0.19992680847644806], [-0.13230498135089874, -0.17264598608016968, 0.976057767868042]], [[0.9461005330085754, 0.31176432967185974, -0.0877312570810318], [-0.28549179434776306, 0.9307100772857666, 0.2286331057548523], [0.15293201804161072, -0.191263347864151, 0.9695514440536499]], [[0.9979187250137329, -0.01671096682548523, -0.06228092685341835], [0.029536552727222443, 0.9770156145095825, 0.21111126244068146], [0.05732157081365585, -0.21251146495342255, 0.9754757881164551]], [[0.9985414743423462, 0.053395017981529236, 0.007987040095031261], [-0.05390287563204765, 0.9943342804908752, 0.0916176587343216], [-0.0030498604755848646, -0.09191456437110901, 0.9957621693611145]], [[0.9255577325820923, -0.37429079413414, 0.057001810520887375], [0.3757460415363312, 0.9265666604042053, -0.017004070803523064], [-0.04645150899887085, 0.03715645149350166, 0.9982292056083679]], [[0.9861837029457092, -0.05269244313240051, -0.1570511907339096], [0.06240785866975784, 0.9963882565498352, 0.057583022862672806], [0.15344975888729095, -0.06658867746591568, 0.9859102964401245]], [[0.9434149861335754, 0.1748335212469101, -0.2817822992801666], [-0.04720202088356018, 0.9118751883506775, 0.40774455666542053], [0.3282376825809479, -0.37137165665626526, 0.868529200553894]], [[0.7627916932106018, -0.6402337551116943, 0.09082690626382828], [0.6427175998687744, 0.766099214553833, 0.0024534487165510654], [-0.0711532011628151, 0.056504592299461365, 0.9958636164665222]], [[0.16465407609939575, -0.12124606221914291, -0.9788710474967957], [0.6565110087394714, 0.7541243433952332, 0.01702226512134075], [0.7361266016960144, -0.6454423666000366, 0.2037690132856369]], [[0.8529573082923889, 0.08792392909526825, 0.5145223736763], [-0.15854774415493011, 0.9827806949615479, 0.0948929488658905], [-0.4973193109035492, -0.16251599788665771, 0.8522101044654846]], [[0.9771566987037659, -0.2065242975950241, -0.05012527480721474], [0.20047225058078766, 0.9740409851074219, -0.10514342039823532], [0.07053873687982559, 0.09269286692142487, 0.9931930899620056]], [[0.9956473112106323, 0.09287461638450623, 0.007789613679051399], [-0.09184444695711136, 0.9919321537017822, -0.08737906813621521], [-0.015842067077755928, 0.08628330379724503, 0.9961445927619934]], [[0.9785182476043701, 0.19303616881370544, -0.07238136231899261], [-0.18072205781936646, 0.9721196293830872, 0.14940865337848663], [0.09920461475849152, -0.1331181824207306, 0.9861226677894592]], [[0.9819468259811401, -0.1750873476266861, 0.07158788293600082], [0.1598299890756607, 0.9704009890556335, 0.18104201555252075], [-0.10116713494062424, -0.16633175313472748, 0.9808663725852966]]]], "pred_betas": [[0.1903614103794098, 0.24927783012390137, 0.4355357587337494, 0.3551084101200104, 0.14229628443717957, 0.0218809787184, -0.18726563453674316, 0.2648990750312805, 0.47324442863464355, -0.09907875210046768]], "pred_camera": [1.1552164554595947, 0.026515746489167213, 0.32181423902511597]}