{"pred_joints_img": [[391.9289245605469, 150.09312438964844, -35.52478790283203], [392.6143798828125, 183.6942138671875, 0.9619991779327393], [345.7861022949219, 203.7600860595703, 7.60138463973999], [314.687255859375, 256.48638916015625, 23.46882438659668], [278.1678161621094, 305.7391662597656, 7.877833843231201], [433.2192687988281, 204.40280151367188, 4.347848892211914], [494.69000244140625, 218.81851196289062, -10.842899322509766], [504.8702087402344, 167.66751098632812, -43.9178581237793], [368.74139404296875, 305.64093017578125, 6.722369194030762], [346.9058837890625, 322.99884033203125, 4.33405065536499], [264.889892578125, 336.494140625, -42.211708068847656], [199.88137817382812, 410.441162109375, -27.863492965698242], [379.0859375, 331.6286315917969, 1.246167540550232], [426.5324401855469, 373.5869445800781, -67.03457641601562], [421.9555358886719, 457.3310852050781, -13.714017868041992], [386.41552734375, 141.65032958984375, -23.83783531188965], [402.45159912109375, 143.05465698242188, -27.361852645874023], [379.79998779296875, 149.8032684326172, -0.016072500497102737], [415.67718505859375, 152.96885681152344, -7.7887725830078125], [444.54931640625, 475.9166564941406, -54.02732467651367], [452.17822265625, 474.3193054199219, -35.049076080322266], [417.7512512207031, 463.43359375, 2.550666093826294], [178.37966918945312, 399.43853759765625, -71.25736236572266], [169.39793395996094, 396.8185729980469, -51.72671890258789], [196.0142364501953, 423.93157958984375, -15.637809753417969], [199.88137817382812, 410.441162109375, -27.863492965698242], [264.889892578125, 336.494140625, -42.211708068847656], [339.2153015136719, 291.6460876464844, 15.248456001281738], [403.1158447265625, 307.39617919921875, 8.151962280273438], [426.5324401855469, 373.5869445800781, -67.03457641601562], [421.9555358886719, 457.3310852050781, -13.714017868041992], [278.1678161621094, 305.7391662597656, 7.877833843231201], [314.687255859375, 256.48638916015625, 23.46882438659668], [345.7861022949219, 203.7600860595703, 7.60138463973999], [433.2192687988281, 204.40280151367188, 4.347848892211914], [494.69000244140625, 218.81851196289062, -10.842899322509766], [504.8702087402344, 167.66751098632812, -43.9178581237793], [392.44268798828125, 184.20767211914062, -0.3307543396949768], [401.7355041503906, 118.1927490234375, -1.597456455230713], [371.07568359375, 301.4045715332031, 16.162504196166992], [390.9139709472656, 197.68377685546875, 5.0626959800720215], [384.8255615234375, 243.68707275390625, 14.225212097167969], [395.7737121582031, 161.8424835205078, -19.08662986755371], [399.8166198730469, 133.83782958984375, -1.3627922534942627], [391.9289245605469, 150.09312438964844, -35.52478790283203], [402.45159912109375, 143.05465698242188, -27.361852645874023], [386.41552734375, 141.65032958984375, -23.83783531188965], [415.67718505859375, 152.96885681152344, -7.7887725830078125], [379.79998779296875, 149.8032684326172, -0.016072500497102737]], "pred_body_pose": [[2.8590471744537354, 0.3792068064212799, -0.1133076399564743, -0.7791417241096497, 0.11064425855875015, 0.6931392550468445, -0.6752830743789673, -0.11225218325853348, -0.7587675452232361, 0.48341554403305054, 0.02694234438240528, -0.012370795011520386, 1.5023385286331177, -0.08607485890388489, -0.0896640345454216, 0.8266762495040894, 0.11339190602302551, 0.0897764042019844, -0.026981214061379433, 0.05278322473168373, 0.07367213815450668, -0.2956203520298004, 0.15329508483409882, -0.1616893857717514, -0.12848789989948273, -0.1137976422905922, 0.22510042786598206, 0.0055495561100542545, 0.03194832429289818, 0.056901682168245316, -0.1845986396074295, 0.09091517329216003, 0.2730158567428589, -0.21546944975852966, -0.111996129155159, -0.36406171321868896, -0.19502730667591095, -0.019198955968022346, -0.014699463732540607, -0.09608948230743408, 0.015487480908632278, -0.012758576311171055, 0.03999845311045647, 0.05074359476566315, 0.39884698390960693, -0.08280971646308899, -0.15429146587848663, 0.02693777345120907, -0.4290005564689636, -0.3078116178512573, -0.05317816138267517, 0.03602994605898857, 0.058662544935941696, 0.715212345123291, -0.4895259141921997, -1.272868275642395, 0.5349558591842651, -0.13344325125217438, 0.4271235764026642, -0.08679372072219849, 0.06166933476924896, -0.08837340027093887, 0.17644867300987244, 0.05751767009496689, 0.020296966657042503, -0.06238848343491554, -0.1254493147134781, -0.07778859883546829, -0.1851492077112198, -0.16973556578159332, 0.08343912661075592, 0.17001019418239594]], "pred_rotmat": [[[[0.9630051851272583, 0.2659758925437927, -0.04333578422665596], [0.24614964425563812, -0.9336293935775757, -0.2602817118167877], [-0.10968820750713348, 0.23998551070690155, -0.96455979347229]], [[0.7754224538803101, -0.6121944189071655, -0.15471914410591125], [0.5336033701896667, 0.5042891502380371, 0.6789402961730957], [-0.33762025833129883, -0.6090242266654968, 0.7177061438560486]], [[0.7305614352226257, 0.6681419014930725, 0.14094822108745575], [-0.5987114310264587, 0.5274931788444519, 0.6027401089668274], [0.3283666968345642, -0.5247259140014648, 0.7853903770446777]], [[0.9995690584182739, 0.01827867329120636, 0.0229691993445158], [-0.005506928078830242, 0.8853458762168884, -0.46490028500556946], [-0.02883344516158104, 0.464573472738266, 0.8850650191307068]], [[0.9936321973800659, 0.006057202350348234, -0.11251040548086166], [-0.11266389489173889, 0.06633669137954712, -0.9914164543151855], [0.0014583851443603635, 0.9977789521217346, 0.06659670174121857]], [[0.9901408553123474, -0.035420842468738556, 0.13552288711071014], [0.12378504872322083, 0.6740944385528564, -0.7281991839408875], [-0.06556178629398346, 0.7377954721450806, 0.6718330383300781]], [[0.9958962202072144, -0.07427393645048141, 0.05171145498752594], [0.07285083830356598, 0.9969245195388794, 0.02888389676809311], [-0.05369773507118225, -0.024998141452670097, 0.9982442855834961]], [[0.9754607081413269, 0.13562075793743134, 0.17344555258750916], [-0.18042278289794922, 0.9438778758049011, 0.27666255831718445], [-0.12619023025035858, -0.30116701126098633, 0.9451848268508911]], [[0.9684018492698669, -0.21484415233135223, -0.12664900720119476], [0.2293683886528015, 0.9666339755058289, 0.11405619978904724], [0.09791895002126694, -0.13950149714946747, 0.9853686094284058]], [[0.997871458530426, -0.0567723847925663, 0.03208332136273384], [0.05694963410496712, 0.9983662962913513, -0.004636957310140133], [-0.03176765516400337, 0.006454220972955227, 0.9994744062423706]], [[0.9590000510215759, -0.2760384678840637, 0.0641997680068016], [0.2594184875488281, 0.9462196826934814, 0.1933138370513916], [-0.11410915106534958, -0.1687333732843399, 0.9790341854095459]], [[0.9286082983016968, 0.36442673206329346, -0.06985533237457275], [-0.3406776487827301, 0.911935031414032, 0.2287210077047348], [0.14705556631088257, -0.18859407305717468, 0.9709824919700623]], [[0.9997085928916931, 0.016471171751618385, -0.017646824941039085], [-0.012738887220621109, 0.9809356331825256, 0.19391503930091858], [0.020504407584667206, -0.19363373517990112, 0.9808595776557922]], [[0.9997988343238831, 0.011994600296020508, 0.01607511006295681], [-0.013481591828167439, 0.9953057765960693, 0.09583651274442673], [-0.014850129373371601, -0.09603395313024521, 0.9952672719955444]], [[0.9202667474746704, -0.38708189129829407, 0.05724284425377846], [0.389084130525589, 0.9207476377487183, -0.028936443850398064], [-0.041505441069602966, 0.048901528120040894, 0.9979408383369446]], [[0.9877663254737854, -0.020425347611308098, -0.15459798276424408], [0.03316878899931908, 0.9962183237075806, 0.08030445873737335], [0.15237310528755188, -0.08444986492395401, 0.9847083687782288]], [[0.9523462653160095, 0.11520775407552719, -0.2824246287345886], [0.013773573562502861, 0.9087375402450562, 0.4171406626701355], [0.30470770597457886, -0.4011523723602295, 0.8638460040092468]], [[0.7534037232398987, -0.6542292237281799, 0.06608331203460693], [0.6562533974647522, 0.7544299960136414, -0.012917859479784966], [-0.041403986513614655, 0.05309976264834404, 0.9977304935455322]], [[0.20553883910179138, -0.10345997661352158, -0.9731648564338684], [0.6228030323982239, 0.7808725237846375, 0.04852328076958656], [0.7548974752426147, -0.6160634160041809, 0.22493481636047363]], [[0.9066494107246399, 0.0558108389377594, 0.4181770086288452], [-0.1118275448679924, 0.987547755241394, 0.11065290123224258], [-0.40679413080215454, -0.14708708226680756, 0.9016007781028748]], [[0.9805972576141357, -0.17790953814983368, -0.08232373744249344], [0.17247900366783142, 0.9825934767723083, -0.06899986416101456], [0.09316651523113251, 0.053461961448192596, 0.9942141175270081]], [[0.9978492259979248, 0.06289271265268326, 0.018478143960237503], [-0.06172601133584976, 0.9964020252227783, -0.05807747319340706], [-0.02206430584192276, 0.05681197717785835, 0.9981411099433899]], [[0.9799283742904663, 0.188280388712883, -0.06550445407629013], [-0.17856736481189728, 0.975107729434967, 0.1314479559659958], [0.08862297981977463, -0.11711263656616211, 0.9891564846038818]], [[0.982163667678833, -0.17522674798965454, 0.06819182634353638], [0.1611403226852417, 0.971298336982727, 0.1749664694070816], [-0.09689341485500336, -0.16085724532604218, 0.9822100400924683]]]], "pred_betas": [[0.2165926843881607, 0.19599752128124237, 0.4404987096786499, 0.3109844923019409, 0.19994443655014038, -0.012340269982814789, -0.19201195240020752, 0.2446799874305725, 0.4654153883457184, -0.08804307878017426]], "pred_camera": [1.1964070796966553, 0.06947669386863708, 0.34270569682121277]}