{"pred_joints_img": [[386.0538024902344, 153.43971252441406, -48.083953857421875], [396.0688781738281, 185.5446014404297, -11.277539253234863], [349.919189453125, 199.3687744140625, 2.8798840045928955], [308.1553649902344, 242.8448028564453, 22.70674705505371], [264.5487060546875, 253.9358367919922, -22.26515769958496], [436.7035827636719, 209.71542358398438, -8.589171409606934], [491.15185546875, 245.6274871826172, -8.384553909301758], [536.6871948242188, 234.92327880859375, -49.30650329589844], [370.1725769042969, 306.9552307128906, 6.752592086791992], [348.3155212402344, 324.4896545410156, 5.3404669761657715], [270.19012451171875, 349.5035095214844, -44.4010009765625], [198.8460235595703, 413.1227111816406, -14.51051139831543], [380.4222106933594, 333.54791259765625, 5.046146392822266], [432.35540771484375, 378.9654541015625, -58.474456787109375], [427.93585205078125, 463.85198974609375, -5.725700855255127], [381.44781494140625, 145.36489868164062, -35.714569091796875], [396.7624206542969, 144.83749389648438, -41.95893478393555], [379.8253479003906, 153.42584228515625, -11.025313377380371], [414.4864807128906, 152.5089111328125, -24.563539505004883], [452.809326171875, 482.94366455078125, -44.951210021972656], [459.5119934082031, 480.783447265625, -25.5471248626709], [423.2047119140625, 470.0001220703125, 10.552522659301758], [181.77786254882812, 417.35833740234375, -61.110042572021484], [170.8783416748047, 408.11016845703125, -44.47874069213867], [193.42823791503906, 421.90234375, 1.1215364933013916], [198.8460235595703, 413.1227111816406, -14.51051139831543], [270.19012451171875, 349.5035095214844, -44.4010009765625], [340.2344055175781, 291.43292236328125, 11.745282173156738], [404.1793212890625, 308.68585205078125, 10.391043663024902], [432.35540771484375, 378.9654541015625, -58.474456787109375], [427.93585205078125, 463.85198974609375, -5.725700855255127], [264.5487060546875, 253.9358367919922, -22.26515769958496], [308.1553649902344, 242.8448028564453, 22.70674705505371], [349.919189453125, 199.3687744140625, 2.8798840045928955], [436.7035827636719, 209.71542358398438, -8.589171409606934], [491.15185546875, 245.6274871826172, -8.384553909301758], [536.6871948242188, 234.92327880859375, -49.30650329589844], [395.3493347167969, 185.62130737304688, -12.009623527526855], [396.91876220703125, 119.23776245117188, -16.561288833618164], [371.9299011230469, 301.3525695800781, 15.778276443481445], [394.65802001953125, 198.7235870361328, -4.892811298370361], [387.3411865234375, 244.01531982421875, 8.011913299560547], [393.9146423339844, 163.97433471679688, -32.29110336303711], [397.1062927246094, 135.04299926757812, -15.767070770263672], [386.0538024902344, 153.43971252441406, -48.083953857421875], [396.7624206542969, 144.83749389648438, -41.95893478393555], [381.44781494140625, 145.36489868164062, -35.714569091796875], [414.4864807128906, 152.5089111328125, -24.563539505004883], [379.8253479003906, 153.42584228515625, -11.025313377380371]], "pred_body_pose": [[2.9764299392700195, 0.3997063934803009, -0.013557033613324165, -0.8425976634025574, 0.0961686372756958, 0.7086414098739624, -0.6112326383590698, -0.032190605998039246, -0.7201823592185974, 0.47855058312416077, -0.00038279907312244177, -0.010434935800731182, 1.4320589303970337, -0.05984552204608917, -0.0940915048122406, 0.8517352342605591, 0.2167147547006607, 0.03931279107928276, -0.044759005308151245, -0.02186417207121849, 0.07797236740589142, -0.2638721168041229, 0.1277632862329483, -0.15971949696540833, -0.09583618491888046, -0.10946570336818695, 0.25690382719039917, 0.01598406210541725, -0.01714146137237549, 0.052702244371175766, -0.18743546307086945, 0.12924210727214813, 0.2758907675743103, -0.24432069063186646, -0.09593135863542557, -0.37910088896751404, -0.2232399731874466, -0.10793866217136383, 0.10066236555576324, -0.03343088924884796, 0.051596470177173615, -0.11282937228679657, -0.011163676157593727, -0.0544465072453022, 0.27613043785095215, -0.07321092486381531, -0.1265440285205841, 0.0946405753493309, -0.2717430889606476, -0.12094414234161377, -0.2658936083316803, -0.029152236878871918, 0.10327153652906418, 0.6396277546882629, -0.45831698179244995, -0.8361386656761169, 0.4017087519168854, -0.1415545642375946, 1.069358468055725, -0.37764158844947815, 0.07254905253648758, -0.03215094655752182, 0.09519514441490173, 0.03201659023761749, 0.04017779603600502, -0.08525747060775757, -0.16234256327152252, -0.0869053453207016, -0.1887725293636322, -0.16885590553283691, 0.08445654809474945, 0.17990337312221527]], "pred_rotmat": [[[[0.9647006392478943, 0.2631792426109314, 0.009458106011152267], [0.2619335651397705, -0.9551772475242615, -0.13793936371803284], [-0.027268609032034874, 0.13554757833480835, -0.9903956055641174]], [[0.7692795395851135, -0.609500527381897, -0.19161976873874664], [0.5363880395889282, 0.45315831899642944, 0.711993932723999], [-0.3471265435218811, -0.6505048871040344, 0.675534188747406]], [[0.7589274644851685, 0.6267743110656738, 0.17658746242523193], [-0.6085201501846313, 0.5861039161682129, 0.534963071346283], [0.23180247843265533, -0.5134551525115967, 0.8262151479721069]], [[0.9999465346336365, 0.009951142594218254, -0.0028178608044981956], [-0.010130860842764378, 0.887610912322998, -0.4604826867580414], [-0.0020811650902032852, 0.46048659086227417, 0.887664258480072]], [[0.9947807788848877, 0.028942646458745003, -0.09784454852342606], [-0.10088658332824707, 0.13550148904323578, -0.9856274127960205], [-0.015268581919372082, 0.9903543591499329, 0.1377142071723938]], [[0.977269172668457, 0.05205636844038963, 0.20551162958145142], [0.12092504650354385, 0.6593487858772278, -0.7420486211776733], [-0.17413222789764404, 0.7500328421592712, 0.6380663514137268]], [[0.996723473072052, -0.07737220078706741, -0.023576727136969566], [0.07835011929273605, 0.9959613680839539, 0.04384337365627289], [0.020089250057935715, -0.04554696008563042, 0.9987602233886719]], [[0.9792766571044922, 0.14006824791431427, 0.14628076553344727], [-0.17346949875354767, 0.952870786190033, 0.24888868629932404], [-0.10452525317668915, -0.2691061496734619, 0.9574216604232788]], [[0.9612912535667419, -0.24798041582107544, -0.12010352313518524], [0.2583952248096466, 0.9626802206039429, 0.08049072325229645], [0.09566115587949753, -0.10840919613838196, 0.9894930124282837]], [[0.9984647631645203, -0.05280998349189758, -0.016710877418518066], [0.05253606662154198, 0.9984839558601379, -0.016426771879196167], [0.017553038895130157, 0.015523629263043404, 0.9997254610061646]], [[0.9540830850601196, -0.28202855587005615, 0.10092223435640335], [0.2580612003803253, 0.9449666738510132, 0.20110289752483368], [-0.15208491683006287, -0.1658247709274292, 0.9743573665618896]], [[0.9248849749565125, 0.3773221969604492, -0.047071587294340134], [-0.3542965352535248, 0.9000842571258545, 0.25361859798431396], [0.13806430995464325, -0.21789072453975677, 0.9661583304405212]], [[0.9891730546951294, -0.08748871833086014, -0.11782388389110565], [0.1114414781332016, 0.9701940417289734, 0.21518445014953613], [0.09548581391572952, -0.2259851098060608, 0.969439685344696]], [[0.9923142194747925, 0.11165788769721985, 0.05333800986409187], [-0.11338043957948685, 0.9930854439735413, 0.030432172119617462], [-0.049571212381124496, -0.036245767027139664, 0.9981126189231873]], [[0.9606549143791199, -0.27219176292419434, -0.05526056885719299], [0.27279555797576904, 0.9620654582977295, 0.0035490430891513824], [0.052198268473148346, -0.018484245985746384, 0.9984655976295471]], [[0.987546443939209, -0.08954238891601562, -0.12936094403266907], [0.09878340363502502, 0.9928597211837769, 0.06686842441558838], [0.12244971096515656, -0.07881437987089157, 0.9893403649330139]], [[0.9578994512557983, 0.2751117944717407, -0.08211041241884232], [-0.2426796853542328, 0.9286817312240601, 0.2804582715034485], [0.15341180562973022, -0.2487243115901947, 0.9563477635383606]], [[0.7973607182502747, -0.5971726775169373, 0.08718126267194748], [0.5942661166191101, 0.8020986914634705, 0.05903708562254906], [-0.10518331825733185, 0.004735020454972982, 0.9944415092468262]], [[0.6067907810211182, -0.15866108238697052, -0.7788655161857605], [0.5088868737220764, 0.8302756547927856, 0.22732476890087128], [0.6106054186820984, -0.5342930555343628, 0.5845441818237305]], [[0.42394912242889404, 0.23283709585666656, 0.8752451539039612], [-0.36843395233154297, 0.9271501302719116, -0.0681840032339096], [-0.8273594379425049, -0.29356345534324646, 0.4788495898246765]], [[0.9949585795402527, -0.09611641615629196, -0.02861996553838253], [0.09378687292337418, 0.9928464293479919, -0.07389182597398758], [0.03551744669675827, 0.07083512097597122, 0.9968555569648743]], [[0.9955621361732483, 0.08575940877199173, 0.03874778375029564], [-0.0844741091132164, 0.995856523513794, -0.03367506340146065], [-0.04147518053650856, 0.030252430588006973, 0.9986814856529236]], [[0.9785310626029968, 0.19360563158988953, -0.07066725939512253], [-0.1795787662267685, 0.9691841006278992, 0.1686227172613144], [0.10113589465618134, -0.15231221914291382, 0.983144223690033]], [[0.9803626537322998, -0.18496127426624298, 0.06839950382709503], [0.17078092694282532, 0.9697334170341492, 0.17450247704982758], [-0.09860546886920929, -0.15939436852931976, 0.9822782874107361]]]], "pred_betas": [[0.19334207475185394, 0.19813570380210876, 0.42352014780044556, 0.3731629252433777, -0.015069648623466492, 0.0469307079911232, -0.07166871428489685, 0.22901134192943573, 0.3859637975692749, -0.015031933784484863]], "pred_camera": [1.0937055349349976, -0.00122599839232862, 0.3185034692287445]}