{"pred_joints_img": [[389.4510803222656, 149.36566162109375, -36.26371383666992], [390.9947814941406, 183.3592529296875, 0.17374660074710846], [343.9408264160156, 204.26226806640625, 6.996436595916748], [315.1148681640625, 258.426025390625, 23.63721466064453], [281.3317565917969, 309.5728759765625, 6.660000801086426], [431.9860534667969, 204.31671142578125, 3.254138231277466], [492.7711486816406, 217.87454223632812, -16.347900390625], [494.51849365234375, 163.97726440429688, -47.11914825439453], [367.26019287109375, 305.97796630859375, 6.7790846824646], [345.4047546386719, 323.49212646484375, 3.9260873794555664], [264.8274230957031, 339.756103515625, -45.38254928588867], [199.83285522460938, 414.9232482910156, -32.97475051879883], [377.8247375488281, 332.1288146972656, 1.6941157579421997], [427.00408935546875, 371.8184509277344, -67.50199127197266], [419.337890625, 459.2515869140625, -19.545547485351562], [383.9106750488281, 141.02024841308594, -24.414005279541016], [400.00018310546875, 142.1050262451172, -28.190385818481445], [377.78277587890625, 149.38192749023438, -0.40858644247055054], [413.8203125, 151.88668823242188, -8.75456428527832], [443.44232177734375, 475.70355224609375, -60.27692413330078], [450.40985107421875, 475.3948669433594, -40.84387969970703], [414.3536682128906, 466.376220703125, -3.8361711502075195], [179.94407653808594, 404.98590087890625, -77.75065612792969], [170.07200622558594, 402.0934753417969, -58.53266525268555], [195.6314697265625, 428.3724365234375, -20.670927047729492], [199.83285522460938, 414.9232482910156, -32.97475051879883], [264.8274230957031, 339.756103515625, -45.38254928588867], [337.2962951660156, 291.8299865722656, 14.52247428894043], [401.786865234375, 307.8084716796875, 9.297986030578613], [427.00408935546875, 371.8184509277344, -67.50199127197266], [419.337890625, 459.2515869140625, -19.545547485351562], [281.3317565917969, 309.5728759765625, 6.660000801086426], [315.1148681640625, 258.426025390625, 23.63721466064453], [343.9408264160156, 204.26226806640625, 6.996436595916748], [431.9860534667969, 204.31671142578125, 3.254138231277466], [492.7711486816406, 217.87454223632812, -16.347900390625], [494.51849365234375, 163.97726440429688, -47.11914825439453], [390.78363037109375, 183.90989685058594, -1.0482509136199951], [399.20855712890625, 117.19114685058594, -2.2613658905029297], [369.33111572265625, 301.6796875, 16.39522933959961], [389.34844970703125, 197.70620727539062, 4.252578258514404], [383.3310546875, 243.66781616210938, 14.141596794128418], [393.7647705078125, 161.17697143554688, -19.85356903076172], [397.56109619140625, 132.9603729248047, -2.0361251831054688], [389.4510803222656, 149.36566162109375, -36.26371383666992], [400.00018310546875, 142.1050262451172, -28.190385818481445], [383.9106750488281, 141.02024841308594, -24.414005279541016], [413.8203125, 151.88668823242188, -8.75456428527832], [377.78277587890625, 149.38192749023438, -0.40858644247055054]], "pred_body_pose": [[2.8649189472198486, 0.3729773163795471, -0.07646460831165314, -0.8249516487121582, 0.11468890309333801, 0.6840929985046387, -0.6659133434295654, -0.11105061322450638, -0.7354888319969177, 0.4913767874240875, 0.022798873484134674, -0.01630358025431633, 1.4853490591049194, -0.06265707314014435, -0.1063748449087143, 0.8116976618766785, 0.12150810658931732, 0.09063210338354111, -0.02597985230386257, 0.042825743556022644, 0.0794619470834732, -0.29634609818458557, 0.16076818108558655, -0.1649816930294037, -0.12369806319475174, -0.11462967097759247, 0.2258959412574768, 0.0020583667792379856, 0.02303234301507473, 0.06080625206232071, -0.18329966068267822, 0.08983781933784485, 0.2810521423816681, -0.2180722951889038, -0.1132848933339119, -0.3722480237483978, -0.21194012463092804, -0.025860866531729698, -0.01053574401885271, -0.10641849786043167, -0.010900560766458511, -0.018578926101326942, 0.04105505347251892, 0.05863103270530701, 0.41966718435287476, -0.07108224928379059, -0.16253405809402466, 0.03829176723957062, -0.4384763538837433, -0.35246148705482483, -0.04053172096610069, 0.05574679747223854, 0.06412084400653839, 0.7360073328018188, -0.4761011302471161, -1.371176838874817, 0.5703198909759521, -0.12610742449760437, 0.4566979706287384, -0.09263044595718384, 0.07181642949581146, -0.09187598526477814, 0.19724835455417633, 0.049835607409477234, 0.019486751407384872, -0.07206813991069794, -0.12658874690532684, -0.07983352988958359, -0.188737690448761, -0.1684049665927887, 0.08569151163101196, 0.17104767262935638]], "pred_rotmat": [[[[0.9658365249633789, 0.2584163248538971, -0.019514579325914383], [0.24524886906147003, -0.9357582926750183, -0.2533957362174988], [-0.08374252915382385, 0.2399529218673706, -0.9671658277511597]], [[0.781836986541748, -0.6020275950431824, -0.16215349733829498], [0.516226589679718, 0.4792199432849884, 0.7098298668861389], [-0.3496299684047699, -0.6386791467666626, 0.6854544878005981]], [[0.745589554309845, 0.6532602906227112, 0.13170883059501648], [-0.585252046585083, 0.5473548769950867, 0.5982329845428467], [0.3187103867530823, -0.5231190919876099, 0.7904239892959595]], [[0.9996150732040405, 0.021142536774277687, 0.017964109778404236], [-0.010164027102291584, 0.8815616369247437, -0.47195953130722046], [-0.02581489086151123, 0.47159525752067566, 0.8814371824264526]], [[0.9936895966529846, 0.03260740265250206, -0.10732061415910721], [-0.10967227816581726, 0.08186470717191696, -0.9905908703804016], [-0.02351481467485428, 0.9961099624633789, 0.08492423593997955]], [[0.9891490340232849, -0.03410342335700989, 0.1429031640291214], [0.12725314497947693, 0.6849920153617859, -0.7173511385917664], [-0.07342338562011719, 0.7277519702911377, 0.6818989515304565]], [[0.9959288835525513, -0.07990104705095291, 0.041731350123882294], [0.07878926396369934, 0.9965079426765442, 0.02764192596077919], [-0.04379424452781677, -0.024241410195827484, 0.998746395111084]], [[0.9737774133682251, 0.13759182393550873, 0.18117986619472504], [-0.1846780925989151, 0.9431521892547607, 0.27632951736450195], [-0.1328595131635666, -0.30254337191581726, 0.9438304901123047]], [[0.9681274890899658, -0.21587291359901428, -0.12699657678604126], [0.2299586981534958, 0.9670539498329163, 0.10920450091362], [0.09923825412988663, -0.13492783904075623, 0.9858733415603638]], [[0.9978868365287781, -0.0607396736741066, 0.023078659549355507], [0.06078706681728363, 0.9981498122215271, -0.0013569069560617208], [-0.022953541949391365, 0.0027569234371185303, 0.9997327327728271]], [[0.9569053649902344, -0.2835853397846222, 0.06254163384437561], [0.26728302240371704, 0.9442692399024963, 0.192133828997612], [-0.11354248225688934, -0.16713757812976837, 0.9793738722801208]], [[0.9255458116531372, 0.3721753656864166, -0.06964561343193054], [-0.34787794947624207, 0.9084706902503967, 0.2316504716873169], [0.14948560297489166, -0.19017493724822998, 0.9703028202056885]], [[0.9996116161346436, 0.013185740448534489, -0.024552121758461], [-0.007725624367594719, 0.9775707721710205, 0.21046531200408936], [0.026776578277349472, -0.21019387245178223, 0.9772929549217224]], [[0.9997682571411133, 0.019121887162327766, -0.009891556575894356], [-0.017962999641895294, 0.9941706657409668, 0.10631069540977478], [0.011866755783557892, -0.10610836744308472, 0.9942837357521057]], [[0.9115687608718872, -0.4059191346168518, 0.06536133587360382], [0.4082900881767273, 0.9124316573143005, -0.0277080200612545], [-0.04839053377509117, 0.051944147795438766, 0.9974769353866577]], [[0.9860964417457581, -0.03232111036777496, -0.16300049424171448], [0.04384272173047066, 0.9967494606971741, 0.06758935749530792], [0.1602860987186432, -0.07379601150751114, 0.984308123588562]], [[0.9387149810791016, 0.11366257816553116, -0.3254151940345764], [0.036829445511102676, 0.9055909514427185, 0.4225499629974365], [0.34272125363349915, -0.4086388051509857, 0.8459056615829468]], [[0.7393485903739929, -0.6687889099121094, 0.07800708711147308], [0.6722028255462646, 0.7398279905319214, -0.028247959911823273], [-0.03881990164518356, 0.07332167774438858, 0.996552586555481]], [[0.10343817621469498, -0.10029018670320511, -0.9895668029785156], [0.6310735940933228, 0.7756199836730957, -0.012641857378184795], [0.7687955498695374, -0.6231818199157715, 0.14351920783519745]], [[0.8935157060623169, 0.06083256006240845, 0.4448922574520111], [-0.11731567233800888, 0.9879941344261169, 0.10052138566970825], [-0.43343600630760193, -0.14201027154922485, 0.8899248838424683]], [[0.9764293432235718, -0.19881147146224976, -0.08402219414710999], [0.1922420859336853, 0.9780640006065369, -0.08021122962236404], [0.09812599420547485, 0.06216799467802048, 0.9932303428649902]], [[0.9972150921821594, 0.07245664298534393, 0.01766601763665676], [-0.07148616015911102, 0.9961639046669006, -0.05047042295336723], [-0.021255165338516235, 0.04906699061393738, 0.9985693097114563]], [[0.9791036248207092, 0.19194650650024414, -0.06717538833618164], [-0.18188923597335815, 0.9743013381958008, 0.13286560773849487], [0.09095215797424316, -0.11787073314189911, 0.9888550043106079]], [[0.9817987084388733, -0.1763782799243927, 0.07044193148612976], [0.1620253473520279, 0.9713468551635742, 0.17387670278549194], [-0.09909161925315857, -0.15929852426052094, 0.9822448492050171]]]], "pred_betas": [[0.2335888147354126, 0.19917072355747223, 0.4855686128139496, 0.32020431756973267, 0.16443002223968506, -0.02998775616288185, -0.19855844974517822, 0.2782042622566223, 0.4316931962966919, -0.06684631109237671]], "pred_camera": [1.214227318763733, 0.07766357064247131, 0.34964439272880554]}