{"pred_joints_img": [[394.5711975097656, 150.03335571289062, -38.528324127197266], [395.27471923828125, 183.25259399414062, -1.211952805519104], [347.9497375488281, 202.54830932617188, 5.170744895935059], [314.7493896484375, 254.91259765625, 19.063737869262695], [278.489990234375, 302.266845703125, -3.003493547439575], [436.0428161621094, 204.459716796875, 2.6561460494995117], [496.7203369140625, 222.6173095703125, -13.192501068115234], [507.10626220703125, 174.9415283203125, -51.61638259887695], [370.4781799316406, 305.4871826171875, 6.729756832122803], [348.58306884765625, 322.87982177734375, 3.867985963821411], [269.48382568359375, 339.4049987792969, -47.43320083618164], [204.74716186523438, 413.849365234375, -31.425756454467773], [380.8342590332031, 331.6973571777344, 1.7765583992004395], [427.46624755859375, 377.26611328125, -65.30474090576172], [422.1611328125, 459.95599365234375, -9.615021705627441], [388.4569396972656, 141.58724975585938, -27.00890350341797], [404.7322998046875, 142.54209899902344, -30.109249114990234], [381.3685607910156, 149.72439575195312, -3.1510283946990967], [417.7804870605469, 151.8964385986328, -9.906462669372559], [444.0919189453125, 480.1697082519531, -49.78473663330078], [452.042236328125, 478.2299499511719, -30.832258224487305], [418.1258239746094, 465.37750244140625, 6.976210117340088], [185.54551696777344, 406.1648254394531, -76.8608169555664], [175.3358154296875, 402.4420471191406, -58.01826095581055], [200.3339385986328, 426.50048828125, -18.41044807434082], [204.74716186523438, 413.849365234375, -31.425756454467773], [269.48382568359375, 339.4049987792969, -47.43320083618164], [340.6554870605469, 291.2130126953125, 14.282742500305176], [404.8195495605469, 307.3697204589844, 8.970528602600098], [427.46624755859375, 377.26611328125, -65.30474090576172], [422.1611328125, 459.95599365234375, -9.615021705627441], [278.489990234375, 302.266845703125, -3.003493547439575], [314.7493896484375, 254.91259765625, 19.063737869262695], [347.9497375488281, 202.54830932617188, 5.170744895935059], [436.0428161621094, 204.459716796875, 2.6561460494995117], [496.7203369140625, 222.6173095703125, -13.192501068115234], [507.10626220703125, 174.9415283203125, -51.61638259887695], [395.03106689453125, 183.73068237304688, -2.516122579574585], [402.5107116699219, 117.25497436523438, -4.508370876312256], [372.5350036621094, 301.1368103027344, 16.16185188293457], [393.476806640625, 197.18972778320312, 2.9752697944641113], [386.8569641113281, 243.16412353515625, 13.472152709960938], [398.31939697265625, 161.52325439453125, -21.71042823791504], [401.0507507324219, 133.03968811035156, -4.122127056121826], [394.5711975097656, 150.03335571289062, -38.528324127197266], [404.7322998046875, 142.54209899902344, -30.109249114990234], [388.4569396972656, 141.58724975585938, -27.00890350341797], [417.7804870605469, 151.8964385986328, -9.906462669372559], [381.3685607910156, 149.72439575195312, -3.1510283946990967]], "pred_body_pose": [[2.864973306655884, 0.38153719902038574, -0.07032928615808487, -0.7533038854598999, 0.09812365472316742, 0.6617872714996338, -0.6683240532875061, -0.08579818159341812, -0.7200301289558411, 0.5010789632797241, 0.023423848673701286, -0.015469877980649471, 1.4891594648361206, -0.09361622482538223, -0.08107589930295944, 0.8537348508834839, 0.1371610462665558, 0.08430089801549911, -0.027603575959801674, 0.046810999512672424, 0.07489956170320511, -0.28515151143074036, 0.144031822681427, -0.1481126844882965, -0.12727242708206177, -0.10598446428775787, 0.2120468020439148, 0.006567304953932762, 0.027621302753686905, 0.05702199786901474, -0.19110490381717682, 0.09990821033716202, 0.24762503802776337, -0.22038915753364563, -0.11823327839374542, -0.3353302478790283, -0.1982630342245102, -0.015352039597928524, 0.011880334466695786, -0.09310521185398102, -0.004671962466090918, -0.016139457002282143, 0.033356405794620514, 0.059312768280506134, 0.37975242733955383, -0.09115763753652573, -0.13780005276203156, 0.038353703916072845, -0.39125868678092957, -0.3154318034648895, -0.09072095900774002, 0.03165837749838829, 0.0953761637210846, 0.708942174911499, -0.4321501851081848, -1.2738527059555054, 0.5327785015106201, -0.1182546392083168, 0.4945472180843353, -0.10266014188528061, 0.08784826099872589, -0.07551288604736328, 0.18070253729820251, 0.06046024337410927, 0.01644161157310009, -0.06601180881261826, -0.12770400941371918, -0.08198144286870956, -0.1796570122241974, -0.15954716503620148, 0.08314209431409836, 0.1614394187927246]], "pred_rotmat": [[[[0.9645470380783081, 0.26349857449531555, -0.014749989844858646], [0.2514397203922272, -0.9345080256462097, -0.2519381046295166], [-0.08016930520534515, 0.23929738998413086, -0.9676309823989868]], [[0.7945060729980469, -0.5893114805221558, -0.14653347432613373], [0.5214393138885498, 0.5383960604667664, 0.6619899868965149], [-0.3112252652645111, -0.6023633480072021, 0.7350491285324097]], [[0.7577240467071533, 0.6352956891059875, 0.14917656779289246], [-0.5824534893035889, 0.5553090572357178, 0.5936158895492554], [0.2942825257778168, -0.5366854667663574, 0.7908012270927429]], [[0.9996142387390137, 0.02057506889104843, 0.018657725304365158], [-0.00908215343952179, 0.8769556879997253, -0.48048534989356995], [-0.026248013600707054, 0.48013052344322205, 0.8768042325973511]], [[0.9936562180519104, -0.003563986159861088, -0.11240363866090775], [-0.11176017671823502, 0.08004660159349442, -0.9905059933662415], [0.012527682818472385, 0.9967847466468811, 0.07914049178361893]], [[0.9878350496292114, -0.019130874425172806, 0.1543242335319519], [0.12904749810695648, 0.6545863151550293, -0.7448917031288147], [-0.08676809072494507, 0.7557452321052551, 0.6490920782089233]], [[0.9961022138595581, -0.07543831318616867, 0.0457112081348896], [0.07414709776639938, 0.9968162775039673, 0.0293160080909729], [-0.04777723178267479, -0.025812385603785515, 0.9985244274139404]], [[0.9788783192634583, 0.12474661320447922, 0.16197367012500763], [-0.1653948873281479, 0.9489068388938904, 0.26873838901519775], [-0.12017372250556946, -0.2898517847061157, 0.9494968056678772]], [[0.9720708727836609, -0.2027936577796936, -0.11812294274568558], [0.21620140969753265, 0.9696030020713806, 0.11457314342260361], [0.09129764884710312, -0.136911541223526, 0.9863671064376831]], [[0.9979934096336365, -0.05689277499914169, 0.027789805084466934], [0.05707411468029022, 0.9983532428741455, -0.005775619763880968], [-0.027415450662374496, 0.00735010951757431, 0.9995970726013184]], [[0.9646692276000977, -0.2526600658893585, 0.07467314600944519], [0.23373806476593018, 0.9515183568000793, 0.1999482959508896], [-0.12157182395458221, -0.175430029630661, 0.9769567251205444]], [[0.9377037286758423, 0.33847495913505554, -0.07839908450841904], [-0.31279540061950684, 0.9206584095954895, 0.2335534691810608], [0.15123076736927032, -0.19448108971118927, 0.9691782593727112]], [[0.9998122453689575, -0.010285066440701485, -0.016424525529146194], [0.013318756595253944, 0.9803404211997986, 0.19686339795589447], [0.014076873660087585, -0.19704517722129822, 0.980293333530426]], [[0.9998589754104614, 0.016332723200321198, -0.0039142221212387085], [-0.01589805819094181, 0.9955387711524963, 0.09300404787063599], [0.005415768828243017, -0.0929287001490593, 0.9956580400466919]], [[0.9270467162132263, -0.3694247603416443, 0.06410772353410721], [0.3713787794113159, 0.9282345175743103, -0.02141198329627514], [-0.05159688740968704, 0.04365815594792366, 0.9977132678031921]], [[0.9897945523262024, -0.03190433979034424, -0.13888418674468994], [0.0444357804954052, 0.9951213598251343, 0.08808492869138718], [0.1353963315486908, -0.09335740655660629, 0.9863833785057068]], [[0.9472967386245728, 0.14720673859119415, -0.2845328748226166], [-0.026450399309396744, 0.921081006526947, 0.3884715139865875], [0.3192634582519531, -0.36047184467315674, 0.8764306902885437]], [[0.7548981308937073, -0.6484511494636536, 0.09818334132432938], [0.651343822479248, 0.7587752938270569, 0.0033664237707853317], [-0.07668205350637436, 0.06140979751944542, 0.9951627254486084]], [[0.2018354833126068, -0.1349523514509201, -0.9700774550437927], [0.5958742499351501, 0.8029839992523193, 0.012271171435713768], [0.7773006558418274, -0.5805209279060364, 0.24248529970645905]], [[0.8752769231796265, 0.06952603906393051, 0.4785984754562378], [-0.1267087608575821, 0.9880108833312988, 0.08820085972547531], [-0.46672824025154114, -0.1378428041934967, 0.8735926747322083]], [[0.9808957576751709, -0.1826222836971283, -0.06702759861946106], [0.1760140210390091, 0.9798920750617981, -0.09397178888320923], [0.08284114301204681, 0.08037871867418289, 0.9933160543441772]], [[0.997687578201294, 0.0664173811674118, 0.014424756169319153], [-0.06542403250932693, 0.9959962964057922, -0.060919102281332016], [-0.018413091078400612, 0.05983451381325722, 0.9980384111404419]], [[0.9805908799171448, 0.1832161843776703, -0.06980916857719421], [-0.17279498279094696, 0.9758192896842957, 0.1338605284690857], [0.09264654666185379, -0.11919974535703659, 0.9885383248329163]], [[0.9835924506187439, -0.16647213697433472, 0.06951876729726791], [0.15327152609825134, 0.9743662476539612, 0.16467653214931488], [-0.09515079110860825, -0.15131936967372894, 0.9838947057723999]]]], "pred_betas": [[0.18824636936187744, 0.1959393173456192, 0.4193557798862457, 0.3855670392513275, 0.1556207835674286, 0.021860379725694656, -0.1875913292169571, 0.2560037672519684, 0.5179024338722229, -0.05860719084739685]], "pred_camera": [1.1878328323364258, 0.0625481829047203, 0.3295697271823883]}