{"pred_joints_img": [[378.6697082519531, 147.78765869140625, -36.63481521606445], [385.1706237792969, 181.53286743164062, -1.2119851112365723], [340.93951416015625, 192.33447265625, 10.166951179504395], [280.58294677734375, 204.4727783203125, 1.8587497472763062], [273.44305419921875, 148.76414489746094, -24.521875381469727], [424.00189208984375, 211.47653198242188, -3.4155466556549072], [449.3126220703125, 269.95208740234375, 1.8451701402664185], [474.4142761230469, 314.1357116699219, -31.14484977722168], [370.0287170410156, 304.26953125, 6.3225932121276855], [352.0367431640625, 324.9413146972656, 2.561282157897949], [310.4379577636719, 360.51812744140625, -73.1584701538086], [330.76806640625, 441.7421569824219, -23.68947410583496], [384.687744140625, 327.95721435546875, 2.0148229598999023], [424.5728759765625, 373.97088623046875, -65.88508605957031], [408.71527099609375, 450.3338623046875, -7.918342113494873], [374.41607666015625, 139.45301818847656, -24.91742706298828], [389.91290283203125, 140.5604248046875, -30.163850784301758], [371.225341796875, 147.49118041992188, -0.6617506742477417], [405.4464416503906, 149.7472381591797, -12.097167015075684], [424.589599609375, 477.80352783203125, -44.07755661010742], [434.6750183105469, 474.6094970703125, -26.923076629638672], [405.0183410644531, 452.06976318359375, 8.899779319763184], [315.99444580078125, 464.2114562988281, -64.01569366455078], [304.7923583984375, 463.1216735839844, -46.24353790283203], [335.65435791015625, 448.1334533691406, -7.7245192527771], [330.76806640625, 441.7421569824219, -23.68947410583496], [310.4379577636719, 360.51812744140625, -73.1584701538086], [337.54083251953125, 296.8294372558594, 13.004398345947266], [403.0284729003906, 300.6839904785156, 9.582573890686035], [424.5728759765625, 373.97088623046875, -65.88508605957031], [408.71527099609375, 450.3338623046875, -7.918342113494873], [273.44305419921875, 148.76414489746094, -24.521875381469727], [280.58294677734375, 204.4727783203125, 1.8587497472763062], [340.93951416015625, 192.33447265625, 10.166951179504395], [424.00189208984375, 211.47653198242188, -3.4155466556549072], [449.3126220703125, 269.95208740234375, 1.8451701402664185], [474.4142761230469, 314.1357116699219, -31.14484977722168], [385.04534912109375, 181.923583984375, -2.349214553833008], [391.2664489746094, 115.33767700195312, -5.004193305969238], [370.43060302734375, 300.45501708984375, 15.709874153137207], [383.96746826171875, 195.72589111328125, 2.6442618370056152], [376.6964416503906, 240.10635375976562, 12.69377613067627], [384.74212646484375, 159.0485382080078, -20.921741485595703], [389.935546875, 131.0775604248047, -4.34689474105835], [378.6697082519531, 147.78765869140625, -36.63481521606445], [389.91290283203125, 140.5604248046875, -30.163850784301758], [374.41607666015625, 139.45301818847656, -24.91742706298828], [405.4464416503906, 149.7472381591797, -12.097167015075684], [371.225341796875, 147.49118041992188, -0.6617506742477417]], "pred_body_pose": [[2.8750956058502197, 0.12059568613767624, -0.03684397414326668, -0.7153007388114929, 0.10459551960229874, 0.43715766072273254, -0.8553046584129333, -0.11808498203754425, -0.28098905086517334, 0.5182555317878723, -0.02385622449219227, -0.02297387085855007, 1.565622091293335, 0.010890064761042595, -0.17318439483642578, 1.631211280822754, -0.069706991314888, 0.2460821270942688, -0.017307836562395096, -0.05078279972076416, -0.02458881214261055, -0.1821947693824768, 0.12288688123226166, -0.07884839177131653, -0.21601486206054688, -0.12076880037784576, 0.04683440551161766, -0.013762244954705238, -0.030450204387307167, -0.022876301780343056, -0.2501925230026245, 0.012372947297990322, 0.2343907356262207, -0.23128405213356018, -0.0820377990603447, -0.2039092481136322, -0.21656540036201477, -0.14238956570625305, 0.03923802077770233, 0.008171163499355316, -0.08010505884885788, -0.3135369122028351, -0.1490015685558319, 0.015168854966759682, 0.09573069214820862, -0.04002059996128082, -0.03432683274149895, 0.05276762694120407, -0.032358817756175995, -0.09943067282438278, -0.6499863266944885, -0.41310423612594604, 0.2929575443267822, 0.23754534125328064, -0.21152335405349731, -0.5312797427177429, 0.1498398333787918, -0.5331528186798096, 1.3871433734893799, -0.6468822956085205, 0.05046326294541359, -0.02032182551920414, 0.10061541199684143, 0.047503624111413956, 0.06661660969257355, -0.22454503178596497, -0.18816594779491425, -0.10902657359838486, -0.2383880764245987, -0.16793884336948395, 0.10329166054725647, 0.259883314371109]], "pred_rotmat": [[[[0.9962265491485596, 0.08561872690916061, -0.01421432290226221], [0.07894381880760193, -0.9619722962379456, -0.2614904046058655], [-0.03606225922703743, 0.25938156247138977, -0.965101420879364]], [[0.9048437476158142, -0.42221799492836, -0.05467874929308891], [0.3517460227012634, 0.6690265536308289, 0.6547352075576782], [-0.239859476685524, -0.6116660833358765, 0.7538779973983765]], [[0.9566553831100464, 0.29106348752975464, 0.009618259035050869], [-0.19681595265865326, 0.6218377947807312, 0.7580113410949707], [0.21464844048023224, -0.7270486354827881, 0.6521704196929932]], [[0.9994637370109558, 0.015910962596535683, -0.028618885204195976], [-0.027999211102724075, 0.8684386014938354, -0.49500536918640137], [0.016977736726403236, 0.4955412447452545, 0.8684183955192566]], [[0.9878110289573669, 0.11684431880712509, -0.10284346342086792], [-0.10304103046655655, -0.004364715423434973, -0.9946675300598145], [-0.1166701465845108, 0.9931406378746033, 0.007728245109319687]], [[0.9740797281265259, -0.19361214339733124, 0.11697451770305634], [0.10350155830383301, -0.0783325731754303, -0.9915398955345154], [0.20113711059093475, 0.9779459238052368, -0.05626301467418671]], [[0.9984087347984314, 0.025013884529471397, -0.05054059252142906], [-0.024135194718837738, 0.9995480179786682, 0.01792195253074169], [0.0509660504758358, -0.016673624515533447, 0.9985612034797668]], [[0.9893892407417297, 0.06699005514383316, 0.12892372906208038], [-0.08927787095308304, 0.9803833961486816, 0.1757211834192276], [-0.11462310701608658, -0.1853666752576828, 0.9759615063667297]], [[0.9916549324989319, -0.0333656407892704, -0.12452766299247742], [0.059315893799066544, 0.9757009148597717, 0.2109249085187912], [0.11446411162614822, -0.21655121445655823, 0.9695377349853516]], [[0.9992748498916626, 0.023079553619027138, -0.030284488573670387], [-0.022660547867417336, 0.9996436834335327, 0.014106730930507183], [0.03059927560389042, -0.013410238549113274, 0.9994418025016785]], [[0.9727230668067932, -0.23135286569595337, -0.016903281211853027], [0.2282874882221222, 0.941806435585022, 0.24674972891807556], [-0.04116663709282875, -0.24387794733047485, 0.9689317941665649]], [[0.9760496020317078, 0.20987391471862793, -0.05727182328701019], [-0.19106028974056244, 0.9528663158416748, 0.2356732189655304], [0.10403404384851456, -0.2190863937139511, 0.9701433777809143]], [[0.9891550540924072, -0.02345995418727398, -0.14498895406723022], [0.05412042513489723, 0.9759182929992676, 0.21131610870361328], [0.13653990626335144, -0.21687127649784088, 0.9666041731834412]], [[0.9480946063995361, 0.3077652156352997, -0.079983189702034], [-0.308414101600647, 0.9512419104576111, 0.00441946554929018], [0.07744352519512177, 0.020477868616580963, 0.9967864751815796]], [[0.9953150749206543, -0.09635447710752487, 0.007975847460329533], [0.09410025924444199, 0.9843583106994629, 0.14894232153892517], [-0.022202355787158012, -0.14749401807785034, 0.9888136386871338]], [[0.9980195760726929, -0.05203213170170784, -0.035350412130355835], [0.0534052774310112, 0.9978079795837402, 0.0390782468020916], [0.03323959931731224, -0.040888749063014984, 0.9986106753349304]], [[0.7915117740631104, 0.6055925488471985, -0.08226025104522705], [-0.6024896502494812, 0.7957741022109985, 0.06123539060354233], [0.10254427790641785, 0.0010924157686531544, 0.9947277903556824]], [[0.9307094812393188, -0.28429895639419556, 0.23011736571788788], [0.16639995574951172, 0.8893885016441345, 0.425792396068573], [-0.3257160782814026, -0.35799750685691833, 0.8750696182250977]], [[0.852030336856842, -0.08669239282608032, -0.5162642598152161], [0.19583576917648315, 0.9673699736595154, 0.16075953841209412], [0.4854819178581238, -0.23807500302791595, 0.8412060141563416]], [[0.0636671781539917, 0.10302618891000748, 0.9926389455795288], [-0.6942212581634521, 0.7191314697265625, -0.03011193312704563], [-0.7169403433799744, -0.6871939301490784, 0.11730804294347763]], [[0.994737446308136, -0.1009083241224289, -0.017741616815328598], [0.09988398104906082, 0.9936718940734863, -0.05137452483177185], [0.02281346544623375, 0.049332067370414734, 0.9985217452049255]], [[0.9727011919021606, 0.22398841381072998, 0.06067628040909767], [-0.22083890438079834, 0.9737865924835205, -0.0544964075088501], [-0.07129231095314026, 0.03960903733968735, 0.9966687560081482]], [[0.9659393429756165, 0.24444150924682617, -0.08491005748510361], [-0.22410380840301514, 0.9542810320854187, 0.19780048727989197], [0.12937872111797333, -0.17203457653522491, 0.9765578508377075]], [[0.9612412452697754, -0.2638953626155853, 0.07984005659818649], [0.24670195579528809, 0.9525516629219055, 0.17827948927879333], [-0.12309890240430832, -0.15167291462421417, 0.9807354211807251]]]], "pred_betas": [[-0.006278783082962036, 0.29316094517707825, 0.6139823198318481, 0.7046759128570557, 0.3391363322734833, 0.16594642400741577, -0.3807992935180664, 0.30769282579421997, 0.7921434640884399, -0.03263827785849571]], "pred_camera": [1.206416368484497, -0.026661965996026993, 0.3404594659805298]}