{"pred_joints_img": [[384.2803649902344, 146.88316345214844, -32.661712646484375], [390.5862121582031, 180.47109985351562, 2.832075595855713], [344.8477783203125, 192.9434814453125, 12.798922538757324], [295.8228759765625, 230.3983917236328, 21.17107391357422], [250.95672607421875, 225.81764221191406, -21.724618911743164], [429.0386657714844, 207.50103759765625, 1.6881202459335327], [472.98822021484375, 251.61399841308594, -13.376171112060547], [498.5953369140625, 217.83477783203125, -56.87797546386719], [368.5606689453125, 301.6506652832031, 6.32908821105957], [349.12115478515625, 321.00872802734375, 2.0372235774993896], [292.0843505859375, 346.52716064453125, -68.38763427734375], [316.4858093261719, 435.1343688964844, -34.446510314941406], [381.57611083984375, 325.58441162109375, -1.3087422847747803], [421.47125244140625, 372.4102783203125, -69.65904998779297], [412.63861083984375, 452.9913330078125, -14.793581008911133], [380.03173828125, 138.8828125, -20.587453842163086], [395.4573974609375, 139.4721221923828, -26.099681854248047], [377.34906005859375, 147.39581298828125, 3.5234224796295166], [411.45587158203125, 148.6622772216797, -8.505629539489746], [430.18878173828125, 478.0130920410156, -52.5286865234375], [439.57147216796875, 475.29034423828125, -34.76736068725586], [409.19476318359375, 455.8653564453125, 1.9779202938079834], [293.3716125488281, 451.6694030761719, -73.97514343261719], [285.9641418457031, 453.0634765625, -54.28996658325195], [323.9098815917969, 443.65118408203125, -20.415477752685547], [316.4858093261719, 435.1343688964844, -34.446510314941406], [292.0843505859375, 346.52716064453125, -68.38763427734375], [337.2261047363281, 293.2464904785156, 16.23490333557129], [401.8185119628906, 299.94677734375, 7.301595687866211], [421.47125244140625, 372.4102783203125, -69.65904998779297], [412.63861083984375, 452.9913330078125, -14.793581008911133], [250.95672607421875, 225.81764221191406, -21.724618911743164], [295.8228759765625, 230.3983917236328, 21.17107391357422], [344.8477783203125, 192.9434814453125, 12.798922538757324], [429.0386657714844, 207.50103759765625, 1.6881202459335327], [472.98822021484375, 251.61399841308594, -13.376171112060547], [498.5953369140625, 217.83477783203125, -56.87797546386719], [390.2524719238281, 180.77130126953125, 1.4311505556106567], [396.8948669433594, 114.82720947265625, -0.43558600544929504], [369.8623962402344, 298.8515319824219, 16.01970672607422], [388.6609802246094, 194.3992919921875, 6.417186260223389], [380.0738220214844, 239.2442626953125, 16.357540130615234], [390.767578125, 158.25418090820312, -17.226943969726562], [395.7724914550781, 130.53005981445312, -0.04812223091721535], [384.2803649902344, 146.88316345214844, -32.661712646484375], [395.4573974609375, 139.4721221923828, -26.099681854248047], [380.03173828125, 138.8828125, -20.587453842163086], [411.45587158203125, 148.6622772216797, -8.505629539489746], [377.34906005859375, 147.39581298828125, 3.5234224796295166]], "pred_body_pose": [[2.776096820831299, 0.20394472777843475, -0.13545484840869904, -0.6132686734199524, 0.12007813155651093, 0.524300217628479, -0.8392381072044373, -0.18893538415431976, -0.3610124886035919, 0.5576096177101135, 0.002521439455449581, -0.0638573169708252, 1.491816759109497, -0.02571546845138073, -0.12432263046503067, 1.604343295097351, -0.10703740268945694, 0.2561196982860565, 0.008472384884953499, 0.00602126307785511, -0.0119876554235816, -0.17114444077014923, 0.12841983139514923, -0.09546930342912674, -0.20123422145843506, -0.09302787482738495, 0.05962478742003441, -0.00494580389931798, -0.0008217010763473809, 0.0075579253025352955, -0.2616812586784363, 0.07526606321334839, 0.20687957108020782, -0.23151713609695435, -0.10496093332767487, -0.1907980889081955, -0.18356359004974365, -0.1037856861948967, 0.03354492783546448, -0.06767216324806213, -0.032956965267658234, -0.15232639014720917, -0.02617107704281807, 0.04067227244377136, 0.21964377164840698, -0.07004164159297943, -0.10531353205442429, 0.10691851377487183, -0.32583799958229065, -0.23574772477149963, -0.36196020245552063, -0.15507766604423523, 0.09618166089057922, 0.5586862564086914, -0.4649883508682251, -1.2926733493804932, 0.5450962781906128, -0.2653884291648865, 0.9874641299247742, -0.360749214887619, 0.04205504432320595, -0.044126976281404495, 0.20573517680168152, 0.03905873745679855, 0.03844895958900452, -0.15836676955223083, -0.16132046282291412, -0.10096551477909088, -0.21645872294902802, -0.14459875226020813, 0.09831973910331726, 0.21270409226417542]], "pred_rotmat": [[[[0.9850448369979858, 0.15813855826854706, -0.06840146332979202], [0.12437503784894943, -0.9273661971092224, -0.3528778553009033], [-0.11923680454492569, 0.3390931189060211, -0.9331657886505127]], [[0.8631906509399414, -0.5028818249702454, -0.04485170543193817], [0.43323561549186707, 0.6921586990356445, 0.5772548317909241], [-0.25924649834632874, -0.5177123546600342, 0.815331220626831]], [[0.9228355884552002, 0.38457199931144714, -0.021882737055420876], [-0.23718205094337463, 0.6120782494544983, 0.7543904185295105], [0.303511381149292, -0.6909881234169006, 0.6560611724853516]], [[0.9980109333992004, 0.06124180182814598, -0.014950107783079147], [-0.0598723441362381, 0.8465883731842041, -0.5288699269294739], [-0.019732363522052765, 0.5287131667137146, 0.8485711216926575]], [[0.9933385848999023, 0.06695601344108582, -0.0937834233045578], [-0.09866706281900406, 0.07379404455423355, -0.9923806190490723], [-0.059525180608034134, 0.9950233101844788, 0.0799088254570961]], [[0.9692665934562683, -0.22553855180740356, 0.09825871139764786], [0.0885520726442337, -0.05278312787413597, -0.9946721196174622], [0.22952330112457275, 0.9728033542633057, -0.03118901513516903]], [[0.9999099373817444, 0.01201265212148428, 0.0059702289290726185], [-0.011961651034653187, 0.9998922348022461, -0.008508117869496346], [-0.006071791052818298, 0.008435939438641071, 0.999945878982544]], [[0.9872554540634155, 0.08365921676158905, 0.13538026809692383], [-0.10553719848394394, 0.9808852076530457, 0.16348077356815338], [-0.11911585181951523, -0.17568492889404297, 0.977213442325592]], [[0.9939221143722534, -0.04978324845433235, -0.09818582236766815], [0.06842156499624252, 0.9780714511871338, 0.19670996069908142], [0.08623987436294556, -0.20223242044448853, 0.9755330681800842]], [[0.9999710321426392, -0.007555791642516851, -0.0008403796819038689], [0.007559852674603462, 0.9999591708183289, 0.004942631348967552], [0.0008029999444261193, -0.0049488418735563755, 0.9999873042106628]], [[0.9760031700134277, -0.2126232385635376, 0.04700217768549919], [0.19311869144439697, 0.9449020028114319, 0.2643207311630249], [-0.10061316937208176, -0.2489008605480194, 0.9632888436317444]], [[0.9764885902404785, 0.19965004920959473, -0.08130142837762833], [-0.17555367946624756, 0.9553755521774292, 0.2375679612159729], [0.12510384619235992, -0.21770963072776794, 0.9679626226425171]], [[0.9940742254257202, -0.023801106959581375, -0.10606598109006882], [0.042780108749866486, 0.9826556444168091, 0.18043778836727142], [0.09993170946836472, -0.18390604853630066, 0.9778508543968201]], [[0.987884521484375, 0.15270699560642242, -0.027656883001327515], [-0.15048208832740784, 0.9861419200897217, 0.0698511153459549], [0.0379403680562973, -0.06484296172857285, 0.9971740245819092]], [[0.9751561880111694, -0.21832671761512756, 0.037468187510967255], [0.2172667682170868, 0.9756386876106262, 0.030398909002542496], [-0.04319231957197189, -0.021503090858459473, 0.9988352656364441]], [[0.9887644648551941, -0.10275068879127502, -0.10856860131025314], [0.11011017113924026, 0.9918500185012817, 0.06410477310419083], [0.10109694302082062, -0.07533902674913406, 0.9920199513435364]], [[0.9089579582214355, 0.38203537464141846, -0.16686643660068512], [-0.3070756793022156, 0.8842724561691284, 0.35180506110191345], [0.28195735812187195, -0.2685353755950928, 0.9210802316665649]], [[0.8438820242881775, -0.5343183279037476, 0.048652030527591705], [0.519827127456665, 0.836693525314331, 0.1724056452512741], [-0.1328263282775879, -0.12019938230514526, 0.9838237762451172]], [[0.18251550197601318, -0.11756586283445358, -0.9761487245559692], [0.6168935298919678, 0.7867773175239563, 0.020585455000400543], [0.7655916213989258, -0.6059370040893555, 0.21612468361854553]], [[0.49944984912872314, 0.17541758716106415, 0.8483975529670715], [-0.41278985142707825, 0.9091625213623047, 0.05502696335315704], [-0.7616786360740662, -0.37769314646720886, 0.5264917016029358]], [[0.9779477119445801, -0.20508435368537903, -0.03947960585355759], [0.2032356858253479, 0.978036642074585, -0.04625490680336952], [0.04809866100549698, 0.03721121698617935, 0.9981491565704346]], [[0.9867519736289978, 0.15837568044662476, 0.03518367558717728], [-0.15687741339206696, 0.986728310585022, -0.04191356897354126], [-0.041354816406965256, 0.035838764160871506, 0.9985016584396362]], [[0.9716727137565613, 0.22156183421611786, -0.08223430812358856], [-0.20538650453090668, 0.9638121724128723, 0.16994814574718475], [0.11691246181726456, -0.14824415743350983, 0.9820157885551453]], [[0.9727180004119873, -0.21709008514881134, 0.08180057257413864], [0.20296280086040497, 0.967132568359375, 0.15316905081272125], [-0.11236348003149033, -0.13238786160945892, 0.9848084449768066]]]], "pred_betas": [[0.042146988213062286, 0.36648592352867126, 0.7506057024002075, 0.5647140145301819, 0.23684810101985931, 0.1285746842622757, -0.24817869067192078, 0.25105640292167664, 0.6663774251937866, -0.020830944180488586]], "pred_camera": [1.2062898874282837, -0.033986181020736694, 0.32711920142173767]}