{"pred_joints_img": [[386.0879821777344, 150.499755859375, -39.553321838378906], [392.5623474121094, 182.52867126464844, -1.5695244073867798], [345.1558532714844, 199.6182861328125, 8.514154434204102], [307.5830078125, 249.04833984375, 24.423446655273438], [264.4703674316406, 284.2386169433594, -7.556396961212158], [432.94110107421875, 206.39520263671875, -2.0776724815368652], [487.0697937011719, 231.44729614257812, -30.085359573364258], [486.3607482910156, 175.89013671875, -59.12217712402344], [367.6774597167969, 303.9197082519531, 6.703783988952637], [346.2750549316406, 322.0053405761719, 2.637769937515259], [273.8843688964844, 334.20306396484375, -60.626747131347656], [264.12164306640625, 431.91217041015625, -36.36917495727539], [379.0060119628906, 329.311279296875, -0.9011546969413757], [426.5130615234375, 371.0521240234375, -71.43672943115234], [414.168701171875, 456.23040771484375, -18.500391006469727], [381.0749206542969, 142.03529357910156, -27.55056381225586], [396.942138671875, 142.20082092285156, -32.784339904785156], [377.8623046875, 149.72640991210938, -2.6457579135894775], [413.191162109375, 150.204833984375, -14.130884170532227], [437.03936767578125, 479.09686279296875, -56.77672576904297], [444.15380859375, 477.35931396484375, -37.28879165649414], [408.7105712890625, 460.6077575683594, -2.009624719619751], [232.95228576660156, 435.46942138671875, -75.4982681274414], [227.10397338867188, 436.78033447265625, -54.62765884399414], [269.55377197265625, 444.45489501953125, -23.729318618774414], [264.12164306640625, 431.91217041015625, -36.36917495727539], [273.8843688964844, 334.20306396484375, -60.626747131347656], [336.7270812988281, 292.3839416503906, 17.245084762573242], [402.0556335449219, 304.7291564941406, 8.411385536193848], [426.5130615234375, 371.0521240234375, -71.43672943115234], [414.168701171875, 456.23040771484375, -18.500391006469727], [264.4703674316406, 284.2386169433594, -7.556396961212158], [307.5830078125, 249.04833984375, 24.423446655273438], [345.1558532714844, 199.6182861328125, 8.514154434204102], [432.94110107421875, 206.39520263671875, -2.0776724815368652], [487.0697937011719, 231.44729614257812, -30.085359573364258], [486.3607482910156, 175.89013671875, -59.12217712402344], [392.0658264160156, 183.13059997558594, -3.036713123321533], [396.7451477050781, 116.04139709472656, -7.717653751373291], [369.4742126464844, 300.9689636230469, 17.168582916259766], [390.7487487792969, 196.74110412597656, 2.4220359325408936], [383.39697265625, 242.18951416015625, 15.111653327941895], [392.66143798828125, 161.2217254638672, -23.081157684326172], [396.1879577636719, 131.97914123535156, -6.688913822174072], [386.0879821777344, 150.499755859375, -39.553321838378906], [396.942138671875, 142.20082092285156, -32.784339904785156], [381.0749206542969, 142.03529357910156, -27.55056381225586], [413.191162109375, 150.204833984375, -14.130884170532227], [377.8623046875, 149.72640991210938, -2.6457579135894775]], "pred_body_pose": [[2.7816121578216553, 0.3162595331668854, -0.12196476012468338, -0.7120572328567505, 0.12919069826602936, 0.6514073610305786, -0.8495507836341858, -0.17988285422325134, -0.5636595487594604, 0.5921655297279358, 0.0164004135876894, -0.0603579580783844, 1.5374476909637451, -0.03297502547502518, -0.12223485112190247, 1.4138984680175781, -0.04357710853219032, 0.19476309418678284, 0.01129936333745718, 0.025139670819044113, 0.04987793043255806, -0.20704947412014008, 0.15208615362644196, -0.1368200033903122, -0.17077133059501648, -0.10196149349212646, 0.12838582694530487, -0.01171956118196249, 0.006114044226706028, 0.049307931214571, -0.2515406310558319, 0.10939790308475494, 0.2475425750017166, -0.2272302508354187, -0.13270671665668488, -0.2529647648334503, -0.17117170989513397, -0.03958730027079582, 0.04354311525821686, -0.11122611165046692, -0.06394416093826294, -0.05342749506235123, 0.02329888567328453, 0.09251101315021515, 0.3525996804237366, -0.08589955419301987, -0.14748652279376984, 0.09831326454877853, -0.4393281042575836, -0.37041807174682617, -0.13512098789215088, -0.011675984598696232, 0.07209324836730957, 0.667532742023468, -0.4497569501399994, -1.4994757175445557, 0.6390081644058228, -0.1308552771806717, 0.6973250508308411, -0.20189952850341797, 0.10259438306093216, -0.059349678456783295, 0.23538243770599365, 0.08351921290159225, 0.014496828429400921, -0.12314823269844055, -0.156159445643425, -0.09410455822944641, -0.20374436676502228, -0.16667583584785461, 0.0952947735786438, 0.19158916175365448]], "pred_rotmat": [[[[0.9715704321861267, 0.2321651428937912, -0.04637126624584198], [0.2031841278076172, -0.9182044863700867, -0.3400247097015381], [-0.12152017652988434, 0.32093602418899536, -0.9392725825309753]], [[0.7963690161705017, -0.5957248210906982, -0.1044427901506424], [0.5107754468917847, 0.5699687600135803, 0.6436178684234619], [-0.32389000058174133, -0.5659042000770569, 0.7581870555877686]], [[0.8400506377220154, 0.5380551815032959, 0.06936483830213547], [-0.3984065353870392, 0.5250689387321472, 0.7520470023155212], [0.3682214915752411, -0.6593930721282959, 0.6554492115974426]], [[0.9981011152267456, 0.06156788021326065, -0.0019008435774594545], [-0.052139703184366226, 0.8280214071273804, -0.5582670569419861], [-0.032797373831272125, 0.5573060512542725, 0.8296592235565186]], [[0.9934541583061218, 0.05850152671337128, -0.09811434894800186], [-0.09990940988063812, 0.028585050255060196, -0.9945858120918274], [-0.05538018047809601, 0.9978779554367065, 0.034242790192365646]], [[0.9832463264465332, -0.16092240810394287, 0.08561927825212479], [0.10909149795770645, 0.14319473505020142, -0.98366379737854], [0.14603331685066223, 0.9765241146087646, 0.15835095942020416]], [[0.9984405040740967, -0.04970894753932953, 0.025407785549759865], [0.04999293014407158, 0.9986926317214966, -0.010666461661458015], [-0.024844348430633545, 0.011920037679374218, 0.999620258808136]], [[0.9792223572731018, 0.1192624494433403, 0.16401232779026031], [-0.1505301296710968, 0.9694221615791321, 0.19380733370780945], [-0.13588325679302216, -0.21446926891803741, 0.9672324657440186]], [[0.9866231083869934, -0.11852455884218216, -0.11192301660776138], [0.13585548102855682, 0.9772835373878479, 0.16266602277755737], [0.09010059386491776, -0.17569540441036224, 0.980312705039978]], [[0.9987659454345703, -0.04932233691215515, 0.0058225179091095924], [0.04925069957971573, 0.9987159371376038, 0.011865174397826195], [-0.006400260142982006, -0.011563769541680813, 0.9999126195907593]], [[0.963792085647583, -0.2555517852306366, 0.07614478468894958], [0.2283453643321991, 0.9384302496910095, 0.2592432200908661], [-0.13770663738250732, -0.23246929049491882, 0.9628056883811951]], [[0.9596498608589172, 0.26229560375213623, -0.10135648399591446], [-0.2324739545583725, 0.9428266882896423, 0.23881745338439941], [0.1582023650407791, -0.20561839640140533, 0.9657604098320007]], [[0.9982731938362122, -0.03992685675621033, -0.043087996542453766], [0.04668460413813591, 0.9844446182250977, 0.16937901079654694], [0.03565497696399689, -0.17109806835651398, 0.9846086502075195]], [[0.9965339303016663, 0.056806083768606186, -0.06077202409505844], [-0.04970525950193405, 0.9923993945121765, 0.11257385462522507], [0.06670499593019485, -0.10916297137737274, 0.9917832016944885]], [[0.9342930912971497, -0.3437449634075165, 0.09452956169843674], [0.345876544713974, 0.9382563829421997, -0.0066550783812999725], [-0.08640532940626144, 0.03891335055232048, 0.9954997897148132]], [[0.9843418598175049, -0.09136473387479782, -0.15074360370635986], [0.10399284958839417, 0.9915053844451904, 0.07811866700649261], [0.14232581853866577, -0.09257172793149948, 0.9854815602302551]], [[0.9244977235794067, 0.2064407914876938, -0.3204469382762909], [-0.04837694391608238, 0.8973987102508545, 0.438560426235199], [0.37810543179512024, -0.3899458348751068, 0.8396300673484802]], [[0.7829450368881226, -0.618888258934021, 0.06304310262203217], [0.6180776357650757, 0.7853819131851196, 0.033989615738391876], [-0.07054868340492249, 0.012353532947599888, 0.9974318742752075]], [[-0.04055872559547424, -0.11105722934007645, -0.9929860234260559], [0.6393343806266785, 0.7608444690704346, -0.11120788007974625], [0.7678584456443787, -0.6393605470657349, 0.040143825113773346]], [[0.7482216358184814, 0.14048811793327332, 0.6484036445617676], [-0.22767336666584015, 0.9723455905914307, 0.052046503871679306], [-0.6231605410575867, -0.1865665763616562, 0.7595154047012329]], [[0.9707065224647522, -0.23569409549236298, -0.046660322695970535], [0.22964029014110565, 0.9672251343727112, -0.10835550725460052], [0.07066978514194489, 0.09446630626916885, 0.9930166006088257]], [[0.9923264384269714, 0.12329423427581787, 0.00930983480066061], [-0.12208573520183563, 0.9889501333236694, -0.08409938961267471], [-0.0195759329944849, 0.08231745660305023, 0.9964138269424438]], [[0.9749727249145508, 0.2085174322128296, -0.07712704688310623], [-0.19391341507434845, 0.9672559499740601, 0.16374821960926056], [0.10874595493078232, -0.14469408988952637, 0.9834824800491333]], [[0.9772462248802185, -0.19714173674583435, 0.07826162874698639], [0.1813555508852005, 0.9679535627365112, 0.1737125813961029], [-0.1099996268749237, -0.15556679666042328, 0.9816817045211792]]]], "pred_betas": [[0.2173731029033661, 0.2895136773586273, 0.4790814518928528, 0.29392775893211365, 0.08757349848747253, -0.02044917643070221, -0.11292624473571777, 0.197429820895195, 0.5347326397895813, 0.00529899075627327]], "pred_camera": [1.2372273206710815, -0.013839558698236942, 0.33432260155677795]}