{"pred_joints_img": [[385.6530456542969, 146.7941131591797, -32.27656555175781], [391.947509765625, 179.841796875, 2.7777528762817383], [347.39013671875, 191.7713165283203, 12.920599937438965], [296.8440856933594, 226.1322021484375, 15.8771390914917], [261.4158020019531, 203.15081787109375, -28.355100631713867], [430.10906982421875, 206.95370483398438, 0.9380030632019043], [466.78857421875, 257.24017333984375, -8.673823356628418], [494.34423828125, 243.53367614746094, -59.82804489135742], [372.1806335449219, 300.2586364746094, 6.308465003967285], [353.2641906738281, 319.76019287109375, 2.796159505844116], [298.7176208496094, 352.1136169433594, -64.5843734741211], [323.7071533203125, 436.61688232421875, -25.76877784729004], [385.339599609375, 323.8931579589844, -0.5596820712089539], [421.4952087402344, 374.9924011230469, -65.69990539550781], [413.62664794921875, 451.8912353515625, -8.439163208007812], [381.31787109375, 138.8419647216797, -20.511951446533203], [396.5826416015625, 139.42111206054688, -25.788179397583008], [378.4450378417969, 147.12411499023438, 3.3150126934051514], [412.22393798828125, 148.2914276123047, -8.197522163391113], [428.8216857910156, 478.48828125, -45.01848220825195], [439.0075378417969, 475.1139831542969, -28.2030029296875], [410.9051513671875, 453.8751220703125, 8.289966583251953], [301.40667724609375, 456.0158386230469, -63.41770553588867], [294.05316162109375, 456.11370849609375, -44.043033599853516], [331.1509704589844, 443.94244384765625, -11.457895278930664], [323.7071533203125, 436.61688232421875, -25.76877784729004], [298.7176208496094, 352.1136169433594, -64.5843734741211], [341.2077941894531, 292.0998229980469, 15.760357856750488], [404.991455078125, 298.0628967285156, 6.66752290725708], [421.4952087402344, 374.9924011230469, -65.69990539550781], [413.62664794921875, 451.8912353515625, -8.439163208007812], [261.4158020019531, 203.15081787109375, -28.355100631713867], [296.8440856933594, 226.1322021484375, 15.8771390914917], [347.39013671875, 191.7713165283203, 12.920599937438965], [430.10906982421875, 206.95370483398438, 0.9380030632019043], [466.78857421875, 257.24017333984375, -8.673823356628418], [494.34423828125, 243.53367614746094, -59.82804489135742], [391.6925964355469, 180.07440185546875, 1.3391449451446533], [397.60546875, 114.905517578125, -0.6053865551948547], [373.5154113769531, 297.052978515625, 15.50492000579834], [390.27996826171875, 193.6697998046875, 6.088443756103516], [382.4784240722656, 237.96624755859375, 15.453255653381348], [391.924560546875, 157.86590576171875, -16.936176300048828], [396.5776672363281, 130.41448974609375, -0.1331489086151123], [385.6530456542969, 146.7941131591797, -32.27656555175781], [396.5826416015625, 139.42111206054688, -25.788179397583008], [381.31787109375, 138.8419647216797, -20.511951446533203], [412.22393798828125, 148.2914276123047, -8.197522163391113], [378.4450378417969, 147.12411499023438, 3.3150126934051514]], "pred_body_pose": [[2.810342788696289, 0.18814164400100708, -0.14632859826087952, -0.5808231830596924, 0.1187586709856987, 0.4813045859336853, -0.7941907644271851, -0.17569078505039215, -0.34036093950271606, 0.5227438807487488, 0.00019227882148697972, -0.04923052713274956, 1.4645479917526245, -0.024252664297819138, -0.12424620985984802, 1.5816367864608765, -0.10733550786972046, 0.24068263173103333, 0.004094068892300129, -0.0034644673578441143, -0.01768113113939762, -0.1617322862148285, 0.12072194367647171, -0.08561765402555466, -0.19106468558311462, -0.09399498254060745, 0.06040409579873085, -0.005382046103477478, -0.0012890096986666322, 0.0008618551655672491, -0.2648395299911499, 0.06786021590232849, 0.19965900480747223, -0.23485514521598816, -0.10948479175567627, -0.19146069884300232, -0.18440315127372742, -0.10750309377908707, 0.029525984078645706, -0.04451730102300644, -0.037306226789951324, -0.1901399940252304, -0.050038233399391174, 0.03435707092285156, 0.17752984166145325, -0.057744938880205154, -0.08011994510889053, 0.09993299096822739, -0.21996763348579407, -0.20069743692874908, -0.49319958686828613, -0.2177385687828064, 0.15631455183029175, 0.5355914831161499, -0.37894830107688904, -1.1608752012252808, 0.46117547154426575, -0.3392232358455658, 1.1780860424041748, -0.46569082140922546, 0.030599180608987808, -0.0330534502863884, 0.18719202280044556, 0.006297767162322998, 0.039529141038656235, -0.1805499941110611, -0.16577617824077606, -0.10332586616277695, -0.2226720005273819, -0.13956701755523682, 0.1005202978849411, 0.22211547195911407]], "pred_rotmat": [[[[0.986082136631012, 0.1459149718284607, -0.07969164103269577], [0.11316019296646118, -0.9401974678039551, -0.3212839961051941], [-0.12180603295564651, 0.3077945113182068, -0.9436237215995789]], [[0.882977306842804, -0.46871891617774963, -0.025566043332219124], [0.4030285179615021, 0.7290540933609009, 0.5532160997390747], [-0.24066385626792908, -0.49878111481666565, 0.8326452970504761]], [[0.9312747716903687, 0.36330312490463257, -0.027171194553375244], [-0.2325800359249115, 0.6502743363380432, 0.7232219576835632], [0.2804175019264221, -0.6671987771987915, 0.6900811195373535]], [[0.9988157749176025, 0.04704859480261803, -0.012391003780066967], [-0.04695037379860878, 0.86529541015625, -0.49905872344970703], [-0.012758133932948112, 0.49904945492744446, 0.8664796352386475]], [[0.993330180644989, 0.06930862367153168, -0.09214869141578674], [-0.09887497872114182, 0.10086187720298767, -0.9899749755859375], [-0.05931951850652695, 0.9924833178520203, 0.10704203695058823]], [[0.9721061587333679, -0.2182094156742096, 0.08599019050598145], [0.08183823525905609, -0.028011810034513474, -0.9962519407272339], [0.21980030834674835, 0.9754998683929443, -0.00937257893383503]], [[0.9998377561569214, 0.017673039808869362, -0.003500463208183646], [-0.01768721081316471, 0.9998353719711304, -0.004063209518790245], [0.0034280773252248764, 0.004124463070183992, 0.9999857544898987]], [[0.989091694355011, 0.07521019876003265, 0.12665313482284546], [-0.09465676546096802, 0.9833230376243591, 0.1552925854921341], [-0.11286137253046036, -0.1655871868133545, 0.9797158241271973]], [[0.9937835931777954, -0.05096914619207382, -0.09897642582654953], [0.06885506957769394, 0.9800046682357788, 0.18668119609355927], [0.08748237788677216, -0.19233573973178864, 0.9774220585823059]], [[0.9999988079071045, -0.000858380866702646, -0.0012913221726194024], [0.0008653205586597323, 0.9999851584434509, 0.005381462629884481], [0.0012866836041212082, -0.005382573697715998, 0.9999846816062927]], [[0.9779771566390991, -0.20476754009723663, 0.040384143590927124], [0.18696647882461548, 0.9455214142799377, 0.26651957631111145], [-0.09275864064693451, -0.25309959053993225, 0.9629830121994019]], [[0.9758875370025635, 0.20091122388839722, -0.08531153947114944], [-0.1754198521375656, 0.9544886946678162, 0.24120379984378815], [0.12988945841789246, -0.22042247653007507, 0.9667174220085144]], [[0.9938095808029175, -0.01942436210811138, -0.10938488692045212], [0.03917166590690613, 0.9826292395591736, 0.1813984364271164], [0.10396123677492142, -0.18456031382083893, 0.9773072600364685]], [[0.9812892079353333, 0.18971751630306244, -0.03284261003136635], [-0.18806220591068268, 0.980995237827301, 0.047759637236595154], [0.04127928242087364, -0.04068956896662712, 0.9983187317848206]], [[0.9836992621421814, -0.17734721302986145, 0.029727231711149216], [0.17563307285308838, 0.9830394983291626, 0.052785951644182205], [-0.03858448192477226, -0.04670441523194313, 0.9981632828712463]], [[0.9918105602264404, -0.09729506075382233, -0.08273717015981674], [0.10191398859024048, 0.9933503270149231, 0.053558409214019775], [0.07697603851556778, -0.06155187264084816, 0.9951310753822327]], [[0.8621152639389038, 0.4878353476524353, -0.13701783120632172], [-0.44489604234695435, 0.8581730127334595, 0.25613775849342346], [0.24253806471824646, -0.15986160933971405, 0.9568800330162048]], [[0.8489510416984558, -0.5206564664840698, 0.09054847806692123], [0.4876260459423065, 0.8378024101257324, 0.24557681381702423], [-0.20372287929058075, -0.16432888805866241, 0.9651389122009277]], [[0.32451578974723816, -0.150479257106781, -0.9338337779045105], [0.5313684344291687, 0.845758855342865, 0.0483686625957489], [0.7825196981430054, -0.5119062066078186, 0.35442203283309937]], [[0.3062245547771454, 0.17045395076274872, 0.9365745186805725], [-0.5159975290298462, 0.8564939498901367, 0.012832234613597393], [-0.7999830842018127, -0.48719972372055054, 0.3502332866191864]], [[0.9819889664649963, -0.18654176592826843, -0.029994485899806023], [0.18553350865840912, 0.9820668697357178, -0.033494602888822556], [0.03570473939180374, 0.027326352894306183, 0.9989885687828064]], [[0.9829682111740112, 0.17964673042297363, 0.03873729333281517], [-0.17939847707748413, 0.9837275147438049, -0.009820264764130116], [-0.03987111523747444, 0.0027035963721573353, 0.999201238155365]], [[0.9700901508331299, 0.22793203592300415, -0.08349919319152832], [-0.21092797815799713, 0.9617486000061035, 0.17478257417678833], [0.12014378607273102, -0.15194252133369446, 0.9810600876808167]], [[0.9704751968383789, -0.22617414593696594, 0.08380503952503204], [0.21223683655261993, 0.9658185839653015, 0.14882886409759521], [-0.11460169404745102, -0.1266481876373291, 0.9853054881095886]]]], "pred_betas": [[0.0064848847687244415, 0.322194904088974, 0.7918154001235962, 0.6022173762321472, 0.20618019998073578, 0.16765739023685455, -0.24948301911354065, 0.2519306540489197, 0.6982265710830688, 0.024235308170318604]], "pred_camera": [1.189832329750061, -0.02599874697625637, 0.31676769256591797]}