{"pred_joints_img": [[384.0458984375, 146.158935546875, -31.059133529663086], [391.3319396972656, 181.0771484375, 3.5408902168273926], [344.9022521972656, 197.4564208984375, 15.176342964172363], [307.57049560546875, 243.9550018310547, 35.333587646484375], [262.98828125, 272.42510986328125, 1.2134853601455688], [431.4354248046875, 206.20980834960938, 2.0118796825408936], [483.0968933105469, 238.9566192626953, -19.08659553527832], [498.62640380859375, 189.70774841308594, -52.44130325317383], [368.1417236328125, 303.1827087402344, 6.776872158050537], [347.2655334472656, 321.609130859375, 3.066038131713867], [278.72265625, 340.1603088378906, -60.21059036254883], [277.20135498046875, 433.7734375, -27.353179931640625], [379.94671630859375, 328.0873107910156, -0.8408218026161194], [422.807373046875, 374.9817810058594, -68.66979217529297], [414.0475769042969, 454.7036437988281, -10.468514442443848], [379.0118103027344, 138.74038696289062, -18.647993087768555], [394.6998291015625, 138.30615234375, -23.827089309692383], [376.0362548828125, 148.3052978515625, 5.359346866607666], [410.9685363769531, 147.43301391601562, -6.088881492614746], [433.4431457519531, 480.2023620605469, -48.09713363647461], [442.13262939453125, 476.8810119628906, -29.73142433166504], [409.8285827636719, 457.8821105957031, 6.421902656555176], [247.99159240722656, 442.99652099609375, -65.8839340209961], [241.34976196289062, 442.4375305175781, -45.465660095214844], [283.1014099121094, 444.58721923828125, -13.747285842895508], [277.20135498046875, 433.7734375, -27.353179931640625], [278.72265625, 340.1603088378906, -60.21059036254883], [337.1275634765625, 292.4545593261719, 17.312362670898438], [402.3629150390625, 303.14794921875, 7.460549831390381], [422.807373046875, 374.9817810058594, -68.66979217529297], [414.0475769042969, 454.7036437988281, -10.468514442443848], [262.98828125, 272.42510986328125, 1.2134853601455688], [307.57049560546875, 243.9550018310547, 35.333587646484375], [344.9022521972656, 197.4564208984375, 15.176342964172363], [431.4354248046875, 206.20980834960938, 2.0118796825408936], [483.0968933105469, 238.9566192626953, -19.08659553527832], [498.62640380859375, 189.70774841308594, -52.44130325317383], [390.852294921875, 181.32122802734375, 2.441162109375], [394.22845458984375, 114.31626892089844, 2.980017900466919], [369.9908447265625, 300.0600280761719, 16.72847557067871], [389.75286865234375, 195.49923706054688, 7.568448543548584], [382.543701171875, 241.1092071533203, 16.9558162689209], [390.7675476074219, 157.90896606445312, -15.67200756072998], [393.9255676269531, 130.21121215820312, 2.7522287368774414], [384.0458984375, 146.158935546875, -31.059133529663086], [394.6998291015625, 138.30615234375, -23.827089309692383], [379.0118103027344, 138.74038696289062, -18.647993087768555], [410.9685363769531, 147.43301391601562, -6.088881492614746], [376.0362548828125, 148.3052978515625, 5.359346866607666]], "pred_body_pose": [[2.791934013366699, 0.2860732972621918, -0.14601130783557892, -0.6418549418449402, 0.12738873064517975, 0.6030828952789307, -0.8244670033454895, -0.16032101213932037, -0.5110940337181091, 0.5342450141906738, 0.006574556697160006, -0.048369474709033966, 1.5235824584960938, -0.05699701979756355, -0.11329203099012375, 1.478626012802124, -0.030774760991334915, 0.19344209134578705, 0.0017870278097689152, 0.016465583816170692, 0.03361813351511955, -0.20540481805801392, 0.1445266306400299, -0.13974305987358093, -0.18553178012371063, -0.10607162117958069, 0.1108275055885315, 0.0012474553659558296, -0.004388222936540842, 0.0362408310174942, -0.2517240345478058, 0.08013708144426346, 0.26821285486221313, -0.23970982432365417, -0.09102289378643036, -0.25324082374572754, -0.2251560389995575, -0.059525538235902786, 0.06191635504364967, -0.08477088809013367, -0.011673640459775925, -0.11578715592622757, 0.021773207932710648, 0.01896468549966812, 0.32366129755973816, -0.052887994796037674, -0.11136756092309952, 0.09966117888689041, -0.4196077883243561, -0.2928224802017212, -0.22065497934818268, 0.009459372609853745, 0.01810934953391552, 0.666843056678772, -0.4963456988334656, -1.3843032121658325, 0.6035788059234619, -0.07803823053836823, 0.8403570055961609, -0.2334410548210144, 0.08330722898244858, -0.06190161779522896, 0.20582668483257294, 0.06926753371953964, 0.04030716046690941, -0.11521408706903458, -0.1573244333267212, -0.09316080808639526, -0.20837369561195374, -0.15943489968776703, 0.09573902934789658, 0.1997758150100708]], "pred_rotmat": [[[[0.9745877981185913, 0.21365123987197876, -0.06731798499822617], [0.17985764145851135, -0.925477921962738, -0.33337950706481934], [-0.13352824747562408, 0.31279996037483215, -0.9403862953186035]], [[0.8222418427467346, -0.564832329750061, -0.06987709552049637], [0.4883227050304413, 0.6370853185653687, 0.596375048160553], [-0.2923342287540436, -0.5244870781898499, 0.7996586561203003]], [[0.8677304983139038, 0.4935751259326935, 0.058543797582387924], [-0.3717062771320343, 0.5662179589271545, 0.7356844544410706], [0.32996702194213867, -0.6601369380950928, 0.674789547920227]], [[0.9988369345664978, 0.047797005623579025, -0.0063499510288238525], [-0.044368017464876175, 0.8595390915870667, -0.5091404914855957], [-0.018877359107136726, 0.5088300108909607, 0.8606600761413574]], [[0.9934074282646179, 0.0384429506957531, -0.10799885541200638], [-0.10963207483291626, 0.04326384514570236, -0.9930301308631897], [-0.033502571284770966, 0.9983237385749817, 0.04719320684671402]], [[0.9841194748878479, -0.14812026917934418, 0.09782247245311737], [0.11045067757368088, 0.07956188917160034, -0.9906919598579407], [0.13895860314369202, 0.9857638478279114, 0.09465838968753815]], [[0.9992994070053101, -0.03359555825591087, 0.016491765156388283], [0.03362497314810753, 0.9994333982467651, -0.0015098708681762218], [-0.016431694850325584, 0.002063348423689604, 0.9998628497123718]], [[0.9799306988716125, 0.12308568507432938, 0.15679843723773956], [-0.15256838500499725, 0.9693522453308105, 0.19255951046943665], [-0.12829159200191498, -0.21261745691299438, 0.9686769843101501]], [[0.9882897138595581, -0.09996768087148666, -0.11528144776821136], [0.11955247074365616, 0.9767601490020752, 0.17789533734321594], [0.09481854736804962, -0.1895943284034729, 0.9772734045982361]], [[0.9993337988853455, -0.036235511302948, -0.004364645574241877], [0.036230042576789856, 0.9993425607681274, -0.0013266856549307704], [0.004409849643707275, 0.0011676703579723835, 0.9999896287918091]], [[0.9612805247306824, -0.271889865398407, 0.04489654675126076], [0.2519545555114746, 0.933143675327301, 0.256440669298172], [-0.1116185411810875, -0.23519951105117798, 0.9655167460441589]], [[0.9641821384429932, 0.2585866153240204, -0.059040285646915436], [-0.2370026558637619, 0.9398593306541443, 0.24595576524734497], [0.11909042298793793, -0.22315345704555511, 0.9674813151359558]], [[0.9963293671607971, -0.054649919271469116, -0.06588783115148544], [0.06798772513866425, 0.9728671908378601, 0.2211492508649826], [0.05201432853937149, -0.22481705248355865, 0.9730116724967957]], [[0.9932401776313782, 0.11588144302368164, -0.006734132766723633], [-0.11489357799291611, 0.9897213578224182, 0.08515296876430511], [0.016532566398382187, -0.08380364626646042, 0.996345043182373]], [[0.9479026794433594, -0.3177907168865204, 0.022125370800495148], [0.318200021982193, 0.9478460550308228, -0.018349895253777504], [-0.015140017494559288, 0.024434208869934082, 0.999586820602417]], [[0.9888558387756348, -0.09630541503429413, -0.11353157460689545], [0.10218308120965958, 0.9936485886573792, 0.047128841280937195], [0.10827172547578812, -0.058204635977745056, 0.9924159646034241]], [[0.934504508972168, 0.26927390694618225, -0.23279356956481934], [-0.14954990148544312, 0.8904983401298523, 0.4297064542770386], [0.32301098108291626, -0.3667483925819397, 0.8724445700645447]], [[0.7856277227401733, -0.6183814406394958, 0.01983422227203846], [0.6185464859008789, 0.7857425808906555, -0.0029557181987911463], [-0.013756833039224148, 0.014590483158826828, 0.9997988343238831]], [[0.08048482239246368, -0.10259868949651718, -0.9914613962173462], [0.65665602684021, 0.7537856698036194, -0.02469746395945549], [0.7498833537101746, -0.6490613222122192, 0.1280403584241867]], [[0.6433436274528503, 0.17398342490196228, 0.7455459237098694], [-0.23547857999801636, 0.9715944528579712, -0.02353670820593834], [-0.728463351726532, -0.16041791439056396, 0.666038453578949]], [[0.9770038723945618, -0.2065756916999817, -0.05281933397054672], [0.20144163072109222, 0.9754565954208374, -0.08891373872756958], [0.06989038735628128, 0.07622905820608139, 0.9946377873420715]], [[0.9925627112388611, 0.11622992902994156, 0.036191217601299286], [-0.11344252526760101, 0.9909787178039551, -0.07135852426290512], [-0.04415871948003769, 0.06672219187021255, 0.9967939257621765]], [[0.9741171598434448, 0.2129964381456375, -0.07568571716547012], [-0.19843360781669617, 0.966132402420044, 0.16496124863624573], [0.10825859010219574, -0.1456729769706726, 0.9833918213844299]], [[0.9756137728691101, -0.2048894315958023, 0.07872775942087173], [0.1897198110818863, 0.9675373435020447, 0.16696667671203613], [-0.11038175225257874, -0.14795877039432526, 0.9828143119812012]]]], "pred_betas": [[0.11335805058479309, 0.17521604895591736, 0.6199429035186768, 0.4389411509037018, 0.09985214471817017, 0.01791076362133026, -0.20660975575447083, 0.2795678377151489, 0.44976043701171875, 0.06327245384454727]], "pred_camera": [1.22728431224823, -0.046424750238657, 0.3296259343624115]}