{"pred_joints_img": [[380.8429260253906, 147.10707092285156, -35.75434494018555], [387.60687255859375, 181.7672882080078, -1.2792049646377563], [344.1973571777344, 192.18988037109375, 12.703606605529785], [283.9775085449219, 206.28494262695312, 17.677343368530273], [268.6907043457031, 155.5507049560547, -14.423466682434082], [425.9918518066406, 211.82470703125, -3.792130708694458], [455.9859924316406, 267.9068908691406, 1.855133056640625], [487.0337829589844, 304.7640075683594, -34.659584045410156], [371.7364196777344, 303.8797302246094, 6.316567420959473], [353.57861328125, 324.4134521484375, 3.1423890590667725], [309.0280456542969, 358.1438293457031, -71.76841735839844], [332.22607421875, 440.25836181640625, -24.99304962158203], [386.14373779296875, 327.4751892089844, 1.1794334650039673], [422.6866455078125, 372.6347961425781, -69.20614624023438], [412.985595703125, 449.51239013671875, -10.482391357421875], [376.2796630859375, 139.30972290039062, -23.84018898010254], [391.81781005859375, 139.88961791992188, -28.875930786132812], [372.96502685546875, 148.2462921142578, -0.013373284600675106], [407.1912536621094, 149.42141723632812, -11.059876441955566], [427.0711975097656, 477.11065673828125, -47.12526321411133], [437.9732666015625, 473.5455322265625, -30.636743545532227], [410.23162841796875, 451.368408203125, 6.578551769256592], [315.50604248046875, 462.6451110839844, -64.4070816040039], [305.3138732910156, 461.7740783691406, -46.080501556396484], [338.1381530761719, 446.79107666015625, -9.382963180541992], [332.22607421875, 440.25836181640625, -24.99304962158203], [309.0280456542969, 358.1438293457031, -71.76841735839844], [339.5760803222656, 296.4668273925781, 14.377638816833496], [404.8221740722656, 300.407470703125, 8.153945922851562], [422.6866455078125, 372.6347961425781, -69.20614624023438], [412.985595703125, 449.51239013671875, -10.482391357421875], [268.6907043457031, 155.5507049560547, -14.423466682434082], [283.9775085449219, 206.28494262695312, 17.677343368530273], [344.1973571777344, 192.18988037109375, 12.703606605529785], [425.9918518066406, 211.82470703125, -3.792130708694458], [455.9859924316406, 267.9068908691406, 1.855133056640625], [487.0337829589844, 304.7640075683594, -34.659584045410156], [387.49261474609375, 182.05136108398438, -2.0719549655914307], [392.32891845703125, 115.7562255859375, -2.8349521160125732], [372.5277099609375, 300.19342041015625, 15.67882251739502], [386.5924072265625, 195.7846221923828, 3.3717315196990967], [378.97662353515625, 240.20529174804688, 13.150202751159668], [386.92620849609375, 158.75448608398438, -20.329328536987305], [391.3294372558594, 131.4497528076172, -2.756286382675171], [380.8429260253906, 147.10707092285156, -35.75434494018555], [391.81781005859375, 139.88961791992188, -28.875930786132812], [376.2796630859375, 139.30972290039062, -23.84018898010254], [407.1912536621094, 149.42141723632812, -11.059876441955566], [372.96502685546875, 148.2462921142578, -0.013373284600675106]], "pred_body_pose": [[2.8660359382629395, 0.1311555951833725, -0.09806936979293823, -0.7171111702919006, 0.08992867171764374, 0.4382261335849762, -0.871272087097168, -0.1216251477599144, -0.27558884024620056, 0.5173470377922058, -0.02143331803381443, -0.02961275912821293, 1.5642938613891602, -0.021523158997297287, -0.16693511605262756, 1.6366634368896484, -0.07388811558485031, 0.25535091757774353, -0.01578829623758793, -0.045385122299194336, -0.030897606164216995, -0.16776591539382935, 0.14837373793125153, -0.10715699195861816, -0.20125462114810944, -0.14478355646133423, 0.06347312033176422, -0.004179511219263077, -0.030169427394866943, -0.020630070939660072, -0.26645714044570923, -0.0032743781339377165, 0.2759685814380646, -0.24750962853431702, -0.06500109285116196, -0.2395898848772049, -0.2413707971572876, -0.11969448626041412, 0.05628529563546181, -0.0021981869358569384, -0.03851162642240524, -0.3159043490886688, -0.1268431693315506, -0.036646608263254166, 0.10920275002717972, -0.05079129338264465, -0.012803604826331139, 0.07416946440935135, -0.06388861685991287, -0.06234849616885185, -0.5648015141487122, -0.35024315118789673, 0.1758599877357483, 0.25160521268844604, -0.28330153226852417, -0.6202974915504456, 0.19381655752658844, -0.483139306306839, 1.383316159248352, -0.5929847955703735, 0.04165201261639595, -0.030218245461583138, 0.11404862999916077, 0.015294903889298439, 0.07078934460878372, -0.20081369578838348, -0.18793636560440063, -0.10466305911540985, -0.23684248328208923, -0.1590190827846527, 0.10299289226531982, 0.2534870505332947]], "pred_rotmat": [[[[0.9936099052429199, 0.09870404750108719, -0.05474403500556946], [0.0804217979311943, -0.9594367146492004, -0.2702101469039917], [-0.07919427007436752, 0.26408085227012634, -0.9612438082695007]], [[0.9057523012161255, -0.4182519316673279, -0.06839676946401596], [0.3575119078159332, 0.66738361120224, 0.6532872915267944], [-0.22759176790714264, -0.6161690950393677, 0.7540143132209778]], [[0.9577527046203613, 0.287515789270401, 0.00667588971555233], [-0.18884262442588806, 0.6112130284309387, 0.7686073184013367], [0.2169063240289688, -0.7373963594436646, 0.6396861672401428]], [[0.9993467330932617, 0.022881871089339256, -0.02797515317797661], [-0.03372400254011154, 0.868720293045044, -0.4941536486148834], [0.012995420955121517, 0.4947742223739624, 0.8689244389533997]], [[0.9885259866714478, 0.09246725589036942, -0.11944116652011871], [-0.1197390928864479, -0.002339220605790615, -0.992802619934082], [-0.09208112955093384, 0.9957129955291748, 0.008759564720094204]], [[0.9720566272735596, -0.2012353539466858, 0.12087302654981613], [0.10559353232383728, -0.08504468202590942, -0.990766167640686], [0.20965677499771118, 0.975844144821167, -0.06141909584403038]], [[0.9984931945800781, 0.03123898059129715, -0.045116592198610306], [-0.030522620305418968, 0.9993981719017029, 0.016480665653944016], [0.04560428112745285, -0.015078754164278507, 0.9988457560539246]], [[0.9833372235298157, 0.09367723017930984, 0.15579663217067719], [-0.11844169348478317, 0.9802875518798828, 0.15813873708248138], [-0.13791149854660034, -0.1739565134048462, 0.9750485420227051]], [[0.9875724911689758, -0.048292700201272964, -0.14956067502498627], [0.07727237045764923, 0.9778551459312439, 0.1944950520992279], [0.13685598969459534, -0.20363487303256989, 0.9694345593452454]], [[0.9993321895599365, 0.020688461139798164, -0.03011951968073845], [-0.02056238241493702, 0.9997785091400146, 0.0044897329062223434], [0.030205734074115753, -0.0038674056995660067, 0.9995362758636475]], [[0.9623799920082092, -0.26881828904151917, -0.03951284661889076], [0.2696801722049713, 0.9273189306259155, 0.25952303409576416], [-0.03312354162335396, -0.260415643453598, 0.964928150177002]], [[0.9695000648498535, 0.24267491698265076, -0.034329917281866074], [-0.22675061225891113, 0.9412729740142822, 0.25017866492271423], [0.09302591532468796, -0.23476390540599823, 0.967590868473053]], [[0.9913076758384705, -0.04122291877865791, -0.12493900209665298], [0.0699317529797554, 0.9694794416427612, 0.2349875271320343], [0.11143892258405685, -0.24168214201927185, 0.9639351963996887]], [[0.9497866630554199, 0.3106406033039093, -0.037520524114370346], [-0.31055667996406555, 0.9505195617675781, 0.008193093352019787], [0.03820909932255745, 0.00387055822648108, 0.9992623329162598]], [[0.9933820962905884, -0.10635070502758026, -0.04337644204497337], [0.11098770797252655, 0.9860270023345947, 0.1242273673415184], [0.029558677226305008, -0.12821950018405914, 0.9913051724433899]], [[0.9971694350242615, -0.07374265044927597, -0.014668305404484272], [0.07439251989126205, 0.9959623217582703, 0.050247032195329666], [0.010903730057179928, -0.05119601637125015, 0.998629093170166]], [[0.8429072499275208, 0.5364599823951721, -0.04145001620054245], [-0.5325839519500732, 0.8428125977516174, 0.07759620249271393], [0.07656185328960419, -0.043330781161785126, 0.9961228370666504]], [[0.9537295699119568, -0.27285194396972656, 0.1263003647327423], [0.21236351132392883, 0.9086809158325195, 0.3594449758529663], [-0.21284200251102448, -0.31599169969558716, 0.9245796799659729]], [[0.797530472278595, -0.0937378779053688, -0.5959516167640686], [0.2622312009334564, 0.9435141682624817, 0.20252375304698944], [0.5433046221733093, -0.3177959620952606, 0.7770622968673706]], [[0.08444119244813919, 0.10499073565006256, 0.9908818006515503], [-0.6452529430389404, 0.763529360294342, -0.02591388113796711], [-0.7592881321907043, -0.6371811628341675, 0.13221891224384308]], [[0.9930489659309387, -0.11437980085611343, -0.027767380699515343], [0.11312277615070343, 0.9926386475563049, -0.043264348059892654], [0.03251153975725174, 0.03982249274849892, 0.9986777305603027]], [[0.9774173498153687, 0.1998312622308731, 0.06872302293777466], [-0.19875265657901764, 0.979796826839447, -0.0222597848623991], [-0.07178280502557755, 0.00809821579605341, 0.9973874092102051]], [[0.9667606353759766, 0.2425736039876938, -0.08082001656293869], [-0.22307083010673523, 0.9546813368797302, 0.19703520834445953], [0.12495291233062744, -0.17245730757713318, 0.9770594239234924]], [[0.9628797173500061, -0.2573978900909424, 0.08129535615444183], [0.24115628004074097, 0.9556009769439697, 0.1693231463432312], [-0.1212693527340889, -0.14343294501304626, 0.9822019338607788]]]], "pred_betas": [[0.013510717079043388, 0.3292134404182434, 0.6404648423194885, 0.6070089936256409, 0.297954797744751, 0.12940333783626556, -0.41196268796920776, 0.3349732756614685, 0.7381004095077515, -0.0015288367867469788]], "pred_camera": [1.202015995979309, -0.02821224182844162, 0.3365800976753235]}