{"pred_joints_img": [[381.01800537109375, 147.03878784179688, -33.45763397216797], [389.09747314453125, 180.64825439453125, 0.4417727589607239], [345.7052917480469, 191.29397583007812, 12.277813911437988], [289.5835876464844, 212.96368408203125, 21.08724594116211], [258.1983642578125, 174.93618774414062, -14.369035720825195], [426.97833251953125, 208.54966735839844, 0.6532365083694458], [461.33050537109375, 260.7959289550781, 2.142009973526001], [494.44805908203125, 256.4386901855469, -46.79248046875], [371.7772216796875, 300.681640625, 6.195362567901611], [353.6048889160156, 320.5953674316406, 2.589545726776123], [306.03759765625, 353.1986389160156, -68.83317565917969], [333.1178283691406, 434.5423278808594, -26.604108810424805], [385.6059875488281, 323.92333984375, 0.10937444120645523], [421.6485900878906, 372.4906921386719, -66.03363037109375], [414.91192626953125, 447.9859619140625, -7.983872890472412], [377.2646484375, 139.49929809570312, -21.39810562133789], [392.1101379394531, 139.83123779296875, -27.358905792236328], [375.7088928222656, 148.36209106445312, 2.076958417892456], [408.5288391113281, 149.0569305419922, -10.948317527770996], [429.7114562988281, 474.44921875, -44.22378158569336], [440.11859130859375, 470.8127746582031, -27.8134765625], [412.4573059082031, 449.85382080078125, 8.762247085571289], [314.7065734863281, 455.3944396972656, -65.15402221679688], [305.88275146484375, 455.4158935546875, -46.51313781738281], [339.81768798828125, 441.383544921875, -11.772684097290039], [333.1178283691406, 434.5423278808594, -26.604108810424805], [306.03759765625, 353.1986389160156, -68.83317565917969], [340.47869873046875, 293.3290710449219, 14.764484405517578], [404.3268737792969, 297.70306396484375, 7.348940372467041], [421.6485900878906, 372.4906921386719, -66.03363037109375], [414.91192626953125, 447.9859619140625, -7.983872890472412], [258.1983642578125, 174.93618774414062, -14.369035720825195], [289.5835876464844, 212.96368408203125, 21.08724594116211], [345.7052917480469, 191.29397583007812, 12.277813911437988], [426.97833251953125, 208.54966735839844, 0.6532365083694458], [461.33050537109375, 260.7959289550781, 2.142009973526001], [494.44805908203125, 256.4386901855469, -46.79248046875], [388.859619140625, 180.8551788330078, -0.5473443269729614], [394.2228088378906, 116.23228454589844, -1.8485047817230225], [372.76446533203125, 297.4206237792969, 15.349187850952148], [387.7413024902344, 194.16162109375, 5.1357035636901855], [379.9512634277344, 238.2125244140625, 14.182509422302246], [388.0876770019531, 158.39767456054688, -18.860313415527344], [393.3233337402344, 131.62294006347656, -1.7293492555618286], [381.01800537109375, 147.03878784179688, -33.45763397216797], [392.1101379394531, 139.83123779296875, -27.358905792236328], [377.2646484375, 139.49929809570312, -21.39810562133789], [408.5288391113281, 149.0569305419922, -10.948317527770996], [375.7088928222656, 148.36209106445312, 2.076958417892456]], "pred_body_pose": [[2.8296635150909424, 0.14792490005493164, -0.11572529375553131, -0.6219093799591064, 0.09424397349357605, 0.45432546734809875, -0.836776852607727, -0.15697090327739716, -0.29260963201522827, 0.5315879583358765, -0.0129657918587327, -0.039332080632448196, 1.5024949312210083, -0.03220314905047417, -0.13672129809856415, 1.6288425922393799, -0.1015138104557991, 0.2570779025554657, -0.006807548459619284, -0.01453978382050991, -0.03700505942106247, -0.17059728503227234, 0.13288870453834534, -0.08676021546125412, -0.209876149892807, -0.11582738906145096, 0.0574987530708313, 0.0005905961152166128, -0.008176684379577637, -0.010104433633387089, -0.2722911238670349, 0.045844826847314835, 0.21666552126407623, -0.23012219369411469, -0.0854620710015297, -0.21998330950737, -0.20147345960140228, -0.17413341999053955, 0.02990778349339962, -0.034587446600198746, 0.01697251759469509, -0.2470996081829071, -0.08060889691114426, -0.037590391933918, 0.1316889226436615, -0.0721297413110733, -0.06980720907449722, 0.11932302266359329, -0.17552168667316437, -0.11038415133953094, -0.5199847221374512, -0.2939758002758026, 0.09128440916538239, 0.3591439723968506, -0.39985495805740356, -1.160067081451416, 0.44069769978523254, -0.4279302656650543, 1.2333636283874512, -0.51814866065979, -0.03017268516123295, -0.04323906451463699, 0.19335497915744781, 0.02218581922352314, 0.05506117641925812, -0.21565352380275726, -0.16258548200130463, -0.10434354096651077, -0.23247146606445312, -0.14817902445793152, 0.10241097211837769, 0.24007472395896912]], "pred_rotmat": [[[[0.9914311766624451, 0.11396283656358719, -0.06384897977113724], [0.08939972519874573, -0.9483200311660767, -0.3044615387916565], [-0.0952465608716011, 0.2961445748806, -0.9503822922706604]], [[0.8976468443870544, -0.437953919172287, -0.049259550869464874], [0.382224977016449, 0.7179937362670898, 0.5817121863365173], [-0.21939510107040405, -0.5410003662109375, 0.8119017481803894]], [[0.9484941959381104, 0.3160135746002197, -0.022234341129660606], [-0.1932988315820694, 0.632921576499939, 0.749697208404541], [0.25098708271980286, -0.7067854404449463, 0.661407470703125]], [[0.9991625547409058, 0.03412935510277748, -0.02256898768246174], [-0.04086005315184593, 0.8612677454948425, -0.506506085395813], [0.0021512170787900686, 0.5070040822029114, 0.8619409799575806]], [[0.991870641708374, 0.07049224525690079, -0.10594038665294647], [-0.11036466807126999, 0.062138158828020096, -0.991946816444397], [-0.06334159523248672, 0.9955751299858093, 0.06941287219524384]], [[0.9697381258010864, -0.22058966755867004, 0.10463323444128036], [0.08959006518125534, -0.07715857774019241, -0.9929854273796082], [0.2271157205104828, 0.972309947013855, -0.0550609715282917]], [[0.9992097020149231, 0.03704451397061348, -0.014409900642931461], [-0.036945536732673645, 0.999292254447937, 0.007074688095599413], [0.014661779627203941, -0.006536715663969517, 0.9998711347579956]], [[0.9874634742736816, 0.07469327002763748, 0.13905663788318634], [-0.09726133942604065, 0.9817673563957214, 0.1633191555738449], [-0.12432242184877396, -0.17479653656482697, 0.9767241477966309]], [[0.9916812181472778, -0.04482486844062805, -0.12066111713647842], [0.06901142746210098, 0.9764426350593567, 0.20444375276565552], [0.10865449160337448, -0.21107003092765808, 0.971413254737854]], [[0.999915599822998, 0.010101737454533577, -0.0081794373691082], [-0.010106559842824936, 0.9999487400054932, -0.0005492697237059474], [0.008173470385372639, 0.0006318892701528966, 0.9999664425849915]], [[0.9757278561592102, -0.21842212975025177, 0.015712883323431015], [0.20606663823127747, 0.9400757551193237, 0.27165064215660095], [-0.07410582154989243, -0.2618192136287689, 0.9622676372528076]], [[0.9724031090736389, 0.2257658988237381, -0.058839667588472366], [-0.20627661049365997, 0.94978266954422, 0.23529285192489624], [0.10900600999593735, -0.2166622281074524, 0.9701418280601501]], [[0.9844846725463867, -0.012114218436181545, -0.17505164444446564], [0.04698802903294563, 0.9793807864189148, 0.19648239016532898], [0.16906198859214783, -0.20165926218032837, 0.964754581451416]], [[0.9694863557815552, 0.2442399561405182, 0.0210471972823143], [-0.24482393264770508, 0.9690345525741577, 0.03214199095964432], [-0.012545105069875717, -0.03631408512592316, 0.9992615580558777]], [[0.990642249584198, -0.12962348759174347, -0.04272886738181114], [0.13264724612236023, 0.9881051778793335, 0.07780014723539352], [0.03213588893413544, -0.08273997157812119, 0.9960529208183289]], [[0.9904638528823853, -0.11632759869098663, -0.07381933927536011], [0.12135258316993713, 0.99029940366745, 0.0676814466714859], [0.06523001939058304, -0.07599418610334396, 0.9949724078178406]], [[0.8623669147491455, 0.5026856064796448, -0.0602535605430603], [-0.48381152749061584, 0.8532958626747131, 0.19445419311523438], [0.14916345477104187, -0.13853949308395386, 0.9790592193603516]], [[0.9326120615005493, -0.35906997323036194, 0.0361054353415966], [0.3327312171459198, 0.8942901492118835, 0.29922422766685486], [-0.13973116874694824, -0.2670466899871826, 0.9534995555877686]], [[0.33309078216552734, -0.12515467405319214, -0.9345516562461853], [0.5269177556037903, 0.8466518521308899, 0.07441964745521545], [0.7819259762763977, -0.5172203779220581, 0.34795814752578735]], [[0.24293705821037292, 0.1405521184206009, 0.9598054885864258], [-0.5870861411094666, 0.8089632987976074, 0.030134720727801323], [-0.772212028503418, -0.5708094239234924, 0.27904337644577026]], [[0.9804377555847168, -0.19141307473182678, -0.04585745930671692], [0.19271333515644073, 0.9809157848358154, 0.025804834440350533], [0.04004291817545891, -0.03413737565279007, 0.9986147284507751]], [[0.9753339886665344, 0.21446803212165833, 0.05222092941403389], [-0.21325154602527618, 0.9765985012054443, -0.027913639321923256], [-0.056985463947057724, 0.016088929027318954, 0.998245358467102]], [[0.967781126499176, 0.23736564815044403, -0.08400710672140121], [-0.22052966058254242, 0.9600669145584106, 0.1721573919057846], [0.12151668965816498, -0.1480846107006073, 0.9814807772636414]], [[0.9661929607391357, -0.24401739239692688, 0.08322644233703613], [0.22895579040050507, 0.9605013728141785, 0.15816549956798553], [-0.11853424459695816, -0.13376322388648987, 0.9838988780975342]]]], "pred_betas": [[0.08621492981910706, 0.3570081889629364, 0.865220844745636, 0.6328703165054321, 0.3608333170413971, 0.10592935979366302, -0.30145663022994995, 0.28910863399505615, 0.7233296036720276, -0.08185179531574249]], "pred_camera": [1.175742506980896, -0.008393455296754837, 0.31765246391296387]}