{"pred_joints_img": [[385.61883544921875, 146.5995635986328, -29.561649322509766], [391.381103515625, 181.0496063232422, 5.287258148193359], [345.70355224609375, 195.5552978515625, 17.741493225097656], [305.51995849609375, 239.0062713623047, 37.36429977416992], [257.7781677246094, 248.87705993652344, -1.5164234638214111], [430.354736328125, 207.370361328125, 3.444194793701172], [478.27447509765625, 245.7530517578125, -15.06049633026123], [501.5249938964844, 201.0579833984375, -49.20885467529297], [367.9826965332031, 302.0145263671875, 6.528528213500977], [347.7342529296875, 320.6552429199219, 2.381342887878418], [282.7302551269531, 339.982177734375, -63.10789108276367], [296.83056640625, 432.0872802734375, -32.1453742980957], [380.1407165527344, 326.23828125, -1.7650843858718872], [422.02239990234375, 372.6874084472656, -69.39214324951172], [413.4903869628906, 452.5504150390625, -13.090876579284668], [380.57208251953125, 138.93055725097656, -17.50037384033203], [396.27569580078125, 138.99098205566406, -22.30634117126465], [376.9422607421875, 148.0057373046875, 6.390167713165283], [411.71685791015625, 148.17410278320312, -4.212421417236328], [432.253662109375, 477.2952880859375, -50.793975830078125], [441.0421447753906, 474.3300476074219, -32.67273712158203], [409.588623046875, 455.75885009765625, 3.6519997119903564], [269.03875732421875, 444.09722900390625, -70.30721282958984], [262.7986145019531, 445.1802978515625, -50.065650939941406], [304.2390441894531, 442.1109619140625, -18.974761962890625], [296.83056640625, 432.0872802734375, -32.1453742980957], [282.7302551269531, 339.982177734375, -63.10789108276367], [337.0889587402344, 292.5706481933594, 17.382740020751953], [401.5942687988281, 301.2569580078125, 6.952406406402588], [422.02239990234375, 372.6874084472656, -69.39214324951172], [413.4903869628906, 452.5504150390625, -13.090876579284668], [257.7781677246094, 248.87705993652344, -1.5164234638214111], [305.51995849609375, 239.0062713623047, 37.36429977416992], [345.70355224609375, 195.5552978515625, 17.741493225097656], [430.354736328125, 207.370361328125, 3.444194793701172], [478.27447509765625, 245.7530517578125, -15.06049633026123], [501.5249938964844, 201.0579833984375, -49.20885467529297], [391.0506286621094, 181.27020263671875, 4.240170001983643], [395.8759765625, 114.80935668945312, 3.965991497039795], [369.687255859375, 299.2646789550781, 16.37375831604004], [389.66314697265625, 195.36141967773438, 9.433063507080078], [381.5958251953125, 240.39111328125, 17.93375587463379], [391.66571044921875, 158.15945434570312, -13.96853256225586], [395.16473388671875, 130.58587646484375, 3.9704740047454834], [385.61883544921875, 146.5995635986328, -29.561649322509766], [396.27569580078125, 138.99098205566406, -22.30634117126465], [380.57208251953125, 138.93055725097656, -17.50037384033203], [411.71685791015625, 148.17410278320312, -4.212421417236328], [376.9422607421875, 148.0057373046875, 6.390167713165283]], "pred_body_pose": [[2.7616007328033447, 0.25211697816848755, -0.15882977843284607, -0.6076273322105408, 0.1370558738708496, 0.5822727680206299, -0.8411512970924377, -0.19112010300159454, -0.45132702589035034, 0.5431277751922607, 0.006127371918410063, -0.06112371385097504, 1.5090405941009521, -0.052392080426216125, -0.1168665885925293, 1.570687174797058, -0.0706808939576149, 0.23437973856925964, 0.007091449573636055, 0.009808361530303955, 0.012942366302013397, -0.19752167165279388, 0.13800360262393951, -0.12375521659851074, -0.20718683302402496, -0.10546088963747025, 0.09201863408088684, 0.00549407908692956, -0.0057775950990617275, 0.023486092686653137, -0.262376070022583, 0.08806479722261429, 0.2490117996931076, -0.2425743192434311, -0.1004505455493927, -0.23343339562416077, -0.21219861507415771, -0.046663038432598114, 0.05089830234646797, -0.08252650499343872, 0.0033999267034232616, -0.1441386491060257, 0.007667421363294125, -0.015795210376381874, 0.29439201951026917, -0.04652444273233414, -0.09070383012294769, 0.1009683907032013, -0.3983638882637024, -0.26229631900787354, -0.2826439440250397, -0.04776713624596596, 0.012221462093293667, 0.6401687860488892, -0.49943774938583374, -1.33497953414917, 0.6284691095352173, -0.14203259348869324, 1.0102099180221558, -0.3581431806087494, 0.09479959309101105, -0.04442165791988373, 0.214860200881958, 0.05988688766956329, 0.0378393679857254, -0.14349953830242157, -0.1696126013994217, -0.10029774159193039, -0.21781861782073975, -0.1582183837890625, 0.10034671425819397, 0.21343152225017548]], "pred_rotmat": [[[[0.9777370691299438, 0.19493034482002258, -0.07766818255186081], [0.15421922504901886, -0.9185560941696167, -0.3639660179615021], [-0.14229059219360352, 0.3438851535320282, -0.9281683564186096]], [[0.8316674828529358, -0.5534150004386902, -0.04539911076426506], [0.47506096959114075, 0.6668158173561096, 0.57417231798172], [-0.28748267889022827, -0.49908775091171265, 0.817474901676178]], [[0.889080286026001, 0.45756790041923523, 0.012961553409695625], [-0.3091094195842743, 0.5792508125305176, 0.7542677521705627], [0.33762070536613464, -0.6746110320091248, 0.6564390063285828]], [[0.9981597065925598, 0.059748243540525436, -0.010363033041357994], [-0.0565023347735405, 0.8543198108673096, -0.5166673064231873], [-0.0220166202634573, 0.5163019895553589, 0.8561235070228577]], [[0.9932511448860168, 0.04451468214392662, -0.10710100829601288], [-0.10957426577806473, 0.057430122047662735, -0.9923180341720581], [-0.03802189975976944, 0.9973565340042114, 0.061920199543237686]], [[0.975836992263794, -0.19217590987682343, 0.10397344082593918], [0.1026538535952568, -0.01683827117085457, -0.9945746064186096], [0.19288399815559387, 0.9812160730361938, 0.00329618901014328]], [[0.9998681545257568, -0.012906910851597786, 0.009853735566139221], [0.012976464815437794, 0.9998910427093506, -0.007027607876807451], [-0.009761958383023739, 0.007154548075050116, 0.9999266862869263]], [[0.9829245805740356, 0.10870109498500824, 0.1484697163105011], [-0.1357935518026352, 0.9730006456375122, 0.18662771582603455], [-0.12417448312044144, -0.20360220968723297, 0.9711471796035767]], [[0.9902562499046326, -0.08019459992647171, -0.11384845525026321], [0.10193111002445221, 0.9744366407394409, 0.2002078741788864], [0.0948825255036354, -0.20986178517341614, 0.9731162786483765]], [[0.9997075200080872, -0.02349955588579178, -0.005712488666176796], [0.023467818275094032, 0.9997090697288513, -0.005561359226703644], [0.005841516889631748, 0.0054256729781627655, 0.9999681711196899]], [[0.9655198454856873, -0.25471943616867065, 0.05375271663069725], [0.23187901079654694, 0.9353281855583191, 0.2671954035758972], [-0.11833629012107849, -0.24551835656166077, 0.9621419906616211]], [[0.9680400490760803, 0.24071963131427765, -0.07037446647882462], [-0.21660248935222626, 0.9439136981964111, 0.24921926856040955], [0.12641939520835876, -0.22601093351840973, 0.9658867120742798]], [[0.9976258277893066, -0.0455465205013752, -0.0516546256840229], [0.0554073266685009, 0.9762891530990601, 0.2092592567205429], [0.040898822247982025, -0.21162448823451996, 0.9764949083328247]], [[0.9896301627159119, 0.14333662390708923, 0.009318273514509201], [-0.14361654222011566, 0.9862384796142578, 0.08190297335386276], [0.0025496536400169134, -0.0823919028043747, 0.9965968728065491]], [[0.9568560123443604, -0.29020318388938904, -0.014446781948208809], [0.2900829613208771, 0.9569506645202637, -0.009864946827292442], [0.016687696799635887, 0.0052485684864223, 0.9998469948768616]], [[0.9908048510551453, -0.09851595759391785, -0.09273765236139297], [0.10272867232561111, 0.9938310384750366, 0.041793715208768845], [0.08804821223020554, -0.05093623325228691, 0.9948130249977112]], [[0.9275414347648621, 0.31930503249168396, -0.19419363141059875], [-0.21746490895748138, 0.8837337493896484, 0.41439539194107056], [0.3039340376853943, -0.3421386182308197, 0.889137327671051]], [[0.8019631505012512, -0.5973640084266663, -0.003372534876689315], [0.5968000292778015, 0.8009331226348877, 0.048331499099731445], [-0.02617032267153263, -0.040772806853055954, 0.99882572889328]], [[0.11449986696243286, -0.13223272562026978, -0.98458331823349], [0.6745925545692444, 0.7379013299942017, -0.020652344450354576], [0.729256272315979, -0.6618278622627258, 0.17369280755519867]], [[0.4794233441352844, 0.22731424868106842, 0.8476329445838928], [-0.35735321044921875, 0.9327342510223389, -0.04801643267273903], [-0.8015310168266296, -0.27988412976264954, 0.528406023979187]], [[0.9760451912879944, -0.21491596102714539, -0.033863991498947144], [0.2107248157262802, 0.9725551009178162, -0.09864913672208786], [0.054135873913764954, 0.08915004879236221, 0.9945458769798279]], [[0.9890115857124329, 0.14401842653751373, 0.0333903506398201], [-0.14175716042518616, 0.9879364967346191, -0.062340766191482544], [-0.04196576401591301, 0.05692240968346596, 0.9974963068962097]], [[0.9714537858963013, 0.2231450080871582, -0.08052181452512741], [-0.20625519752502441, 0.9621664881706238, 0.17802931368350983], [0.11720174551010132, -0.15633922815322876, 0.980725109577179]], [[0.9723751544952393, -0.2184591144323349, 0.08223200589418411], [0.20268885791301727, 0.9649435877799988, 0.16673687100410461], [-0.11577443033456802, -0.14546328783035278, 0.9825664162635803]]]], "pred_betas": [[0.03469278663396835, 0.2624022662639618, 0.6564708948135376, 0.48992300033569336, 0.13503803312778473, 0.08108944445848465, -0.19236460328102112, 0.259916216135025, 0.543708324432373, 0.0015907436609268188]], "pred_camera": [1.208966612815857, -0.04673973098397255, 0.32825160026550293]}