{"pred_joints_img": [[379.4679870605469, 148.83413696289062, -35.74974822998047], [387.7509460449219, 181.97219848632812, -1.5327017307281494], [345.5785217285156, 191.75572204589844, 13.952509880065918], [290.0046691894531, 210.90725708007812, 29.185775756835938], [263.4578552246094, 166.0523681640625, -1.7755603790283203], [425.3166198730469, 210.81285095214844, -2.051314353942871], [457.55889892578125, 263.6561279296875, 6.304554462432861], [496.3645935058594, 283.66839599609375, -33.597511291503906], [371.1957702636719, 301.6725158691406, 6.250632286071777], [353.3659973144531, 321.9021911621094, 3.5445189476013184], [306.95428466796875, 355.8828125, -67.65987396240234], [334.1939392089844, 436.01788330078125, -23.770553588867188], [385.32525634765625, 324.73602294921875, 0.6815124750137329], [420.460693359375, 372.1793518066406, -66.4333724975586], [414.32025146484375, 447.1064453125, -7.9558515548706055], [375.71624755859375, 141.00973510742188, -23.938230514526367], [390.5622253417969, 141.57005310058594, -29.845430374145508], [374.05841064453125, 149.3163604736328, -0.2934710681438446], [406.84283447265625, 150.48291015625, -13.236409187316895], [428.1555480957031, 474.18017578125, -43.9511833190918], [438.9542236328125, 470.24920654296875, -27.942441940307617], [412.0356140136719, 448.8736572265625, 8.841041564941406], [316.6201171875, 458.3493347167969, -61.6063232421875], [307.60455322265625, 457.95062255859375, -43.111454010009766], [340.9803161621094, 442.3310546875, -8.764510154724121], [334.1939392089844, 436.01788330078125, -23.770553588867188], [306.95428466796875, 355.8828125, -67.65987396240234], [339.8319396972656, 294.5990295410156, 15.078485488891602], [403.6715087890625, 298.1321716308594, 6.930055141448975], [420.460693359375, 372.1793518066406, -66.4333724975586], [414.32025146484375, 447.1064453125, -7.9558515548706055], [263.4578552246094, 166.0523681640625, -1.7755603790283203], [290.0046691894531, 210.90725708007812, 29.185775756835938], [345.5785217285156, 191.75572204589844, 13.952509880065918], [425.3166198730469, 210.81285095214844, -2.051314353942871], [457.55889892578125, 263.6561279296875, 6.304554462432861], [496.3645935058594, 283.66839599609375, -33.597511291503906], [387.5832214355469, 182.155029296875, -2.2115426063537598], [392.6671447753906, 117.44595336914062, -4.854887008666992], [372.2102966308594, 298.095458984375, 15.322748184204102], [386.7237548828125, 195.43099975585938, 4.152798175811768], [378.8345947265625, 239.18356323242188, 13.131782531738281], [386.4327697753906, 159.8934326171875, -20.889158248901367], [391.7357177734375, 132.81475830078125, -4.408912181854248], [379.4679870605469, 148.83413696289062, -35.74974822998047], [390.5622253417969, 141.57005310058594, -29.845430374145508], [375.71624755859375, 141.00973510742188, -23.938230514526367], [406.84283447265625, 150.48291015625, -13.236409187316895], [374.05841064453125, 149.3163604736328, -0.2934710681438446]], "pred_body_pose": [[2.8628392219543457, 0.1291799247264862, -0.1403878629207611, -0.6637303233146667, 0.09956115484237671, 0.44636282324790955, -0.8599960207939148, -0.13751177489757538, -0.2803519070148468, 0.511073112487793, -0.01889561302959919, -0.04483518376946449, 1.521087884902954, -0.030280789360404015, -0.1509062796831131, 1.6305218935012817, -0.09283366799354553, 0.26407676935195923, -0.013757046312093735, -0.030090173706412315, -0.038567692041397095, -0.16727837920188904, 0.14294537901878357, -0.10370612889528275, -0.1910412758588791, -0.1325458437204361, 0.07127420604228973, 0.00759316049516201, -0.023105798289179802, -0.02092716656625271, -0.2674115300178528, 0.015611047856509686, 0.25665709376335144, -0.2571244537830353, -0.07688652724027634, -0.24240337312221527, -0.21480850875377655, -0.1451667845249176, 0.04718483239412308, -0.01516351755708456, 0.04985891655087471, -0.2874628007411957, -0.09545858949422836, -0.11014098674058914, 0.12870880961418152, -0.05371318385004997, -0.04660242795944214, 0.09795990586280823, -0.12951403856277466, -0.040541164577007294, -0.5342610478401184, -0.31384965777397156, 0.08424645662307739, 0.34016019105911255, -0.36509478092193604, -0.8346502184867859, 0.3318338692188263, -0.44540151953697205, 1.3481168746948242, -0.5922272205352783, 0.023720065131783485, -0.03272191435098648, 0.12284200638532639, 0.004962058737874031, 0.06282934546470642, -0.16752345860004425, -0.17447690665721893, -0.10388673841953278, -0.23081611096858978, -0.14791257679462433, 0.10127779096364975, 0.23938705027103424]], "pred_rotmat": [[[[0.9913206696510315, 0.10135488957166672, -0.08372881263494492], [0.07502622902393341, -0.9591475129127502, -0.27277642488479614], [-0.10795552283525467, 0.26412704586982727, -0.9584270119667053]], [[0.9009645581245422, -0.43086618185043335, -0.051158607006073], [0.368285596370697, 0.6970594525337219, 0.6152023077011108], [-0.22940929234027863, -0.5731164216995239, 0.7867076992988586]], [[0.9545540809631348, 0.29796141386032104, -0.006741255056113005], [-0.18772463500499725, 0.618658185005188, 0.7629033923149109], [0.23148629069328308, -0.7269670963287354, 0.6464774012565613]], [[0.9988421201705933, 0.03816809877753258, -0.029284046962857246], [-0.047614894807338715, 0.8712621331214905, -0.4885028004646301], [0.006868857890367508, 0.48933157324790955, 0.8720706701278687]], [[0.9902899265289307, 0.0797392874956131, -0.1138751432299614], [-0.11749794334173203, 0.04230470210313797, -0.9921717047691345], [-0.07429760694503784, 0.9959176778793335, 0.051263123750686646]], [[0.9689816832542419, -0.21898800134658813, 0.11453705281019211], [0.09914416819810867, -0.08006960898637772, -0.9918463826179504], [0.22637341916561127, 0.9724366664886475, -0.055874601006507874]], [[0.9988038539886475, 0.03875802829861641, -0.02981199324131012], [-0.038344163447618484, 0.9991618394851685, 0.014331256970763206], [0.030342455953359604, -0.013170997612178326, 0.9994528293609619]], [[0.9844825863838196, 0.09078942239284515, 0.15017105638980865], [-0.11458341032266617, 0.9807268381118774, 0.15825791656970978], [-0.1329086273908615, -0.1730092614889145, 0.9759114384651184]], [[0.9887315034866333, -0.05797510966658592, -0.13801778852939606], [0.0831722617149353, 0.9793137907981873, 0.18446330726146698], [0.12446846067905426, -0.19386392831802368, 0.9731003046035767]], [[0.9995141625404358, 0.020835867151618004, -0.023181281983852386], [-0.021011289209127426, 0.9997522234916687, -0.00735010951757431], [0.023022392764687538, 0.007833607494831085, 0.9997043013572693]], [[0.9673191905021667, -0.25287389755249023, -0.01866934262216091], [0.24874694645404816, 0.9320933222770691, 0.2633003294467926], [-0.04918019473552704, -0.2593393623828888, 0.9645333886146545]], [[0.9680154323577881, 0.24693149328231812, -0.04439578205347061], [-0.22737661004066467, 0.9382413625717163, 0.26077398657798767], [0.10604726523160934, -0.24233867228031158, 0.9643785357475281]], [[0.988417387008667, -0.031139101833105087, -0.14853107929229736], [0.06214214488863945, 0.9759550094604492, 0.20892594754695892], [0.1384539008140564, -0.21573606133460999, 0.9665859341621399]], [[0.9577414393424988, 0.2830156981945038, 0.05131671205163002], [-0.28376638889312744, 0.9588614702224731, 0.00783326756209135], [-0.046988677233457565, -0.022064201533794403, 0.9986516833305359]], [[0.9856967329978943, -0.12265889346599579, -0.11557210236787796], [0.1331396996974945, 0.9872012734413147, 0.08779245615005493], [0.10332439839839935, -0.10192395746707916, 0.9894118309020996]], [[0.9941232204437256, -0.09647078812122345, -0.0491163544356823], [0.0989709123969078, 0.9937669038772583, 0.05130230262875557], [0.04386104270815849, -0.05586189776659012, 0.9974745512008667]], [[0.8600586652755737, 0.5101726055145264, -0.004789094440639019], [-0.5050535798072815, 0.8526831865310669, 0.13361243903636932], [0.07224899530410767, -0.1124958023428917, 0.9910220503807068]], [[0.9397208094596863, -0.3407299518585205, 0.028770899400115013], [0.31477320194244385, 0.8948554992675781, 0.31646716594696045], [-0.13357561826705933, -0.28833451867103577, 0.9481669664382935]], [[0.6272484064102173, -0.14143826067447662, -0.7658685445785522], [0.423028826713562, 0.8875362277030945, 0.18255428969860077], [0.6539158821105957, -0.4384913742542267, 0.6165381669998169]], [[0.11354513466358185, 0.1392749547958374, 0.9837225079536438], [-0.6302688121795654, 0.7754926681518555, -0.03704574704170227], [-0.7680290341377258, -0.6158032417297363, 0.1758340746164322]], [[0.9919307827949524, -0.12288744002580643, -0.031175903975963593], [0.12211236357688904, 0.9921845197677612, -0.02566101774573326], [0.03408566489815712, 0.02164699323475361, 0.9991844296455383]], [[0.9840368628501892, 0.16678589582443237, 0.062079887837171555], [-0.16647495329380035, 0.9859930872917175, -0.010184266604483128], [-0.06290893256664276, -0.00031305314041674137, 0.9980192184448242]], [[0.9682172536849976, 0.23618924617767334, -0.08228010684251785], [-0.21820573508739471, 0.9584695100784302, 0.18363678455352783], [0.12223600596189499, -0.15984630584716797, 0.9795445799827576]], [[0.9664693474769592, -0.2432689219713211, 0.08220217376947403], [0.22839996218681335, 0.960702121257782, 0.1577497124671936], [-0.11734739691019058, -0.13368529081344604, 0.9840517640113831]]]], "pred_betas": [[0.042598530650138855, 0.30890029668807983, 0.7369484305381775, 0.5955454111099243, 0.3069259226322174, 0.11540733277797699, -0.37390202283859253, 0.34329041838645935, 0.6960809230804443, -0.03234804421663284]], "pred_camera": [1.1756644248962402, -0.021140633150935173, 0.32067734003067017]}