{"pred_joints_img": [[375.5437316894531, 148.4741668701172, -32.507232666015625], [380.1224365234375, 182.45660400390625, 2.9894156455993652], [336.4173889160156, 194.83004760742188, 13.383456230163574], [276.79736328125, 203.41839599609375, -1.5731545686721802], [282.16644287109375, 145.6652374267578, -23.71282196044922], [420.2739562988281, 210.91757202148438, -1.384437918663025], [444.4852294921875, 269.7771911621094, 3.8307924270629883], [462.689208984375, 320.8248596191406, -23.398406982421875], [371.1490173339844, 306.106689453125, 6.356484889984131], [354.0323486328125, 327.2958068847656, 1.4932682514190674], [315.97149658203125, 360.1978759765625, -77.05980682373047], [331.0968933105469, 441.8287353515625, -26.701753616333008], [386.72735595703125, 329.13665771484375, 1.7197221517562866], [430.4526062011719, 374.8503112792969, -63.753456115722656], [414.7496337890625, 451.90447998046875, -6.920694351196289], [370.54791259765625, 140.20968627929688, -21.013439178466797], [386.3730163574219, 141.44264221191406, -25.132368087768555], [365.490478515625, 148.47312927246094, 2.9526588916778564], [400.4982604980469, 150.8828887939453, -6.1082844734191895], [432.57763671875, 478.62164306640625, -42.88340377807617], [442.0563049316406, 475.1787414550781, -25.38178253173828], [410.7050476074219, 453.7511901855469, 9.81915283203125], [318.58856201171875, 463.6434326171875, -68.15676879882812], [306.03289794921875, 462.46014404296875, -51.19711685180664], [334.9432678222656, 448.5068054199219, -10.555889129638672], [331.0968933105469, 441.8287353515625, -26.701753616333008], [315.97149658203125, 360.1978759765625, -77.05980682373047], [338.2214660644531, 300.0439453125, 12.546407699584961], [403.9013977050781, 301.3316955566406, 10.517597198486328], [430.4526062011719, 374.8503112792969, -63.753456115722656], [414.7496337890625, 451.90447998046875, -6.920694351196289], [282.16644287109375, 145.6652374267578, -23.71282196044922], [276.79736328125, 203.41839599609375, -1.5731545686721802], [336.4173889160156, 194.83004760742188, 13.383456230163574], [420.2739562988281, 210.91757202148438, -1.384437918663025], [444.4852294921875, 269.7771911621094, 3.8307924270629883], [462.689208984375, 320.8248596191406, -23.398406982421875], [380.2946472167969, 182.87966918945312, 1.488142728805542], [386.08929443359375, 116.35914611816406, 0.24930855631828308], [371.1778259277344, 302.4942932128906, 15.90273380279541], [379.6205139160156, 196.658935546875, 5.776017665863037], [374.6110534667969, 241.47149658203125, 14.806564331054688], [380.37225341796875, 159.95697021484375, -16.462186813354492], [384.6294860839844, 132.1084442138672, 0.6422412991523743], [375.5437316894531, 148.4741668701172, -32.507232666015625], [386.3730163574219, 141.44264221191406, -25.132368087768555], [370.54791259765625, 140.20968627929688, -21.013439178466797], [400.4982604980469, 150.8828887939453, -6.1082844734191895], [365.490478515625, 148.47312927246094, 2.9526588916778564]], "pred_body_pose": [[2.847978115081787, 0.06302376836538315, -0.0074814725667238235, -0.6725155711174011, 0.12081870436668396, 0.4376377761363983, -0.8680264949798584, -0.07886304706335068, -0.2976737320423126, 0.5175256729125977, -0.036056339740753174, -0.0007210342446342111, 1.5467804670333862, 0.007639635819941759, -0.16861413419246674, 1.6560951471328735, -0.042689960449934006, 0.21530137956142426, -0.017234433442354202, -0.07140296697616577, -0.026861265301704407, -0.1794169396162033, 0.10204515606164932, -0.0529712475836277, -0.2254181057214737, -0.11279276758432388, 0.059196587651968, -0.020467331632971764, -0.03420234099030495, -0.025601545348763466, -0.24935004115104675, 0.04556313157081604, 0.19110581278800964, -0.21512927114963531, -0.06876799464225769, -0.20503085851669312, -0.19661644101142883, -0.1049509271979332, 7.733070378890261e-05, 0.028384938836097717, -0.11961653083562851, -0.32902875542640686, -0.16019925475120544, 0.05251995474100113, 0.055118754506111145, -0.05399924889206886, 0.0061596957966685295, 0.03170207142829895, 0.030932383611798286, -0.09827601909637451, -0.7110772132873535, -0.4447691738605499, 0.36602944135665894, 0.19262471795082092, -0.06673427671194077, -0.43051812052726746, 0.07101252675056458, -0.49014338850975037, 1.507751226425171, -0.6674901843070984, 0.08187404274940491, -0.018307378515601158, 0.07991494238376617, 0.0797327309846878, 0.08030430227518082, -0.24173672497272491, -0.20288197696208954, -0.10747671872377396, -0.23135758936405182, -0.16750535368919373, 0.1019858866930008, 0.2662639319896698]], "pred_rotmat": [[[[0.9990284442901611, 0.04405289143323898, 0.0012485187035053968], [0.04253627359867096, -0.9564504027366638, -0.2887791693210602], [-0.011527410708367825, 0.2885517179965973, -0.9573950171470642]], [[0.902470052242279, -0.42961618304252625, -0.031269580125808716], [0.3527250587940216, 0.6953766345977783, 0.6261281371116638], [-0.24725061655044556, -0.5760914087295532, 0.7790929675102234]], [[0.9558439254760742, 0.28921252489089966, 0.052139151841402054], [-0.22546173632144928, 0.6078951358795166, 0.7613346576690674], [0.18849238753318787, -0.739472508430481, 0.6462592482566833]], [[0.9993641376495361, -0.008433530107140541, -0.03464306518435478], [-0.00981177855283022, 0.8690599799156189, -0.49460938572883606], [0.034278206527233124, 0.49463483691215515, 0.868424654006958]], [[0.9884071350097656, 0.113163061439991, -0.10121965408325195], [-0.10354600101709366, 0.014857102185487747, -0.9945136308670044], [-0.11103839427232742, 0.9934653043746948, 0.026402447372674942]], [[0.9810177683830261, -0.15609338879585266, 0.11506127566099167], [0.10038138180971146, -0.09889746457338333, -0.9900217056274414], [0.1659151017665863, 0.982778787612915, -0.08135130256414413]], [[0.99709153175354, 0.027448872104287148, -0.07109883427619934], [-0.026218906044960022, 0.9994910359382629, 0.018175365403294563], [0.0715615376830101, -0.016258368268609047, 0.9973037242889404]], [[0.993415355682373, 0.043451521545648575, 0.1060086116194725], [-0.06169098988175392, 0.9825679659843445, 0.17536960542201996], [-0.09654057770967484, -0.1807546466588974, 0.9787786602973938]], [[0.9919320344924927, -0.045895494520664215, -0.11817152798175812], [0.07117927819490433, 0.9729926586151123, 0.2195880264043808], [0.10490191727876663, -0.2262277454137802, 0.9684094190597534]], [[0.9990875720977783, 0.02594192512333393, -0.03392760083079338], [-0.025242023169994354, 0.999462902545929, 0.020897412672638893], [0.034451499581336975, -0.020021943375468254, 0.9992057681083679]], [[0.9808627963066101, -0.19354525208473206, 0.021175017580389977], [0.18227918446063995, 0.9510645866394043, 0.24950037896633148], [-0.06842842698097229, -0.24086587131023407, 0.9681431651115417]], [[0.9767974019050598, 0.20920585095882416, -0.04582289978861809], [-0.19452621042728424, 0.9561822414398193, 0.21880383789539337], [0.08959008753299713, -0.20481327176094055, 0.9746923446655273]], [[0.9945154786109924, 0.010198213160037994, -0.10409178584814072], [0.01035159733146429, 0.9807508587837219, 0.1949886977672577], [0.10407664626836777, -0.19499677419662476, 0.9752663373947144]], [[0.9393434524536133, 0.3206245005130768, -0.12179397791624069], [-0.3239850699901581, 0.9460254907608032, -0.008327719755470753], [0.11255014687776566, 0.04728201776742935, 0.9925203919410706]], [[0.9971092939376831, -0.059025999158620834, 0.047841574996709824], [0.05063440278172493, 0.9856866002082825, 0.16080419719219208], [-0.056648436933755875, -0.15791696310043335, 0.9858260154724121]], [[0.9994787573814392, -0.03184740990400314, 0.005299970507621765], [0.03151490166783333, 0.9980401396751404, 0.05406123399734497], [-0.007011293899267912, -0.05386602133512497, 0.9985235929489136]], [[0.7532504796981812, 0.649999737739563, -0.10056846588850021], [-0.6529111266136169, 0.7574172019958496, 0.005124581977725029], [0.07950326055288315, 0.06180217117071152, 0.9949169158935547]], [[0.9170566201210022, -0.25992551445961, 0.302400141954422], [0.10207048058509827, 0.8861048817634583, 0.4521057903766632], [-0.3854720890522003, -0.38374048471450806, 0.8391390442848206]], [[0.9063413143157959, -0.05459541827440262, -0.4190044403076172], [0.08286228030920029, 0.995328426361084, 0.0495486855506897], [0.41434192657470703, -0.07962767779827118, 0.9066311717033386]], [[-0.05557931214570999, 0.09678943455219269, 0.9937518239021301], [-0.670624852180481, 0.733748733997345, -0.10897286981344223], [-0.739711582660675, -0.6724913120269775, 0.024128148332238197]], [[0.9966429471969604, -0.08048485219478607, -0.014998621307313442], [0.07898765057325363, 0.9934624433517456, -0.0824216678738594], [0.021534264087677002, 0.08096027374267578, 0.996484637260437]], [[0.9677494764328003, 0.24205908179283142, 0.0697740912437439], [-0.23569414019584656, 0.9677948951721191, -0.08843813836574554], [-0.0889342650771141, 0.06914060562849045, 0.9936349391937256]], [[0.9677482843399048, 0.23808911442756653, -0.08232167363166809], [-0.21647639572620392, 0.9530739784240723, 0.21163177490234375], [0.12884585559368134, -0.186985582113266, 0.9738763570785522]], [[0.959720253944397, -0.2699015140533447, 0.07803939282894135], [0.25297343730926514, 0.9509719610214233, 0.17792335152626038], [-0.12223506718873978, -0.1510147601366043, 0.9809449911117554]]]], "pred_betas": [[0.021262899041175842, 0.23690509796142578, 0.5724115967750549, 0.7634778022766113, 0.34776413440704346, 0.17743465304374695, -0.22864526510238647, 0.22485876083374023, 0.8041956424713135, -0.11749322712421417]], "pred_camera": [1.2054519653320312, 0.013447470031678677, 0.3506266474723816]}