{"pred_joints_img": [[368.7124328613281, 150.20420837402344, -42.34297180175781], [372.42266845703125, 182.51959228515625, -4.844326496124268], [327.936279296875, 200.9853515625, 1.1732828617095947], [282.80621337890625, 241.10629272460938, -15.239845275878906], [273.4183044433594, 188.38446044921875, -47.8469123840332], [415.4901428222656, 206.69044494628906, -1.0670490264892578], [442.91229248046875, 264.3836364746094, 6.657310962677002], [472.8126220703125, 303.1820068359375, -30.09427261352539], [372.4736633300781, 304.5873718261719, 6.499521732330322], [357.85430908203125, 326.8931579589844, -1.4747672080993652], [322.0668029785156, 360.7154541015625, -81.95043182373047], [329.1814270019531, 444.3603515625, -30.855287551879883], [390.36090087890625, 326.4563293457031, 4.254759311676025], [459.4250793457031, 352.6130065917969, -50.878082275390625], [448.47857666015625, 444.6636962890625, -18.5080623626709], [362.80377197265625, 141.86729431152344, -31.217914581298828], [378.9227294921875, 142.5482940673828, -34.676902770996094], [356.8879089355469, 149.72219848632812, -7.1423163414001465], [392.8287353515625, 150.89894104003906, -14.650993347167969], [481.47613525390625, 458.81170654296875, -51.54841232299805], [484.429931640625, 458.69927978515625, -31.320707321166992], [440.06707763671875, 451.668701171875, -4.942834377288818], [319.19049072265625, 464.8916015625, -74.16398620605469], [305.43505859375, 463.9200744628906, -57.726158142089844], [331.5549621582031, 451.1953125, -14.444303512573242], [329.1814270019531, 444.3603515625, -30.855287551879883], [322.0668029785156, 360.7154541015625, -81.95043182373047], [338.35107421875, 300.46142578125, 7.59846305847168], [403.53790283203125, 297.63311767578125, 17.39120101928711], [459.4250793457031, 352.6130065917969, -50.878082275390625], [448.47857666015625, 444.6636962890625, -18.5080623626709], [273.4183044433594, 188.38446044921875, -47.8469123840332], [282.80621337890625, 241.10629272460938, -15.239845275878906], [327.936279296875, 200.9853515625, 1.1732828617095947], [415.4901428222656, 206.69044494628906, -1.0670490264892578], [442.91229248046875, 264.3836364746094, 6.657310962677002], [472.8126220703125, 303.1820068359375, -30.09427261352539], [372.6598205566406, 183.08883666992188, -6.292819023132324], [376.6621398925781, 116.81892395019531, -9.910432815551758], [370.4612121582031, 301.1451416015625, 16.777788162231445], [372.3711242675781, 197.5701904296875, -0.9271851181983948], [370.5238037109375, 240.78518676757812, 12.991377830505371], [373.2835693359375, 161.232421875, -25.6778507232666], [375.6817321777344, 132.55746459960938, -9.073190689086914], [368.7124328613281, 150.20420837402344, -42.34297180175781], [378.9227294921875, 142.5482940673828, -34.676902770996094], [362.80377197265625, 141.86729431152344, -31.217914581298828], [392.8287353515625, 150.89894104003906, -14.650993347167969], [356.8879089355469, 149.72219848632812, -7.1423163414001465]], "pred_body_pose": [[2.824544668197632, -0.07261787354946136, 0.21653784811496735, -0.8011654615402222, 0.16625109314918518, 0.6031731367111206, -0.8207135796546936, -0.09699491411447525, -0.4569297134876251, 0.6012659072875977, -0.031543832272291183, -0.006050819531083107, 1.4543780088424683, 0.07286124676465988, -0.18384864926338196, 1.622999906539917, -0.023885469883680344, 0.1922397017478943, 0.022371778264641762, -0.08615186810493469, 0.008365296758711338, -0.1566717028617859, 0.08642400056123734, -0.10994555056095123, -0.2253343164920807, -0.06059837341308594, 0.0712495744228363, -0.02977537177503109, -0.044234659522771835, -0.015911638736724854, -0.24738018214702606, 0.0924636572599411, 0.24653644859790802, -0.23123471438884735, -0.14952732622623444, -0.19724141061306, -0.2229870706796646, -0.11941439658403397, -0.01885676011443138, 0.04105019196867943, -0.1292107254266739, -0.31674516201019287, -0.10227356106042862, 0.05823737010359764, 0.17336200177669525, -0.09706535190343857, -0.08084817975759506, 0.007003570906817913, -0.07881299406290054, -0.1832762062549591, -0.7184622883796692, -0.36769071221351624, 0.3389224410057068, 0.49243274331092834, -0.21920104324817657, -0.6382672190666199, 0.2187158316373825, -0.4749200642108917, 1.6701385974884033, -0.7347531318664551, 0.0802164226770401, -0.010162620805203915, 0.12750458717346191, -0.04470417648553848, 0.059007517993450165, -0.23684518039226532, -0.18918733298778534, -0.10677558928728104, -0.22797343134880066, -0.13585558533668518, 0.10281316190958023, 0.23728421330451965]], "pred_rotmat": [[[[0.9873139262199402, -0.07303708046674728, 0.14098520576953888], [-0.02673191949725151, -0.9517109990119934, -0.3058292269706726], [0.15651406347751617, 0.29818063974380493, -0.9415899515151978]], [[0.8205556869506836, -0.5655876994132996, -0.0824556052684784], [0.4434746503829956, 0.538993775844574, 0.7161116600036621], [-0.3605808913707733, -0.6241765022277832, 0.6930981874465942]], [[0.8987737894058228, 0.4289132356643677, 0.09076958149671555], [-0.35505086183547974, 0.5906486511230469, 0.7246192693710327], [0.25718584656715393, -0.6834965944290161, 0.6831455230712891]], [[0.9994996786117554, -0.0035082795657217503, -0.031436819583177567], [-0.01489181537181139, 0.8246176242828369, -0.5654945969581604], [0.02790726162493229, 0.565679669380188, 0.8241528272628784]], [[0.9837134480476379, 0.16872279345989227, -0.061972253024578094], [-0.08046430349349976, 0.1050635352730751, -0.9912049770355225], [-0.160727858543396, 0.9800481200218201, 0.1169285774230957]], [[0.985059380531311, -0.13280776143074036, 0.10963673144578934], [0.10193943977355957, -0.06345337629318237, -0.9927648305892944], [0.13880372047424316, 0.9891085028648376, -0.04896699637174606]], [[0.996256411075592, -0.009317201562225819, -0.08594363927841187], [0.007391113787889481, 0.9997149705886841, -0.022702088579535484], [0.08613065630197525, 0.02198188379406929, 0.9960412979125977]], [[0.9902573227882385, 0.10239391028881073, 0.09437120705842972], [-0.11588443070650101, 0.9817501902580261, 0.15078909695148468], [-0.07720907032489777, -0.16025616228580475, 0.9840511679649353]], [[0.9956473112106323, -0.06375116854906082, -0.06798671931028366], [0.07733847945928574, 0.9722122550010681, 0.22095735371112823], [0.05201122537255287, -0.22525358200073242, 0.9729109406471252]], [[0.9988952875137329, 0.016561808064579964, -0.04397501423954964], [-0.015245050191879272, 0.9994302988052368, 0.03011183999478817], [0.04444866254925728, -0.029408177360892296, 0.9985787272453308]], [[0.9657105803489685, -0.2525210678577423, 0.060301393270492554], [0.22989507019519806, 0.9396719336509705, 0.253307968378067], [-0.12062910944223404, -0.23075918853282928, 0.9655044674873352]], [[0.9696604609489441, 0.2106146514415741, -0.12409710139036179], [-0.17636802792549133, 0.9542530179023743, 0.241444393992424], [0.16927176713943481, -0.212232306599617, 0.9624471068382263]], [[0.9927313923835754, 0.03189791366457939, -0.11604686826467514], [-0.005412501748651266, 0.9750946164131165, 0.2217234969139099], [0.12022917717695236, -0.21948377788066864, 0.9681797027587891]], [[0.9420651197433472, 0.3078896701335907, -0.13310664892196655], [-0.31314152479171753, 0.9494962692260742, -0.019981030374765396], [0.12023231387138367, 0.060504648834466934, 0.9909003376960754]], [[0.9833380579948425, -0.1750633716583252, 0.04897936433553696], [0.16912901401519775, 0.9798169136047363, 0.10655643790960312], [-0.06664493680000305, -0.09649717807769775, 0.993099570274353]], [[0.9967116117477417, -0.0030663530342280865, -0.0809720978140831], [0.01090344786643982, 0.9952709078788757, 0.09652385860681534], [0.0802932009100914, -0.09708932787179947, 0.9920315146446228]], [[0.7376134991645813, 0.6606062650680542, -0.13973447680473328], [-0.6468186974525452, 0.750680148601532, 0.1345541924238205], [0.1937832534313202, -0.008866113610565662, 0.9810042977333069]], [[0.8285355567932129, -0.512785017490387, 0.2249007225036621], [0.39319831132888794, 0.8187819719314575, 0.4183194935321808], [-0.3986526131629944, -0.2581619918346405, 0.8800161480903625]], [[0.7817763090133667, -0.133757084608078, -0.6090441942214966], [0.26789578795433044, 0.9540344476699829, 0.13435105979442596], [0.5630787014961243, -0.268192857503891, 0.7816745042800903]], [[-0.22636577486991882, 0.07839654386043549, 0.9708823561668396], [-0.6627557873725891, 0.7180503010749817, -0.2125055491924286], [-0.7138019800186157, -0.6915618777275085, -0.11058425158262253]], [[0.9918351769447327, -0.12742754817008972, -0.005019779317080975], [0.12661390006542206, 0.9886754751205444, -0.0805586650967598], [0.015228327363729477, 0.07926534116268158, 0.9967372417449951]], [[0.9703637361526489, 0.23310978710651398, 0.06367067992687225], [-0.23573417961597443, 0.971101701259613, 0.03729476034641266], [-0.05313693359494209, -0.05119884014129639, 0.9972738027572632]], [[0.9685745239257812, 0.2342413365840912, -0.08363235741853714], [-0.21420714259147644, 0.956479549407959, 0.1981467455625534], [0.12640680372714996, -0.17400525510311127, 0.9765979051589966]], [[0.9667999148368835, -0.2408583015203476, 0.0853532925248146], [0.22698958218097687, 0.962884783744812, 0.14604318141937256], [-0.11736109852790833, -0.12182022631168365, 0.9855892658233643]]]], "pred_betas": [[0.07563258707523346, 0.21384450793266296, 0.4952057898044586, 0.585394024848938, 0.19535499811172485, 0.1249021664261818, -0.042548418045043945, 0.1856597512960434, 0.609319806098938, -0.13587704300880432]], "pred_camera": [1.2230554819107056, -0.009751930832862854, 0.336172491312027]}