{"pred_joints_img": [[368.0014953613281, 151.09764099121094, -42.324283599853516], [372.5464172363281, 182.56942749023438, -4.047394275665283], [328.1053161621094, 199.09255981445312, 3.689765691757202], [279.2640686035156, 235.87464904785156, -10.247235298156738], [275.34747314453125, 180.7403564453125, -39.83552932739258], [414.60943603515625, 208.74942016601562, -2.2326672077178955], [438.551513671875, 268.1019287109375, 5.883575916290283], [460.7734069824219, 315.0771179199219, -26.38848114013672], [369.76727294921875, 305.1101989746094, 6.360793113708496], [354.59686279296875, 327.23211669921875, -1.6121995449066162], [319.78497314453125, 360.4988708496094, -82.95741271972656], [331.9016418457031, 442.44036865234375, -29.933584213256836], [387.4260559082031, 327.2779235839844, 3.2405617237091064], [451.2318115234375, 355.98419189453125, -56.983177185058594], [430.50982666015625, 444.0193176269531, -18.538715362548828], [362.29656982421875, 142.40269470214844, -31.38932228088379], [378.3971252441406, 143.17796325683594, -35.15796661376953], [357.013671875, 149.56564331054688, -6.995936393737793], [392.664306640625, 150.93505859375, -15.131452560424805], [459.0135192871094, 463.2913818359375, -52.959983825683594], [463.44989013671875, 462.70428466796875, -33.15807342529297], [422.6638488769531, 448.9534912109375, -3.997081995010376], [323.21844482421875, 465.5101318359375, -72.11190795898438], [309.5873107910156, 464.83001708984375, -55.771583557128906], [334.69219970703125, 448.36907958984375, -13.281352043151855], [331.9016418457031, 442.44036865234375, -29.933584213256836], [319.78497314453125, 360.4988708496094, -82.95741271972656], [335.6451110839844, 300.7766418457031, 8.342276573181152], [401.4455261230469, 298.80657958984375, 16.28834342956543], [451.2318115234375, 355.98419189453125, -56.983177185058594], [430.50982666015625, 444.0193176269531, -18.538715362548828], [275.34747314453125, 180.7403564453125, -39.83552932739258], [279.2640686035156, 235.87464904785156, -10.247235298156738], [328.1053161621094, 199.09255981445312, 3.689765691757202], [414.60943603515625, 208.74942016601562, -2.2326672077178955], [438.551513671875, 268.1019287109375, 5.883575916290283], [460.7734069824219, 315.0771179199219, -26.38848114013672], [372.66357421875, 183.27267456054688, -5.709582328796387], [376.5615234375, 116.628662109375, -10.961403846740723], [368.1590881347656, 301.9608459472656, 16.589303970336914], [372.1976013183594, 197.66983032226562, -0.267778217792511], [369.1853942871094, 241.17384338378906, 13.655538558959961], [372.93182373046875, 161.6167755126953, -25.49656867980957], [375.65570068359375, 132.4441375732422, -9.67102336883545], [368.0014953613281, 151.09764099121094, -42.324283599853516], [378.3971252441406, 143.17796325683594, -35.15796661376953], [362.29656982421875, 142.40269470214844, -31.38932228088379], [392.664306640625, 150.93505859375, -15.131452560424805], [357.013671875, 149.56564331054688, -6.995936393737793]], "pred_body_pose": [[2.804203987121582, -0.04828893020749092, 0.1776086539030075, -0.7924871444702148, 0.16447676718235016, 0.5450355410575867, -0.8196898698806763, -0.09643682092428207, -0.40835556387901306, 0.6173684000968933, -0.03194442018866539, -0.014544853940606117, 1.5614670515060425, 0.0724579468369484, -0.20126475393772125, 1.6709930896759033, -0.04422314837574959, 0.20728881657123566, 0.02938736043870449, -0.09145256876945496, 0.0011144910240545869, -0.1684221625328064, 0.05587966367602348, -0.0730995312333107, -0.19722169637680054, -0.04478561505675316, 0.06805247068405151, -0.032634131610393524, -0.04718315601348877, -0.02005911059677601, -0.2545274794101715, 0.10587024688720703, 0.19424261152744293, -0.2481684535741806, -0.14878137409687042, -0.1742427945137024, -0.19421622157096863, -0.11548379808664322, -0.0015154959401115775, 0.047283709049224854, -0.13924160599708557, -0.3262476623058319, -0.10990208387374878, 0.037075579166412354, 0.15006881952285767, -0.09266955405473709, -0.06576267629861832, 0.02129722572863102, -0.036916784942150116, -0.18257662653923035, -0.7429150342941284, -0.36875778436660767, 0.325446218252182, 0.4845574200153351, -0.12978163361549377, -0.5481863021850586, 0.1500401347875595, -0.4533645510673523, 1.7314037084579468, -0.7721590399742126, 0.09979111701250076, -0.006225761026144028, 0.09656576812267303, -0.041197389364242554, 0.060673099011182785, -0.23157145082950592, -0.19409894943237305, -0.10642640292644501, -0.2256336212158203, -0.13991576433181763, 0.10560241341590881, 0.24406012892723083]], "pred_rotmat": [[[[0.9916542172431946, -0.053920622915029526, 0.11710906773805618], [-0.012799234129488468, -0.9450279474258423, -0.3267389237880707], [0.12828931212425232, 0.3225131034851074, -0.9378311038017273]], [[0.8503992557525635, -0.5227314233779907, -0.05977505445480347], [0.40240535140037537, 0.5730063319206238, 0.713956356048584], [-0.33895590901374817, -0.6312016844749451, 0.6976341009140015]], [[0.9180198907852173, 0.38985198736190796, 0.07249127328395844], [-0.31623393297195435, 0.60948246717453, 0.7269988059997559], [0.23923978209495544, -0.690323531627655, 0.6828014850616455]], [[0.9994034171104431, 0.004084974527359009, -0.034295704215765], [-0.023185987025499344, 0.8153212666511536, -0.5785443782806396], [0.02559868060052395, 0.5789943337440491, 0.8149295449256897]], [[0.9814817905426025, 0.17348843812942505, -0.08121132105588913], [-0.0819118469953537, -0.0031300983391702175, -0.9966346621513367], [-0.17315877974033356, 0.984830915927887, 0.011138624511659145]], [[0.982370913028717, -0.15127043426036835, 0.10983887314796448], [0.09327396005392075, -0.1125740334391594, -0.9892557263374329], [0.16201017796993256, 0.9820612072944641, -0.0964798629283905]], [[0.9958208203315735, -0.0024555197451263666, -0.09129561483860016], [-0.00022996428015176207, 0.9995679259300232, -0.02939310483634472], [0.09132833778858185, 0.02929125912487507, 0.995389997959137]], [[0.9957799315452576, 0.06796036660671234, 0.06167418882250786], [-0.07734289020299911, 0.9831968545913696, 0.16535405814647675], [-0.04940034821629524, -0.1694263070821762, 0.9843039512634277]], [[0.9966940879821777, -0.06313758343458176, -0.051131803542375565], [0.07193683087825775, 0.9783186912536621, 0.19421029090881348], [0.037761230021715164, -0.1972465217113495, 0.9796263575553894]], [[0.9986860752105713, 0.020816415548324585, -0.046826910227537155], [-0.019277110695838928, 0.9992665648460388, 0.033087123185396194], [0.047481320798397064, -0.03214096277952194, 0.9983549118041992]], [[0.9757617115974426, -0.2039281129837036, 0.0793883204460144], [0.17723560333251953, 0.9492266774177551, 0.2599157691001892], [-0.12836164236068726, -0.23954539000988007, 0.9623623490333557]], [[0.9740003347396851, 0.18923518061637878, -0.12455252557992935], [-0.1526620090007782, 0.954461395740509, 0.2563159167766571], [0.1673845499753952, -0.2306373566389084, 0.9585347175598145]], [[0.9933589696884155, 0.012669414281845093, -0.11435702443122864], [0.009664149954915047, 0.9812189936637878, 0.1926548331975937], [0.11465010792016983, -0.19248054921627045, 0.9745802283287048]], [[0.9377557039260864, 0.31607189774513245, -0.14391981065273285], [-0.3225858211517334, 0.9462407231330872, -0.023808687925338745], [0.1286575347185135, 0.0687532126903534, 0.989302933216095]], [[0.9880881309509277, -0.15120190382003784, 0.028631936758756638], [0.14713943004608154, 0.9827522039413452, 0.11201795190572739], [-0.0450754314661026, -0.10647072643041611, 0.9932935237884521]], [[0.9976135492324829, -0.01820610649883747, -0.06660199165344238], [0.024293525144457817, 0.9954844117164612, 0.09176376461982727], [0.06463058292865753, -0.09316276013851166, 0.9935510158538818]], [[0.7213998436927795, 0.6755896210670471, -0.1521867960691452], [-0.6691726446151733, 0.736619234085083, 0.0979800820350647], [0.17829805612564087, 0.031156418845057487, 0.983483076095581]], [[0.8363051414489746, -0.5046263337135315, 0.21435019373893738], [0.38930779695510864, 0.8218593597412109, 0.4159165620803833], [-0.38604816794395447, -0.2643849551677704, 0.8837801814079285]], [[0.8430126905441284, -0.10710844397544861, -0.5271219611167908], [0.17626069486141205, 0.9808734059333801, 0.08258086442947388], [0.5081947445869446, -0.16252757608890533, 0.8457677364349365]], [[-0.2953895330429077, 0.08518019318580627, 0.9515720009803772], [-0.6510279774665833, 0.7110164761543274, -0.26574063301086426], [-0.699219286441803, -0.697996973991394, -0.15457212924957275]], [[0.9953257441520691, -0.09656523913145065, -0.0013952828012406826], [0.09594494104385376, 0.990373969078064, -0.09977018088102341], [0.01101617980748415, 0.09916994720697403, 0.9950096607208252]], [[0.9714873433113098, 0.22805726528167725, 0.06482486426830292], [-0.2305445820093155, 0.9724743962287903, 0.03380284830927849], [-0.05533153936266899, -0.04778405651450157, 0.9973239302635193]], [[0.9691396951675415, 0.2321380078792572, -0.08294712007045746], [-0.21165217459201813, 0.956075131893158, 0.20278996229171753], [0.12637892365455627, -0.17897586524486542, 0.9757028818130493]], [[0.964906632900238, -0.2477361261844635, 0.08707452565431595], [0.23307153582572937, 0.9607259631156921, 0.15060965716838837], [-0.12096621841192245, -0.12502966821193695, 0.9847511053085327]]]], "pred_betas": [[0.010181102901697159, 0.31403833627700806, 0.6577328443527222, 0.6211852431297302, 0.33454781770706177, 0.1848122775554657, -0.2027224600315094, 0.2481331080198288, 0.7321381568908691, -0.1258242428302765]], "pred_camera": [1.2291253805160522, 0.016491224989295006, 0.3402250409126282]}