{"pred_joints_img": [[367.8575744628906, 146.8365478515625, -38.65084457397461], [372.84857177734375, 180.6435089111328, -1.6483899354934692], [327.7701721191406, 196.35134887695312, 1.8395214080810547], [277.0309143066406, 216.55850219726562, -30.8814697265625], [288.66748046875, 157.79588317871094, -52.351070404052734], [415.39349365234375, 207.89691162109375, -1.3693468570709229], [432.6717529296875, 270.8332214355469, 3.6005241870880127], [434.0264892578125, 315.7971496582031, -39.25969314575195], [369.4497375488281, 305.6339416503906, 6.5752644538879395], [353.3120422363281, 327.76788330078125, -0.656834602355957], [320.08935546875, 359.36151123046875, -84.5598373413086], [333.01654052734375, 446.0328063964844, -37.05965805053711], [386.7288513183594, 328.494140625, 3.1138508319854736], [440.90765380859375, 360.5926513671875, -65.7837905883789], [421.295166015625, 450.257080078125, -27.15212631225586], [362.08770751953125, 138.55856323242188, -27.144590377807617], [378.4024353027344, 139.1358642578125, -30.948328018188477], [356.6509704589844, 146.9596405029297, -2.8229968547821045], [392.86181640625, 147.9003143310547, -10.995556831359863], [444.4422607421875, 469.03350830078125, -66.39222717285156], [452.0245361328125, 469.3457946777344, -47.152320861816406], [415.1980895996094, 455.4920654296875, -11.67108154296875], [324.4821472167969, 465.557861328125, -82.06463623046875], [310.51904296875, 465.9470520019531, -65.60040283203125], [335.66326904296875, 453.7070007324219, -20.83256721496582], [333.01654052734375, 446.0328063964844, -37.05965805053711], [320.08935546875, 359.36151123046875, -84.5598373413086], [335.00299072265625, 300.7352294921875, 9.721232414245605], [402.38470458984375, 299.91461181640625, 15.26571273803711], [440.90765380859375, 360.5926513671875, -65.7837905883789], [421.295166015625, 450.257080078125, -27.15212631225586], [288.66748046875, 157.79588317871094, -52.351070404052734], [277.0309143066406, 216.55850219726562, -30.8814697265625], [327.7701721191406, 196.35134887695312, 1.8395214080810547], [415.39349365234375, 207.89691162109375, -1.3693468570709229], [432.6717529296875, 270.8332214355469, 3.6005241870880127], [434.0264892578125, 315.7971496582031, -39.25969314575195], [372.885009765625, 181.24624633789062, -3.4554882049560547], [376.419677734375, 113.32267761230469, -5.442263126373291], [368.3764343261719, 302.37921142578125, 16.89937400817871], [372.4980773925781, 195.74317932128906, 0.4107655882835388], [369.2957458496094, 240.4525604248047, 13.316215515136719], [372.901611328125, 158.25743103027344, -22.0906925201416], [375.54193115234375, 129.4185791015625, -4.830862045288086], [367.8575744628906, 146.8365478515625, -38.65084457397461], [378.4024353027344, 139.1358642578125, -30.948328018188477], [362.08770751953125, 138.55856323242188, -27.144590377807617], [392.86181640625, 147.9003143310547, -10.995556831359863], [356.6509704589844, 146.9596405029297, -2.8229968547821045]], "pred_body_pose": [[2.8242712020874023, -0.01020113006234169, 0.13530190289020538, -0.8219777941703796, 0.11876612901687622, 0.44947031140327454, -0.8733451962471008, -0.08630473911762238, -0.34809473156929016, 0.6012697219848633, -0.0321228913962841, 0.014735057018697262, 1.5291990041732788, 0.07909172028303146, -0.2006930559873581, 1.6259633302688599, -0.054861657321453094, 0.2212599664926529, -0.0029714549891650677, -0.06289016455411911, -0.0176120325922966, -0.18083593249320984, 0.06121489778161049, -0.06378515809774399, -0.2229398488998413, -0.05759843438863754, 0.04653586819767952, -0.046914637088775635, -0.02630406990647316, -0.02704477496445179, -0.2500019371509552, 0.08179285377264023, 0.20403781533241272, -0.223534494638443, -0.1525670886039734, -0.1781860888004303, -0.21010835468769073, -0.16689328849315643, 0.00798847433179617, 0.02860044315457344, -0.20837406814098358, -0.33098360896110535, -0.15744256973266602, 0.15116380155086517, 0.07444366067647934, -0.07649630308151245, -0.03244990110397339, 0.02158396691083908, 0.08645772933959961, -0.24171248078346252, -0.8377645611763, -0.42366859316825867, 0.4603046774864197, 0.2871662974357605, 0.11446619033813477, -0.7294806838035583, 0.1638866513967514, -0.4167994260787964, 1.6230523586273193, -0.7412895560264587, 0.10850551724433899, -0.025165116414427757, 0.14649271965026855, 0.09418455511331558, 0.06764772534370422, -0.29016461968421936, -0.20887607336044312, -0.11417950689792633, -0.24691954255104065, -0.1825450211763382, 0.10488754510879517, 0.26170873641967773]], "pred_rotmat": [[[[0.9955070614814758, -0.021813636645674706, 0.09214058518409729], [0.0077516380697488785, -0.9510605931282043, -0.30890733003616333], [0.09436965733766556, 0.30823367834091187, -0.9466184377670288]], [[0.8997313380241394, -0.4308723509311676, -0.06951642781496048], [0.3402917981147766, 0.592822253704071, 0.7299063205718994], [-0.27328556776046753, -0.6803754568099976, 0.6800031065940857]], [[0.9403278827667236, 0.33360809087753296, 0.06699999421834946], [-0.2636692523956299, 0.589917004108429, 0.7632014155387878], [0.2150857299566269, -0.7353255152702332, 0.6426776051521301]], [[0.9993941783905029, -0.023228982463479042, -0.025918032974004745], [0.0044913385063409805, 0.8245310187339783, -0.5657988786697388], [0.03451315313577652, 0.5653396844863892, 0.8241358399391174]], [[0.9810052514076233, 0.17927886545658112, -0.07407984137535095], [-0.08053821325302124, 0.029007799923419952, -0.9963293075561523], [-0.17647191882133484, 0.9833705425262451, 0.0428956039249897]], [[0.9793540239334106, -0.16986145079135895, 0.10960286855697632], [0.09898079186677933, -0.06981371343135834, -0.9926373958587646], [0.17626258730888367, 0.9829919934272766, -0.05155932158231735]], [[0.9978680610656738, 0.017692890018224716, -0.0628192126750946], [-0.017506085336208344, 0.999840497970581, 0.0035229530185461044], [0.0628715306520462, -0.0024157240986824036, 0.9980186223983765]], [[0.9961053133010864, 0.0578390397131443, 0.06655023247003555], [-0.06887155026197433, 0.9816769361495972, 0.17767150700092316], [-0.05505448207259178, -0.18156294524669647, 0.9818370938301086]], [[0.9972710013389587, -0.03971802070736885, -0.06223367154598236], [0.05250004678964615, 0.9741851687431335, 0.21956096589565277], [0.05190659686923027, -0.22222904860973358, 0.9736118316650391]], [[0.9992885589599609, 0.027645278722047806, -0.025653976947069168], [-0.02641160599887371, 0.9985342621803284, 0.04724188894033432], [0.02692238986492157, -0.04653071612119675, 0.998553991317749]], [[0.9760615229606628, -0.21042010188102722, 0.05502020940184593], [0.190159872174263, 0.9484128952026367, 0.25367745757102966], [-0.10556070506572723, -0.2371421754360199, 0.9657227993011475]], [[0.9727264642715454, 0.19198769330978394, -0.1301695704460144], [-0.15818101167678833, 0.959497332572937, 0.23311752080917358], [0.1696530282497406, -0.20616918802261353, 0.9636972546577454]], [[0.9861249923706055, 0.009534926153719425, -0.16573023796081543], [0.02532067522406578, 0.9780278205871582, 0.20693133771419525], [0.16406184434890747, -0.2082565724849701, 0.9642162322998047]], [[0.924490213394165, 0.3196232318878174, -0.20774686336517334], [-0.32550686597824097, 0.9455195069313049, 0.006171527784317732], [0.1984012871980667, 0.0619175098836422, 0.9781630635261536]], [[0.9858667254447937, -0.08563276380300522, 0.14399316906929016], [0.061938412487506866, 0.9849020838737488, 0.16165250539779663], [-0.1556619107723236, -0.15044908225536346, 0.9762861728668213]], [[0.999241054058075, -0.0203170794993639, -0.0332350954413414], [0.022797849029302597, 0.9968432188034058, 0.07605239003896713], [0.03158501535654068, -0.07675235718488693, 0.9965498447418213]], [[0.6435697674751282, 0.7248090505599976, -0.245906263589859], [-0.7444036602973938, 0.6674559712409973, 0.0191230196505785], [0.17799215018749237, 0.17074652016162872, 0.9691049456596375]], [[0.8585478663444519, -0.3587374687194824, 0.36633723974227905], [0.17130078375339508, 0.8741112351417542, 0.4545170068740845], [-0.4832717180252075, -0.3274707496166229, 0.811918318271637]], [[0.733573317527771, -0.18849845230579376, -0.6529460549354553], [0.10890336334705353, 0.9809539318084717, -0.1608397662639618], [0.6708280444145203, 0.046879734843969345, 0.7401297688484192]], [[-0.19346745312213898, 0.13721060752868652, 0.9714646935462952], [-0.6443802118301392, 0.7288927435874939, -0.23127803206443787], [-0.7398273348808289, -0.6707374453544617, -0.052601221948862076]], [[0.9889844059944153, -0.14702866971492767, -0.01709808222949505], [0.14430581033229828, 0.9834300875663757, -0.10973215103149414], [0.03294854238629341, 0.10605604201555252, 0.9938141107559204]], [[0.9559741616249084, 0.28862544894218445, 0.052998531609773636], [-0.2823057174682617, 0.9538443684577942, -0.10239419341087341], [-0.08010590076446533, 0.08292440325021744, 0.9933311939239502]], [[0.9633582234382629, 0.25391510128974915, -0.08641805499792099], [-0.23029857873916626, 0.9482114911079407, 0.2187637984752655], [0.13749000430107117, -0.19084595143795013, 0.9719436168670654]], [[0.9606258869171143, -0.266299307346344, 0.07926339656114578], [0.24733196198940277, 0.9495697021484375, 0.19272847473621368], [-0.1265895813703537, -0.165535569190979, 0.9780455827713013]]]], "pred_betas": [[0.11941732466220856, 0.24160659313201904, 0.5925643444061279, 0.6431126594543457, 0.3994543254375458, 0.10118310898542404, -0.29800519347190857, 0.2605411410331726, 0.7704997062683105, -0.15370038151741028]], "pred_camera": [1.2512459754943848, 0.0603274405002594, 0.3607577681541443]}