{"pred_joints_img": [[370.83575439453125, 149.12306213378906, -37.468109130859375], [376.6572570800781, 181.84454345703125, 0.15666931867599487], [331.4128112792969, 195.19036865234375, 8.206961631774902], [275.4056396484375, 210.7305450439453, -17.639814376831055], [286.3095397949219, 150.7521514892578, -35.82844161987305], [417.70867919921875, 211.0165557861328, -3.3294901847839355], [436.36773681640625, 273.6340637207031, -0.18293499946594238], [444.28155517578125, 326.20965576171875, -32.3012580871582], [369.14605712890625, 306.8106384277344, 6.506492614746094], [352.46875, 328.6670837402344, -0.09602685272693634], [320.01251220703125, 362.12872314453125, -83.44439697265625], [333.4654541015625, 446.8826904296875, -33.07722091674805], [385.8604736328125, 329.8753967285156, 2.2230379581451416], [435.5062561035156, 366.7850036621094, -67.5250244140625], [418.786865234375, 454.49139404296875, -23.7828369140625], [365.71417236328125, 140.29344177246094, -26.094894409179688], [381.82513427734375, 141.36456298828125, -30.50567054748535], [361.1390075683594, 147.6162567138672, -1.2350956201553345], [396.86871337890625, 149.60800170898438, -10.848633766174316], [439.0201721191406, 475.643310546875, -63.47238540649414], [448.0923767089844, 474.76141357421875, -44.923606872558594], [413.9144592285156, 458.904541015625, -7.557511806488037], [325.7350158691406, 469.06915283203125, -76.85286712646484], [311.3813781738281, 468.71795654296875, -60.72370147705078], [336.04931640625, 453.65997314453125, -16.422027587890625], [333.4654541015625, 446.8826904296875, -33.07722091674805], [320.01251220703125, 362.12872314453125, -83.44439697265625], [334.9327087402344, 301.38104248046875, 10.958822250366211], [402.23907470703125, 301.5524597167969, 13.50279426574707], [435.5062561035156, 366.7850036621094, -67.5250244140625], [418.786865234375, 454.49139404296875, -23.7828369140625], [286.3095397949219, 150.7521514892578, -35.82844161987305], [275.4056396484375, 210.7305450439453, -17.639814376831055], [331.4128112792969, 195.19036865234375, 8.206961631774902], [417.70867919921875, 211.0165557861328, -3.3294901847839355], [436.36773681640625, 273.6340637207031, -0.18293499946594238], [444.28155517578125, 326.20965576171875, -32.3012580871582], [376.58050537109375, 182.51817321777344, -1.696089506149292], [381.3011474609375, 114.50213623046875, -5.972400188446045], [368.4522705078125, 303.489501953125, 16.66399383544922], [375.8511047363281, 196.7760772705078, 2.424741268157959], [371.211181640625, 241.5157928466797, 14.459653854370117], [376.2879333496094, 159.95297241210938, -20.719449996948242], [380.19451904296875, 130.56224060058594, -4.7445526123046875], [370.83575439453125, 149.12306213378906, -37.468109130859375], [381.82513427734375, 141.36456298828125, -30.50567054748535], [365.71417236328125, 140.29344177246094, -26.094894409179688], [396.86871337890625, 149.60800170898438, -10.848633766174316], [361.1390075683594, 147.6162567138672, -1.2350956201553345]], "pred_body_pose": [[2.8216724395751953, 0.019489675760269165, 0.07751508057117462, -0.767891526222229, 0.11049812287092209, 0.43742790818214417, -0.8565985560417175, -0.07035259157419205, -0.2926732301712036, 0.580923318862915, -0.03528713807463646, -0.008404053747653961, 1.5124157667160034, 0.053098659962415695, -0.17720653116703033, 1.642341136932373, -0.04991419240832329, 0.20989041030406952, 0.003251110203564167, -0.08428818732500076, -0.019182903692126274, -0.17120788991451263, 0.05694306641817093, -0.048012036830186844, -0.20239195227622986, -0.060257647186517715, 0.04693639650940895, -0.04396239295601845, -0.04330405965447426, -0.02946234866976738, -0.22914592921733856, 0.0663219541311264, 0.1786089390516281, -0.21074724197387695, -0.11453914642333984, -0.16248838603496552, -0.17815783619880676, -0.13007716834545135, 0.018271757289767265, 0.035594336688518524, -0.1966172456741333, -0.3324181139469147, -0.16682520508766174, 0.1071641743183136, 0.07403814047574997, -0.050422683358192444, -0.020711202174425125, 0.027250630781054497, 0.04352071136236191, -0.1901489943265915, -0.7797106504440308, -0.44184795022010803, 0.4456884264945984, 0.27541619539260864, 0.012247429229319096, -0.48692598938941956, 0.07796553522348404, -0.4727296829223633, 1.6269581317901611, -0.7522127032279968, 0.09878914803266525, -0.02313302643597126, 0.12336956709623337, 0.08089380711317062, 0.08008023351430893, -0.30226075649261475, -0.20897579193115234, -0.10946128517389297, -0.24177147448062897, -0.17744174599647522, 0.10461124032735825, 0.2745443284511566]], "pred_rotmat": [[[[0.9984368681907654, 0.004848967306315899, 0.05567953363060951], [0.022061964496970177, -0.9495230913162231, -0.31292062997817993], [0.051351651549339294, 0.3136599063873291, -0.948145866394043]], [[0.9047756195068359, -0.4215438961982727, -0.060677818953990936], [0.342155784368515, 0.6346392035484314, 0.6929375529289246], [-0.2535950541496277, -0.6477142572402954, 0.7184397578239441]], [[0.9577244520187378, 0.282204806804657, 0.05589638277888298], [-0.22596876323223114, 0.6176743507385254, 0.7532705068588257], [0.17805081605911255, -0.7340563535690308, 0.6553313136100769]], [[0.9993605017662048, -0.0020259483717381954, -0.03570106625556946], [-0.017900943756103516, 0.8359400629997253, -0.5485288500785828], [0.030955234542489052, 0.5488170981407166, 0.8353692293167114]], [[0.9859537482261658, 0.14913414418697357, -0.0751943364739418], [-0.0832100361585617, 0.048248957842588425, -0.9953633546829224], [-0.144814595580101, 0.9876391887664795, 0.05998069792985916]], [[0.9815850853919983, -0.1586788445711136, 0.10635663568973541], [0.09381388872861862, -0.08456447720527649, -0.9919918775558472], [0.16640211641788483, 0.9837021827697754, -0.06812094897031784]], [[0.9962661266326904, 0.019022060558199883, -0.08421427011489868], [-0.019295915961265564, 0.9998108744621277, -0.002439115196466446], [0.08415193855762482, 0.004054999444633722, 0.9964447617530823]], [[0.9972342252731323, 0.04287317395210266, 0.060710906982421875], [-0.052593983709812164, 0.9842371940612793, 0.16885192692279816], [-0.05251471698284149, -0.17157794535160065, 0.9837698936462402]], [[0.9970943927764893, -0.04049709439277649, -0.06452005356550217], [0.052645258605480194, 0.9785012602806091, 0.19940848648548126], [0.05505749583244324, -0.20222574472427368, 0.977790117263794]], [[0.9986288547515869, 0.030390897765755653, -0.04262295365333557], [-0.02848788909614086, 0.99860018491745, 0.04456580802798271], [0.043917685747146606, -0.04329046979546547, 0.9980967044830322]], [[0.98198401927948, -0.1835196316242218, 0.045031893998384476], [0.16843438148498535, 0.9581069350242615, 0.23164844512939453], [-0.08565741032361984, -0.21989016234874725, 0.9717566967010498]], [[0.9803770184516907, 0.17221000790596008, -0.0959409698843956], [-0.14823958277702332, 0.9648385643959045, 0.21705210208892822], [0.12994608283042908, -0.1985706388950348, 0.9714338779449463]], [[0.9914082288742065, -0.006583013106137514, -0.13063859939575195], [0.029662828892469406, 0.9840283393859863, 0.17552310228347778], [0.1273966133594513, -0.17789015173912048, 0.97576904296875]], [[0.9263501763343811, 0.3206908702850342, -0.19756706058979034], [-0.3276020288467407, 0.9448125958442688, -0.002436676062643528], [0.18588246405124664, 0.06698059290647507, 0.9802863001823425]], [[0.9915487766265869, -0.0823921263217926, 0.10021317005157471], [0.06458107382059097, 0.9834059476852417, 0.16953478753566742], [-0.1125185564160347, -0.16163012385368347, 0.980415940284729]], [[0.9994143843650818, -0.02671177312731743, -0.021385198459029198], [0.02775576151907444, 0.9983580708503723, 0.0501093715429306], [0.020011572167277336, -0.05067359283566475, 0.9985148310661316]], [[0.6949154734611511, 0.6945123672485352, -0.18640033900737762], [-0.7023517489433289, 0.711144208908081, 0.03124082274734974], [0.15425464510917664, 0.10920887440443039, 0.981977105140686]], [[0.8680427074432373, -0.34902435541152954, 0.35310593247413635], [0.15968655049800873, 0.8696813583374023, 0.4670701324939728], [-0.4701085090637207, -0.3490505814552307, 0.8106550574302673]], [[0.8808577656745911, -0.07776376605033875, -0.46695002913475037], [0.07192012667655945, 0.9969483017921448, -0.03035668469965458], [0.46788573265075684, -0.006843183189630508, 0.8837624192237854]], [[-0.1959790140390396, 0.10334810614585876, 0.9751468300819397], [-0.6759553551673889, 0.7061821222305298, -0.21069201827049255], [-0.7104058861732483, -0.7004469633102417, -0.06853816658258438]], [[0.9921391606330872, -0.12398585677146912, -0.01695393957197666], [0.12170542031526566, 0.9875368475914001, -0.09979352355003357], [0.029115626588463783, 0.09694567322731018, 0.994863748550415]], [[0.9515363574028015, 0.3002438247203827, 0.06657557189464569], [-0.29382196068763733, 0.9514713883399963, -0.09149239212274551], [-0.09081477671861649, 0.06749696284532547, 0.9935778379440308]], [[0.965116024017334, 0.24852876365184784, -0.08236854523420334], [-0.22587066888809204, 0.9494215250015259, 0.2181311547756195], [0.1324143260717392, -0.19191722571849823, 0.9724372625350952]], [[0.9572629332542419, -0.2783760726451874, 0.07844974845647812], [0.25999516248703003, 0.9470924139022827, 0.18819810450077057], [-0.12668900191783905, -0.159758523106575, 0.9789928793907166]]]], "pred_betas": [[0.08257903903722763, 0.24642550945281982, 0.5293291807174683, 0.6731061339378357, 0.38876911997795105, 0.16217073798179626, -0.2356795370578766, 0.2509000897407532, 0.8019049167633057, -0.18901154398918152]], "pred_camera": [1.2404731512069702, 0.04833797737956047, 0.35282427072525024]}