{"pred_joints_img": [[367.8428649902344, 148.9861297607422, -40.53489303588867], [372.5538635253906, 181.8006591796875, -2.46736216545105], [327.7428283691406, 197.4215087890625, 4.702517032623291], [274.48272705078125, 223.4833984375, -18.724546432495117], [286.3623046875, 164.60418701171875, -39.98270797729492], [415.1248474121094, 208.72398376464844, -2.6521341800689697], [436.1695556640625, 270.39862060546875, 4.728343486785889], [449.3414306640625, 321.05523681640625, -28.848709106445312], [369.80389404296875, 306.5325622558594, 6.492103576660156], [353.9500732421875, 328.806640625, -0.9956037998199463], [319.0460510253906, 359.72222900390625, -84.86046600341797], [330.1492919921875, 446.3551330566406, -36.29528045654297], [387.35015869140625, 329.17950439453125, 2.8281748294830322], [446.2160949707031, 359.17022705078125, -63.62120819091797], [424.5466613769531, 447.11920166015625, -21.59682846069336], [362.57769775390625, 140.15296936035156, -29.193416595458984], [378.8118591308594, 141.46983337402344, -33.292930603027344], [357.3583984375, 147.68008422851562, -4.522085189819336], [393.3005676269531, 150.2012176513672, -13.37179946899414], [449.32769775390625, 468.5992431640625, -58.385154724121094], [455.65966796875, 467.94293212890625, -38.80527877807617], [417.573974609375, 451.4337158203125, -6.160766124725342], [321.3523864746094, 467.3367614746094, -80.40342712402344], [307.45904541015625, 467.339599609375, -63.88223648071289], [332.8507080078125, 453.4498291015625, -19.751955032348633], [330.1492919921875, 446.3551330566406, -36.29528045654297], [319.0460510253906, 359.72222900390625, -84.86046600341797], [335.299560546875, 301.96527099609375, 9.629612922668457], [402.4736328125, 300.4730529785156, 15.35448169708252], [446.2160949707031, 359.17022705078125, -63.62120819091797], [424.5466613769531, 447.11920166015625, -21.59682846069336], [286.3623046875, 164.60418701171875, -39.98270797729492], [274.48272705078125, 223.4833984375, -18.724546432495117], [327.7428283691406, 197.4215087890625, 4.702517032623291], [415.1248474121094, 208.72398376464844, -2.6521341800689697], [436.1695556640625, 270.39862060546875, 4.728343486785889], [449.3414306640625, 321.05523681640625, -28.848709106445312], [372.69256591796875, 182.4385986328125, -4.240974426269531], [378.2767333984375, 114.89511108398438, -8.361883163452148], [368.6021728515625, 303.3642883300781, 16.861148834228516], [372.2937927246094, 196.802001953125, 0.5387206673622131], [369.3547668457031, 241.4417724609375, 13.916213035583496], [372.79119873046875, 160.1546173095703, -23.749988555908203], [376.8349914550781, 130.9376983642578, -7.296448230743408], [367.8428649902344, 148.9861297607422, -40.53489303588867], [378.8118591308594, 141.46983337402344, -33.292930603027344], [362.57769775390625, 140.15296936035156, -29.193416595458984], [393.3005676269531, 150.2012176513672, -13.37179946899414], [357.3583984375, 147.68008422851562, -4.522085189819336]], "pred_body_pose": [[2.8112502098083496, -0.026468243449926376, 0.13411645591259003, -0.8119479417800903, 0.1422843486070633, 0.49925053119659424, -0.8619711399078369, -0.0755668506026268, -0.3780151605606079, 0.6070778965950012, -0.034443825483322144, 0.003954517189413309, 1.5922590494155884, 0.07143164426088333, -0.20544284582138062, 1.6390645503997803, -0.04442226514220238, 0.21001704037189484, 0.013215071521699429, -0.08429541438817978, -0.008356055244803429, -0.1607508361339569, 0.052597690373659134, -0.08009301126003265, -0.18956917524337769, -0.05235360935330391, 0.06754761189222336, -0.03655457869172096, -0.042434386909008026, -0.0280928798019886, -0.26227790117263794, 0.09504001587629318, 0.20992174744606018, -0.25111326575279236, -0.14674189686775208, -0.1849782019853592, -0.19157014787197113, -0.13351884484291077, -0.008662661537528038, 0.04462191462516785, -0.16705182194709778, -0.32401636242866516, -0.1439526081085205, 0.08136025071144104, 0.09107250720262527, -0.09435184299945831, -0.04747452586889267, -0.001377089531160891, 0.021810218691825867, -0.19298996031284332, -0.7989754676818848, -0.4069913923740387, 0.41054704785346985, 0.36079585552215576, 0.0009411233477294445, -0.5568244457244873, 0.125459685921669, -0.40021494030952454, 1.7685322761535645, -0.8032404780387878, 0.11760944873094559, -0.015971023589372635, 0.10130859911441803, 0.03451923280954361, 0.0763564333319664, -0.26070958375930786, -0.2041049599647522, -0.10812080651521683, -0.23126646876335144, -0.1600937396287918, 0.10523415356874466, 0.25389477610588074]], "pred_rotmat": [[[[0.9954069256782532, -0.033594533801078796, 0.08964589983224869], [-0.0029815025627613068, -0.946831464767456, -0.3217163383960724], [0.09568745642900467, 0.3199714124202728, -0.9425827860832214]], [[0.8753634691238403, -0.47890976071357727, -0.06621328741312027], [0.3720514476299286, 0.5798317790031433, 0.7248259782791138], [-0.308733731508255, -0.6591209769248962, 0.6857426166534424]], [[0.9310563206672668, 0.3545129597187042, 0.08634053170681], [-0.2940745949745178, 0.5890033841133118, 0.7527252435684204], [0.21599596738815308, -0.7262201309204102, 0.6526485681533813]], [[0.999417245388031, -0.013852134346961975, -0.031196333467960358], [-0.006421556230634451, 0.8213289380073547, -0.5704187750816345], [0.03352396935224533, 0.570286750793457, 0.8207613229751587]], [[0.9810176491737366, 0.17339091002941132, -0.08683311194181442], [-0.0821186751127243, -0.03419453650712967, -0.9960357546806335], [-0.17567278444766998, 0.9842592477798462, -0.019306812435388565]], [[0.9817511439323425, -0.15545232594013214, 0.10954111069440842], [0.09778296202421188, -0.08139113336801529, -0.9918739795684814], [0.1631048023700714, 0.9844846725463867, -0.0647052526473999]], [[0.9964144229888916, 0.0077891782857477665, -0.08424736559391022], [-0.008902465924620628, 0.9998778700828552, -0.012846915051341057], [0.08413700014352798, 0.013550860807299614, 0.9963620901107788]], [[0.9954226613044739, 0.07541108131408691, 0.058709949254989624], [-0.08384155482053757, 0.9839191436767578, 0.15771393477916718], [-0.045872464776039124, -0.16191436350345612, 0.9857379794120789]], [[0.9963613748550415, -0.06211742013692856, -0.05835656821727753], [0.07200632244348526, 0.9798232913017273, 0.18644416332244873], [0.04559769853949547, -0.1899677962064743, 0.9807309508323669]], [[0.9987055063247681, 0.028849834576249123, -0.041893333196640015], [-0.027299169450998306, 0.9989376068115234, 0.03712652623653412], [0.04291992262005806, -0.03593480959534645, 0.9984320402145386]], [[0.9737186431884766, -0.2180204838514328, 0.06587059795856476], [0.19334577023983002, 0.9441424608230591, 0.26685670018196106], [-0.12037146091461182, -0.247107595205307, 0.9614824652671814]], [[0.9723998308181763, 0.19957982003688812, -0.12085721641778946], [-0.16309435665607452, 0.9518422484397888, 0.25960853695869446], [0.16684962809085846, -0.2327321618795395, 0.9581215977668762]], [[0.9910895228385925, 0.02131507359445095, -0.1314811259508133], [0.004146985709667206, 0.981696367263794, 0.19040726125240326], [0.13313309848308563, -0.18925587832927704, 0.97286057472229]], [[0.9342970848083496, 0.3130958378314972, -0.17046985030174255], [-0.3204665780067444, 0.9471096992492676, -0.016864605247974396], [0.15617340803146362, 0.07038644701242447, 0.9852185845375061]], [[0.9925653338432312, -0.09637121856212616, 0.074342280626297], [0.08469391614198685, 0.9855348467826843, 0.14679302275180817], [-0.08741351217031479, -0.13940531015396118, 0.986369788646698]], [[0.9988731741905212, 0.0036121029406785965, -0.0473213829100132], [0.0008630427764728665, 0.9955520629882812, 0.09420914202928543], [0.0474511943757534, -0.0941438227891922, 0.9944271445274353]], [[0.6808047294616699, 0.7099527716636658, -0.18020014464855194], [-0.713930070400238, 0.6981766819953918, 0.05341579392552376], [0.16373422741889954, 0.09228456765413284, 0.9821786284446716]], [[0.8563297986984253, -0.41387486457824707, 0.30887988209724426], [0.25315234065055847, 0.8577278852462769, 0.44745585322380066], [-0.45012563467025757, -0.3049761652946472, 0.8392713069915771]], [[0.8414780497550964, -0.11901246011257172, -0.5270207524299622], [0.11850249022245407, 0.9923409223556519, -0.034882284700870514], [0.5271356105804443, -0.033100590109825134, 0.8491363525390625]], [[-0.3437635898590088, 0.11897723376750946, 0.931488573551178], [-0.6231549382209778, 0.713158905506134, -0.3210642337799072], [-0.7024987936019897, -0.6908318996429443, -0.17101681232452393]], [[0.9947513937950134, -0.1018352136015892, -0.009960941970348358], [0.09996067732572556, 0.9879767298698425, -0.11794007569551468], [0.02185163088142872, 0.11632535606622696, 0.9929707646369934]], [[0.963330090045929, 0.25877293944358826, 0.07093396037817001], [-0.25615358352661133, 0.9656350612640381, -0.043980784714221954], [-0.0798773542046547, 0.024198025465011597, 0.996510922908783]], [[0.9677019715309143, 0.23810672760009766, -0.08281397074460983], [-0.2162344604730606, 0.9528505206108093, 0.21288156509399414], [0.12959785759449005, -0.18809866905212402, 0.9735621809959412]], [[0.9625490307807922, -0.257988303899765, 0.08331602066755295], [0.24128255248069763, 0.9553322196006775, 0.17065496742725372], [-0.12362145632505417, -0.14416104555130005, 0.9818021655082703]]]], "pred_betas": [[0.05079547315835953, 0.3033403158187866, 0.5973478555679321, 0.6069284081459045, 0.3300989270210266, 0.16256999969482422, -0.2946660816669464, 0.28870531916618347, 0.7452741861343384, -0.09976808726787567]], "pred_camera": [1.244960069656372, 0.04158985614776611, 0.3510918617248535]}