{"pred_joints_img": [[370.5419616699219, 152.84390258789062, -47.60858917236328], [373.12445068359375, 182.3551025390625, -8.016307830810547], [328.6864929199219, 201.81256103515625, -6.494659900665283], [286.24298095703125, 242.33621215820312, -28.015562057495117], [281.52001953125, 207.4844970703125, -79.87986755371094], [416.15069580078125, 205.83294677734375, -0.644871175289154], [448.1794738769531, 260.91986083984375, 7.330276012420654], [483.24359130859375, 294.2752990722656, -30.151893615722656], [375.7308349609375, 303.6630859375, 6.581615924835205], [362.1565856933594, 326.7032470703125, -1.17903733253479], [329.0639343261719, 362.052490234375, -82.05199432373047], [332.10174560546875, 450.7533264160156, -39.83598709106445], [394.6311340332031, 324.69976806640625, 4.606632709503174], [462.5628662109375, 350.174560546875, -52.08338165283203], [469.1032409667969, 443.16741943359375, -21.28175926208496], [363.4004211425781, 144.09310913085938, -37.62774658203125], [379.6700744628906, 144.08099365234375, -39.85297393798828], [355.9070739746094, 150.28564453125, -13.538400650024414], [392.3797302246094, 149.93026733398438, -18.287342071533203], [501.3211975097656, 451.9638671875, -57.233455657958984], [505.6813049316406, 451.6952819824219, -37.12319564819336], [463.03009033203125, 451.59429931640625, -7.287833213806152], [322.84442138671875, 467.5041198730469, -85.03162384033203], [308.6275634765625, 467.62835693359375, -68.9376220703125], [333.89520263671875, 459.0437927246094, -24.028303146362305], [332.10174560546875, 450.7533264160156, -39.83598709106445], [329.0639343261719, 362.052490234375, -82.05199432373047], [341.3255615234375, 300.93853759765625, 7.594191551208496], [406.573486328125, 295.1316833496094, 17.40123176574707], [462.5628662109375, 350.174560546875, -52.08338165283203], [469.1032409667969, 443.16741943359375, -21.28175926208496], [281.52001953125, 207.4844970703125, -79.87986755371094], [286.24298095703125, 242.33621215820312, -28.015562057495117], [328.6864929199219, 201.81256103515625, -6.494659900665283], [416.15069580078125, 205.83294677734375, -0.644871175289154], [448.1794738769531, 260.91986083984375, 7.330276012420654], [483.24359130859375, 294.2752990722656, -30.151893615722656], [373.3377685546875, 183.21047973632812, -9.560789108276367], [374.1251220703125, 116.60569763183594, -17.73080825805664], [373.5237121582031, 300.1429138183594, 16.888404846191406], [373.1063232421875, 197.39295959472656, -4.165279388427734], [370.92803955078125, 240.14651489257812, 10.979032516479492], [374.3410949707031, 162.23867797851562, -29.833105087280273], [373.93646240234375, 132.26455688476562, -15.633100509643555], [370.5419616699219, 152.84390258789062, -47.60858917236328], [379.6700744628906, 144.08099365234375, -39.85297393798828], [363.4004211425781, 144.09310913085938, -37.62774658203125], [392.3797302246094, 149.93026733398438, -18.287342071533203], [355.9070739746094, 150.28564453125, -13.538400650024414]], "pred_body_pose": [[2.8332326412200928, -0.13956840336322784, 0.21049252152442932, -0.7881574034690857, 0.12532401084899902, 0.576038122177124, -0.8302145004272461, -0.07106621563434601, -0.4587079882621765, 0.6341919898986816, -0.026284145191311836, -0.008682253770530224, 1.3289425373077393, 0.024358678609132767, -0.1405128389596939, 1.5018739700317383, -0.005037037655711174, 0.16101884841918945, 0.0005277674645185471, -0.05222851037979126, -0.020599350333213806, -0.15212024748325348, 0.09901036322116852, -0.11701805144548416, -0.20393197238445282, -0.07992713153362274, 0.07545257359743118, -0.027335504069924355, -0.024676786735653877, -0.029218971729278564, -0.21514296531677246, 0.09786529839038849, 0.23808324337005615, -0.21309684216976166, -0.1391105055809021, -0.18086300790309906, -0.20548774302005768, -0.1294327825307846, 0.009945681318640709, 0.023673908784985542, -0.14418160915374756, -0.3210562467575073, -0.08585246652364731, 0.12817803025245667, 0.1691267043352127, -0.05273091420531273, -0.05981044843792915, 0.015155736356973648, -0.07956032454967499, -0.19281023740768433, -0.6331600546836853, -0.2757703959941864, 0.36760786175727844, 0.4488801956176758, -0.24569295346736908, -0.6707959175109863, 0.2395811825990677, -0.34503862261772156, 1.4300066232681274, -0.5399230718612671, 0.10343551635742188, -0.008991112001240253, 0.17536398768424988, 0.017713312059640884, 0.05548117682337761, -0.23134876787662506, -0.19230957329273224, -0.10339809954166412, -0.2147291898727417, -0.13765957951545715, 0.09607293456792831, 0.21099600195884705]], "pred_rotmat": [[[[0.9845781326293945, -0.11726954579353333, 0.12982168793678284], [-0.073938749730587, -0.9514724016189575, -0.2987193763256073], [0.15855245292186737, 0.2845137417316437, -0.9454696774482727]], [[0.839819073677063, -0.5329643487930298, -0.10321293026208878], [0.441910058259964, 0.5607396960258484, 0.7002045512199402], [-0.315308541059494, -0.6336559653282166, 0.7064421772956848]], [[0.9001495838165283, 0.41994526982307434, 0.11565835028886795], [-0.3652612864971161, 0.5830735564231873, 0.7256786823272705], [0.23730798065662384, -0.6954647898674011, 0.6782431602478027]], [[0.999629557132721, 5.233396586845629e-05, -0.02721599116921425], [-0.0161692276597023, 0.8055267333984375, -0.5923386812210083], [0.021892214193940163, 0.5925593376159668, 0.8052291870117188]], [[0.9912578463554382, 0.11617377400398254, -0.06254202872514725], [-0.0883435532450676, 0.23234330117702484, -0.9686135053634644], [-0.09799624234437943, 0.9656709432601929, 0.24057532846927643]], [[0.9893107414245605, -0.1095225140452385, 0.09627557545900345], [0.10329080373048782, 0.060280941426754, -0.9928228259086609], [0.10293286293745041, 0.9921547770500183, 0.0709492489695549]], [[0.9984242916107178, 0.020574750378727913, -0.052206505089998245], [-0.020602308213710785, 0.9997877478599548, 1.0305180694558658e-05], [0.05219563841819763, 0.0010652856435626745, 0.9986362457275391]], [[0.9882974624633789, 0.10860909521579742, 0.10710843652486801], [-0.12361212819814682, 0.9816545844078064, 0.14517007768154144], [-0.08937668800354004, -0.15671111643314362, 0.98359215259552]], [[0.9939862489700317, -0.06666599214076996, -0.08687335252761841], [0.08289294689893723, 0.9764648675918579, 0.19911080598831177], [0.07155485451221466, -0.20511458814144135, 0.976118803024292]], [[0.9992687702178955, 0.02954542450606823, -0.024268411099910736], [-0.028870994225144386, 0.9991996884346008, 0.02768588252365589], [0.025066977366805077, -0.026964986696839333, 0.9993220567703247]], [[0.9671788811683655, -0.24407149851322174, 0.07066819071769714], [0.22321321070194244, 0.9489960074424744, 0.22267113626003265], [-0.1214115098118782, -0.19958877563476562, 0.9723289012908936]], [[0.974179208278656, 0.19264110922813416, -0.11774693429470062], [-0.1632370948791504, 0.9612554311752319, 0.2221299409866333], [0.15597622096538544, -0.19717368483543396, 0.9678812026977539]], [[0.9916155338287354, 0.0033850420732051134, -0.1291789561510086], [0.023081129416823387, 0.9789419174194336, 0.20282995700836182], [0.12714527547359467, -0.20411093533039093, 0.9706558585166931]], [[0.9387067556381226, 0.31275051832199097, -0.14497125148773193], [-0.3161286413669586, 0.9487162828445435, -0.00027980588492937386], [0.13744908571243286, 0.04609221965074539, 0.9894357919692993]], [[0.9775814414024353, -0.17313164472579956, 0.11983314901590347], [0.16217520833015442, 0.9820911884307861, 0.09589651972055435], [-0.13428980112075806, -0.07431268692016602, 0.9881517887115479]], [[0.9980975389480591, -0.01356303971260786, -0.06014417111873627], [0.016715167090296745, 0.9984957575798035, 0.05222005024552345], [0.05934543162584305, -0.053126025944948196, 0.9968228936195374]], [[0.7889585494995117, 0.5946854948997498, -0.15457533299922943], [-0.5799052119255066, 0.8038187623023987, 0.1326097548007965], [0.2031116485595703, -0.014984562061727047, 0.9790409207344055]], [[0.8373948335647583, -0.46760550141334534, 0.28304600715637207], [0.3696688413619995, 0.8659358024597168, 0.3368978500366211], [-0.40263494849205017, -0.1774832159280777, 0.8979893326759338]], [[0.7580940127372742, -0.13896715641021729, -0.6371668577194214], [0.29612573981285095, 0.9438514709472656, 0.1464715301990509], [0.5810361504554749, -0.2997207045555115, 0.756679892539978]], [[0.05209662765264511, 0.14437825977802277, 0.9881502389907837], [-0.5447338819503784, 0.8334303498268127, -0.09305308014154434], [-0.8369892239570618, -0.5334311723709106, 0.12206664681434631]], [[0.9846366047859192, -0.1746159940958023, 0.00010908243712037802], [0.17368923127651215, 0.9793458580970764, -0.1035066470503807], [0.017967090010643005, 0.10193537920713425, 0.9946287274360657]], [[0.9718338251113892, 0.22964955866336823, 0.05291711911559105], [-0.22867146134376526, 0.9732094407081604, -0.023933134973049164], [-0.05699567124247551, 0.011158394627273083, 0.9983121752738953]], [[0.9718214273452759, 0.22125332057476044, -0.08130311220884323], [-0.2015237957239151, 0.958777904510498, 0.20033253729343414], [0.12227585911750793, -0.17830292880535126, 0.9763486981391907]], [[0.9732877016067505, -0.21502141654491425, 0.08047804236412048], [0.2018759846687317, 0.9684571027755737, 0.1460718959569931], [-0.1093481108546257, -0.12592341005802155, 0.9859950542449951]]]], "pred_betas": [[0.17419198155403137, 0.1864086538553238, 0.5634350776672363, 0.563890814781189, 0.20612171292304993, 0.06434135138988495, 0.011354833841323853, 0.1292300820350647, 0.5636901259422302, -0.21191821992397308]], "pred_camera": [1.1889845132827759, -0.030234787613153458, 0.3076537549495697]}