{"pred_joints_img": [[371.26519775390625, 148.0728759765625, -35.10963821411133], [378.47467041015625, 182.7225341796875, 0.9543837308883667], [333.227783203125, 195.07681274414062, 9.637218475341797], [276.095947265625, 207.72848510742188, -15.932928085327148], [288.83221435546875, 148.40496826171875, -35.910037994384766], [419.40350341796875, 212.0035400390625, -3.3723642826080322], [441.02825927734375, 273.972412109375, 0.045283056795597076], [454.12225341796875, 327.887451171875, -28.544261932373047], [368.82244873046875, 308.3831787109375, 6.487640857696533], [351.6288146972656, 330.1016845703125, 0.5752968192100525], [318.0679931640625, 360.5415344238281, -83.94709014892578], [333.3484191894531, 445.1295166015625, -33.0593376159668], [385.0438537597656, 331.79443359375, 1.8706364631652832], [431.4043273925781, 371.7167663574219, -68.9649887084961], [413.87457275390625, 452.78680419921875, -13.421168327331543], [366.3984680175781, 140.019775390625, -22.949676513671875], [382.4511413574219, 140.56874084472656, -27.974166870117188], [362.7622985839844, 149.03160095214844, 1.5858925580978394], [398.28143310546875, 150.0135498046875, -9.30198860168457], [432.11492919921875, 478.8556823730469, -51.27572250366211], [441.8416748046875, 476.1095275878906, -33.23512268066406], [409.7382507324219, 455.0710144042969, 3.5361926555633545], [324.62432861328125, 467.5321044921875, -76.669677734375], [310.62933349609375, 467.220458984375, -60.16333770751953], [336.4008483886719, 451.89593505859375, -16.327720642089844], [333.3484191894531, 445.1295166015625, -33.0593376159668], [318.0679931640625, 360.5415344238281, -83.94709014892578], [334.7518005371094, 302.5362854003906, 11.978119850158691], [402.150146484375, 303.5545959472656, 12.227490425109863], [431.4043273925781, 371.7167663574219, -68.9649887084961], [413.87457275390625, 452.78680419921875, -13.421168327331543], [288.83221435546875, 148.40496826171875, -35.910037994384766], [276.095947265625, 207.72848510742188, -15.932928085327148], [333.227783203125, 195.07681274414062, 9.637218475341797], [419.40350341796875, 212.0035400390625, -3.3723642826080322], [441.02825927734375, 273.972412109375, 0.045283056795597076], [454.12225341796875, 327.887451171875, -28.544261932373047], [378.33355712890625, 183.21725463867188, -0.778293251991272], [382.4090576171875, 115.34803771972656, -1.5413568019866943], [368.4552307128906, 305.0398254394531, 16.575864791870117], [377.6916809082031, 197.324951171875, 3.176933765411377], [372.3670349121094, 242.736328125, 14.462153434753418], [377.4483642578125, 159.88787841796875, -19.1581974029541], [381.5264892578125, 131.48570251464844, -1.3234761953353882], [371.26519775390625, 148.0728759765625, -35.10963821411133], [382.4511413574219, 140.56874084472656, -27.974166870117188], [366.3984680175781, 140.019775390625, -22.949676513671875], [398.28143310546875, 150.0135498046875, -9.30198860168457], [362.7622985839844, 149.03160095214844, 1.5858925580978394]], "pred_body_pose": [[2.8294641971588135, 0.04716557264328003, 0.03683828189969063, -0.7444444894790649, 0.09533683955669403, 0.4330456554889679, -0.8999012112617493, -0.06557681411504745, -0.2721234858036041, 0.5679571032524109, -0.03108081966638565, -0.015940383076667786, 1.607446312904358, 0.022120991721749306, -0.17964737117290497, 1.684863805770874, -0.052573733031749725, 0.22725726664066315, -0.013899601995944977, -0.0787932276725769, -0.018753202632069588, -0.1833951473236084, 0.07450815290212631, -0.03420429304242134, -0.20630966126918793, -0.08466256409883499, 0.05103963986039162, -0.03392807021737099, -0.040102776139974594, -0.02456395886838436, -0.24674344062805176, 0.06996786594390869, 0.16706901788711548, -0.2259070724248886, -0.09543449431657791, -0.17570342123508453, -0.18692627549171448, -0.13618497550487518, 0.0366654247045517, 0.03269434720277786, -0.1747916042804718, -0.31449073553085327, -0.16893425583839417, 0.10965225845575333, 0.053069110959768295, -0.08608441054821014, -0.029740791767835617, 0.04718413203954697, 0.04013384133577347, -0.15161827206611633, -0.751944363117218, -0.43381667137145996, 0.4524340331554413, 0.26528555154800415, -0.03033546730875969, -0.41919803619384766, 0.06104685366153717, -0.4563799500465393, 1.6044491529464722, -0.7265973687171936, 0.0786721408367157, -0.008867195807397366, 0.08434437960386276, 0.06530071049928665, 0.0769406408071518, -0.2686272859573364, -0.19629120826721191, -0.10708380490541458, -0.22603517770767212, -0.160200834274292, 0.10243996977806091, 0.2615443468093872]], "pred_rotmat": [[[[0.9991271495819092, 0.028532762080430984, 0.030508890748023987], [0.03651149570941925, -0.9513341188430786, -0.3059907555580139], [0.020293384790420532, 0.30683761835098267, -0.9515455365180969]], [[0.9076902270317078, -0.414175420999527, -0.06750627607107162], [0.3475334048271179, 0.6517679691314697, 0.6741060018539429], [-0.2351997196674347, -0.63534015417099, 0.7355431914329529]], [[0.9636392593383789, 0.26097890734672546, 0.05735207721590996], [-0.2062067687511444, 0.5898199677467346, 0.7807632088661194], [0.16993533074855804, -0.7642005681991577, 0.6221892833709717]], [[0.9994062185287476, 0.006503281649202108, -0.033836349844932556], [-0.02368464693427086, 0.8428939580917358, -0.5375580787658691], [0.025024568662047386, 0.538040280342102, 0.8425474762916565]], [[0.986893355846405, 0.12516111135482788, -0.10186393558979034], [-0.09671084582805634, -0.04659593850374222, -0.9942212104797363], [-0.129184290766716, 0.9910416007041931, -0.03388078510761261]], [[0.9787532091140747, -0.16706745326519012, 0.11887214332818985], [0.09788770228624344, -0.12869106233119965, -0.9868417978286743], [0.18016691505908966, 0.9775106906890869, -0.10960294306278229]], [[0.9967218041419983, 0.019279388710856438, -0.0785742998123169], [-0.018184814602136612, 0.9997276663780212, 0.014622358605265617], [0.07883482426404953, -0.0131455659866333, 0.99680095911026]], [[0.9966506361961365, 0.027165435254573822, 0.07713394612073898], [-0.04078397527337074, 0.9826565980911255, 0.18089419603347778], [-0.07088211178779602, -0.1834341287612915, 0.9804732203483582]], [[0.9951348900794983, -0.04190026596188545, -0.08916807919740677], [0.059290941804647446, 0.9775139689445496, 0.20236362516880035], [0.07868395000696182, -0.20666596293449402, 0.975242555141449]], [[0.9988945126533508, 0.02523030713200569, -0.03966371342539787], [-0.0238700769841671, 0.9991229176521301, 0.034401457756757736], [0.04049689322710037, -0.03341664746403694, 0.9986206293106079]], [[0.9837238788604736, -0.1730373203754425, 0.04842926189303398], [0.1559075564146042, 0.9559484124183655, 0.24870778620243073], [-0.08933158963918686, -0.23710930347442627, 0.9673671126365662]], [[0.9801614880561829, 0.18374845385551453, -0.07429716736078262], [-0.16235212981700897, 0.9593568444252014, 0.2308165431022644], [0.11368966847658157, -0.21417516469955444, 0.9701566100120544]], [[0.990100085735321, -0.023661041632294655, -0.1383550614118576], [0.04900150001049042, 0.9819398522377014, 0.18273745477199554], [0.13153259456157684, -0.18770794570446014, 0.9733781814575195]], [[0.9359726905822754, 0.30486729741096497, -0.17609921097755432], [-0.31052011251449585, 0.9505546689033508, -0.004800228867679834], [0.16592849791049957, 0.05917523428797722, 0.9843606352806091]], [[0.9926068186759949, -0.061914846301078796, 0.1043948084115982], [0.04345768690109253, 0.9843791127204895, 0.17061462998390198], [-0.11332762986421585, -0.1648164838552475, 0.9797921180725098]], [[0.998445987701416, -0.04582245275378227, -0.031717799603939056], [0.048380427062511444, 0.9951857924461365, 0.08523251116275787], [0.027659539133310318, -0.0866345688700676, 0.9958561658859253]], [[0.7199797034263611, 0.6772559881210327, -0.15150411427021027], [-0.6830475926399231, 0.7301531434059143, 0.01795397512614727], [0.12278062850236893, 0.09055802971124649, 0.9882935285568237]], [[0.8676919341087341, -0.3396777808666229, 0.3629459738731384], [0.1508656144142151, 0.8756281137466431, 0.4588191509246826], [-0.4736563563346863, -0.34335756301879883, 0.8110211491584778]], [[0.9116137623786926, -0.05296483635902405, -0.40762123465538025], [0.06549140810966492, 0.9977112412452698, 0.016827518120408058], [0.40579700469970703, -0.04203588142991066, 0.9129960536956787]], [[-0.16772083938121796, 0.11143362522125244, 0.979516327381134], [-0.6626874804496765, 0.7228719592094421, -0.1957075446844101], [-0.7298732399940491, -0.6819375157356262, -0.047395020723342896]], [[0.9964077472686768, -0.08450480550527573, -0.0055333529599010944], [0.08380798250436783, 0.9933557510375977, -0.07887033373117447], [0.01216151099652052, 0.07812327146530151, 0.9968695640563965]], [[0.9612268805503845, 0.2674506902694702, 0.06717827916145325], [-0.2624607980251312, 0.962049126625061, -0.07467164844274521], [-0.08459978550672531, 0.054144736379384995, 0.9949427843093872]], [[0.9689831137657166, 0.23266766965389252, -0.08329064399003983], [-0.21182453632354736, 0.9555652141571045, 0.20500148832798004], [0.1272868514060974, -0.1810000091791153, 0.9752112627029419]], [[0.9608928561210632, -0.26514431834220886, 0.07989612966775894], [0.24887585639953613, 0.9533735513687134, 0.1707034856081009], [-0.12143192440271378, -0.14414355158805847, 0.9820778369903564]]]], "pred_betas": [[0.05268089473247528, 0.2646741271018982, 0.47808170318603516, 0.7061476111412048, 0.336205393075943, 0.19009023904800415, -0.24649381637573242, 0.24547576904296875, 0.8708410859107971, -0.10274287313222885]], "pred_camera": [1.235295057296753, 0.03164548799395561, 0.3679291903972626]}