{"pred_joints_img": [[365.64990234375, 151.23670959472656, -42.71239471435547], [369.99658203125, 182.03472900390625, -5.043081283569336], [326.575439453125, 203.3426971435547, -7.612198829650879], [288.68609619140625, 249.0397186279297, -24.43081283569336], [277.0953063964844, 232.92349243164062, -82.94876861572266], [411.58013916015625, 203.10891723632812, 9.187379837036133], [444.2845764160156, 253.37088012695312, 29.833005905151367], [494.2028503417969, 276.13690185546875, 4.70743465423584], [374.0840148925781, 303.5537414550781, 6.468944549560547], [361.3299255371094, 326.7056884765625, -1.3354620933532715], [328.8727722167969, 364.1769714355469, -80.00200653076172], [328.2756652832031, 449.6163330078125, -34.364707946777344], [393.1260070800781, 324.1597595214844, 5.855311870574951], [463.4517822265625, 346.26873779296875, -47.161460876464844], [489.2800598144531, 436.18756103515625, -22.42620849609375], [359.4207458496094, 142.9774169921875, -31.911754608154297], [375.2740783691406, 142.73805236816406, -35.50531768798828], [354.1803283691406, 150.01486206054688, -7.86951208114624], [389.72723388671875, 149.3696746826172, -15.510725975036621], [520.4533081054688, 437.5697021484375, -59.6794319152832], [525.4140014648438, 437.53350830078125, -39.82371520996094], [485.4937744140625, 446.5527038574219, -8.963310241699219], [319.9698181152344, 466.077880859375, -79.15727233886719], [305.514892578125, 465.7312927246094, -63.49473571777344], [329.24371337890625, 457.814208984375, -18.59607696533203], [328.2756652832031, 449.6163330078125, -34.364707946777344], [328.8727722167969, 364.1769714355469, -80.00200653076172], [340.1025390625, 301.1595458984375, 5.596555233001709], [403.84844970703125, 294.39593505859375, 18.2961483001709], [463.4517822265625, 346.26873779296875, -47.161460876464844], [489.2800598144531, 436.18756103515625, -22.42620849609375], [277.0953063964844, 232.92349243164062, -82.94876861572266], [288.68609619140625, 249.0397186279297, -24.43081283569336], [326.575439453125, 203.3426971435547, -7.612198829650879], [411.58013916015625, 203.10891723632812, 9.187379837036133], [444.2845764160156, 253.37088012695312, 29.833005905151367], [494.2028503417969, 276.13690185546875, 4.70743465423584], [370.2396240234375, 182.66856384277344, -6.215348243713379], [371.72271728515625, 116.50973510742188, -12.065584182739258], [371.40447998046875, 299.7513427734375, 16.235828399658203], [369.6474914550781, 196.86532592773438, -0.29217201471328735], [367.94952392578125, 240.2005157470703, 11.478864669799805], [371.0477600097656, 161.12879943847656, -25.991804122924805], [371.6388854980469, 132.0677490234375, -10.579100608825684], [365.64990234375, 151.23670959472656, -42.71239471435547], [375.2740783691406, 142.73805236816406, -35.50531768798828], [359.4207458496094, 142.9774169921875, -31.911754608154297], [389.72723388671875, 149.3696746826172, -15.510725975036621], [354.1803283691406, 150.01486206054688, -7.86951208114624]], "pred_body_pose": [[2.8466508388519287, -0.17202796041965485, 0.27343398332595825, -0.8005272150039673, 0.07662750035524368, 0.6112825274467468, -0.8058592081069946, -0.08389971405267715, -0.5029188990592957, 0.5738943815231323, -0.006883355788886547, -0.013009421527385712, 1.1644974946975708, -0.035331033170223236, -0.11222768574953079, 1.5045067071914673, 0.026500025764107704, 0.1548948734998703, -0.007036437280476093, -0.02623101882636547, -0.02446405217051506, -0.13893143832683563, 0.12795747816562653, -0.17089299857616425, -0.24160735309123993, -0.0874539464712143, 0.09351242333650589, -0.006470915395766497, -0.001161149237304926, -0.02724319137632847, -0.22761555016040802, 0.06829236447811127, 0.3167480230331421, -0.2294713854789734, -0.13192665576934814, -0.22419163584709167, -0.21564032137393951, -0.2275179922580719, -0.018504830077290535, 0.021237913519144058, 0.0043535660952329636, -0.31271153688430786, -0.05956387519836426, 0.07344134896993637, 0.20790714025497437, -0.04518452286720276, -0.1620112657546997, 0.03725741431117058, -0.096776083111763, -0.09788048267364502, -0.6244803667068481, -0.20860667526721954, 0.295540452003479, 0.5234439969062805, -0.33849647641181946, -0.7687068581581116, 0.3120468556880951, -0.3091809153556824, 1.2446266412734985, -0.43879759311676025, 0.0470280759036541, -0.011670701205730438, 0.1511465609073639, 0.011349412612617016, 0.05007893964648247, -0.19075097143650055, -0.18653012812137604, -0.10166051983833313, -0.22587575018405914, -0.1371493637561798, 0.09826727211475372, 0.21406060457229614]], "pred_rotmat": [[[[0.9750540852546692, -0.14312806725502014, 0.16965827345848083], [-0.09098732471466064, -0.9548962712287903, -0.28265586495399475], [0.20246204733848572, 0.26016801595687866, -0.9440983533859253]], [[0.8258283734321594, -0.5406526327133179, -0.16031914949417114], [0.48435211181640625, 0.5344369411468506, 0.6926616430282593], [-0.2888089120388031, -0.6496705412864685, 0.7032194137573242]], [[0.8795731663703918, 0.4614071846008301, 0.11599308252334595], [-0.3987666666507721, 0.5820021033287048, 0.7087021470069885], [0.25949203968048096, -0.6696096062660217, 0.6959072351455688]], [[0.9998946189880371, 0.010385008528828621, -0.010143056511878967], [-0.014228022657334805, 0.8397136330604553, -0.5428429841995239], [0.0028798317071050406, 0.5429301261901855, 0.8397728800773621]], [[0.9938332438468933, 0.06997548788785934, -0.08601647615432739], [-0.10663087666034698, 0.3903152048587799, -0.9144856333732605], [-0.030418023467063904, 0.9180182814598083, 0.3953697681427002]], [[0.989834725856781, -0.08581221848726273, 0.11341752111911774], [0.11863591521978378, 0.058361079543828964, -0.9912212491035461], [0.07843972742557526, 0.9946005344390869, 0.06794823706150055]], [[0.999356746673584, 0.02455088309943676, -0.026139117777347565], [-0.024366328492760658, 0.9996760487556458, 0.00735569279640913], [0.0263112373650074, -0.006714047864079475, 0.9996312260627747]], [[0.9773341417312622, 0.16021035611629486, 0.13838547468185425], [-0.1778917759656906, 0.9758776426315308, 0.12655946612358093], [-0.11477115750312805, -0.14830853044986725, 0.9822586178779602]], [[0.9918544888496399, -0.08185239136219025, -0.09759467095136642], [0.10285061597824097, 0.9666492342948914, 0.2345442771911621], [0.0751418024301529, -0.24267148971557617, 0.9671939611434937]], [[0.9996282458305359, 0.02724338136613369, -0.0010728586930781603], [-0.02723586931824684, 0.9996079206466675, 0.006485884077847004], [0.0012491355882957578, -0.006454253103584051, 0.9999783039093018]], [[0.9481858015060425, -0.31620609760284424, 0.03094177506864071], [0.30086374282836914, 0.9249197840690613, 0.23238874971866608], [-0.1021013930439949, -0.21103845536708832, 0.9721307754516602]], [[0.9665046334266663, 0.23470814526081085, -0.1038309633731842], [-0.20473714172840118, 0.9490543603897095, 0.23953787982463837], [0.15476274490356445, -0.2102564126253128, 0.9653189182281494]], [[0.9741599559783936, 0.04253231734037399, -0.22181835770606995], [0.006127906031906605, 0.9767702221870422, 0.2142016589641571], [0.2257760763168335, -0.21002595126628876, 0.951269805431366]], [[0.951495349407196, 0.3076614439487457, 0.000989050604403019], [-0.3075697124004364, 0.9512810111045837, -0.02156696654856205], [-0.00757618946954608, 0.020216668024659157, 0.9997668266296387]], [[0.9757959842681885, -0.20828194916248322, 0.0666394755244255], [0.2039264738559723, 0.9767148494720459, 0.0666487067937851], [-0.07896949350833893, -0.051445990800857544, 0.9955486059188843]], [[0.9862161874771118, -0.03342223912477493, -0.1620507538318634], [0.040724560618400574, 0.9982892870903015, 0.04195075482130051], [0.16037146747112274, -0.04797196388244629, 0.9858901500701904]], [[0.806937575340271, 0.5873585343360901, -0.06214303523302078], [-0.5782045125961304, 0.8070414066314697, 0.11984883248806], [0.12054624408483505, -0.060779135674238205, 0.9908453822135925]], [[0.8253448605537415, -0.5186321139335632, 0.22321878373622894], [0.4590325653553009, 0.8465291261672974, 0.26958778500556946], [-0.32877808809280396, -0.12003820389509201, 0.9367474913597107]], [[0.6782756447792053, -0.1503087729215622, -0.7192699909210205], [0.3935635983943939, 0.9009267687797546, 0.1828623265028], [0.6205238103866577, -0.4071095585823059, 0.6702327728271484]], [[0.25460284948349, 0.15155643224716187, 0.9550958275794983], [-0.48094725608825684, 0.8766816854476929, -0.010905938223004341], [-0.8389679193496704, -0.456574022769928, 0.2960962951183319]], [[0.9885333776473999, -0.15078657865524292, -0.008075147867202759], [0.15023888647556305, 0.9874978065490723, -0.047711003571748734], [0.015168370679020882, 0.045950718224048615, 0.9988285303115845]], [[0.9806162714958191, 0.1897960603237152, 0.04867493361234665], [-0.18922953307628632, 0.9818019866943359, -0.016036534681916237], [-0.05083281174302101, 0.00651495112106204, 0.9986860156059265]], [[0.9695676565170288, 0.23167917132377625, -0.07914117723703384], [-0.2128678560256958, 0.9574360251426697, 0.19494499266147614], [0.1209373027086258, -0.17216575145721436, 0.9776160717010498]], [[0.9724320769309998, -0.21811707317829132, 0.08246660232543945], [0.20472301542758942, 0.9678836464881897, 0.14591015875339508], [-0.11164356768131256, -0.12500491738319397, 0.9858546853065491]]]], "pred_betas": [[0.07895487546920776, 0.18827208876609802, 0.6003191471099854, 0.6397321820259094, 0.23015348613262177, 0.12592469155788422, -0.0725538432598114, 0.19079601764678955, 0.6099111437797546, -0.17847636342048645]], "pred_camera": [1.1954467296600342, -0.04120161756873131, 0.31585919857025146]}