{"pred_joints_img": [[367.07830810546875, 147.90316772460938, -36.03458786010742], [374.0671691894531, 180.56283569335938, 1.4549193382263184], [328.6757507324219, 194.31591796875, 6.553774833679199], [275.7420654296875, 211.92047119140625, -23.809640884399414], [286.8936767578125, 153.35406494140625, -45.72915267944336], [416.0526123046875, 208.39306640625, 0.435957670211792], [432.6213073730469, 271.32818603515625, 5.271481990814209], [432.9161071777344, 316.9598083496094, -36.758811950683594], [367.9841003417969, 305.8367004394531, 6.672564506530762], [351.3786926269531, 327.61602783203125, -0.703384280204773], [318.0223083496094, 359.2481994628906, -84.1456298828125], [332.003173828125, 446.2816162109375, -38.263221740722656], [384.9298400878906, 328.7415771484375, 1.893322467803955], [434.7449645996094, 362.465087890625, -68.99993133544922], [417.71234130859375, 451.14691162109375, -27.773014068603516], [362.5556945800781, 139.13645935058594, -24.359983444213867], [378.39556884765625, 140.21566772460938, -29.602081298828125], [359.1651916503906, 146.49429321289062, 0.677704930305481], [394.5328369140625, 148.51217651367188, -10.688732147216797], [438.34637451171875, 470.57598876953125, -68.08216094970703], [447.2789306640625, 470.4693298339844, -49.35720443725586], [412.63079833984375, 456.15301513671875, -11.775736808776855], [323.4042053222656, 465.48492431640625, -83.43372344970703], [309.42388916015625, 466.0155029296875, -66.92610168457031], [334.8023986816406, 454.189208984375, -22.111282348632812], [332.003173828125, 446.2816162109375, -38.263221740722656], [318.0223083496094, 359.2481994628906, -84.1456298828125], [333.5772705078125, 300.718017578125, 11.057543754577637], [401.29986572265625, 300.69708251953125, 14.232403755187988], [434.7449645996094, 362.465087890625, -68.99993133544922], [417.71234130859375, 451.14691162109375, -27.773014068603516], [286.8936767578125, 153.35406494140625, -45.72915267944336], [275.7420654296875, 211.92047119140625, -23.809640884399414], [328.6757507324219, 194.31591796875, 6.553774833679199], [416.0526123046875, 208.39306640625, 0.435957670211792], [432.6213073730469, 271.32818603515625, 5.271481990814209], [432.9161071777344, 316.9598083496094, -36.758811950683594], [374.0008239746094, 181.1206512451172, -0.4986180067062378], [379.26983642578125, 113.34458923339844, -5.10683012008667], [367.2622985839844, 302.8662109375, 17.040742874145508], [373.4064025878906, 195.2498779296875, 3.556793212890625], [369.2644348144531, 240.4434051513672, 15.44167423248291], [373.337158203125, 158.80514526367188, -19.657182693481445], [378.1152038574219, 129.40374755859375, -3.7935540676116943], [367.07830810546875, 147.90316772460938, -36.03458786010742], [378.39556884765625, 140.21566772460938, -29.602081298828125], [362.5556945800781, 139.13645935058594, -24.359983444213867], [394.5328369140625, 148.51217651367188, -10.688732147216797], [359.1651916503906, 146.49429321289062, 0.677704930305481]], "pred_body_pose": [[2.7981832027435303, 0.012256593443453312, 0.08896084129810333, -0.7854971885681152, 0.1039624959230423, 0.43362635374069214, -0.8528455495834351, -0.08239065855741501, -0.3113078474998474, 0.5971837639808655, -0.03011692501604557, 0.003737202612683177, 1.5262625217437744, 0.054237693548202515, -0.18584014475345612, 1.6136813163757324, -0.052628565579652786, 0.21609002351760864, -0.003249570494517684, -0.065293088555336, -0.025578288361430168, -0.17947131395339966, 0.06337396055459976, -0.05151361972093582, -0.21762655675411224, -0.05604426935315132, 0.04389265924692154, -0.0297625120729208, -0.026209400966763496, -0.028751226142048836, -0.25069448351860046, 0.0773715078830719, 0.18241974711418152, -0.21662285923957825, -0.14687451720237732, -0.17238421738147736, -0.1670660525560379, -0.19546285271644592, -0.004337814170867205, 0.03266121819615364, -0.18233834207057953, -0.3067542612552643, -0.15440285205841064, 0.13262569904327393, 0.04801630228757858, -0.05630237236618996, -0.058367758989334106, 0.03803735226392746, 0.08600346744060516, -0.23468254506587982, -0.854318380355835, -0.4354645609855652, 0.4563154876232147, 0.30568575859069824, 0.11856815963983536, -0.7174449563026428, 0.15212641656398773, -0.4252193570137024, 1.5959030389785767, -0.7301215529441833, 0.10052748024463654, -0.023776207119226456, 0.16881777346134186, 0.09014128148555756, 0.06492169201374054, -0.3138158619403839, -0.20551049709320068, -0.11012768745422363, -0.24084286391735077, -0.17443808913230896, 0.10295365005731583, 0.25761571526527405]], "pred_rotmat": [[[[0.9980018138885498, -0.0021578394807875156, 0.06314840167760849], [0.019153861328959465, -0.9420589804649353, -0.33490002155303955], [0.06021218001842499, 0.33544036746025085, -0.9401352405548096]], [[0.9071580767631531, -0.4151528775691986, -0.06864600628614426], [0.3388937711715698, 0.6241138577461243, 0.7040120959281921], [-0.24942968785762787, -0.6619139909744263, 0.7068626284599304]], [[0.9516424536705017, 0.30271247029304504, 0.05236249044537544], [-0.23717936873435974, 0.6156334280967712, 0.7514927983283997], [0.19525013864040375, -0.7275717258453369, 0.6576600670814514]], [[0.9995529651641846, -0.012246341444551945, -0.027270980179309845], [-0.005209452472627163, 0.8269290924072266, -0.5622820854187012], [0.029437066987156868, 0.5621728897094727, 0.8264956474304199]], [[0.9846774339675903, 0.1545746922492981, -0.08072765916585922], [-0.08688675612211227, 0.03350190818309784, -0.9956546425819397], [-0.15119850635528564, 0.9874128699302673, 0.046419065445661545]], [[0.9802749752998352, -0.1662987619638443, 0.1067970022559166], [0.09856724739074707, -0.057002414017915726, -0.9934964179992676], [0.17130492627620697, 0.9844264388084412, -0.03948643058538437]], [[0.9975423216819763, 0.025663333013653755, -0.06519792973995209], [-0.025451241061091423, 0.9996677041053772, 0.0040816026739776134], [0.06528101861476898, -0.002412202302366495, 0.9978640079498291]], [[0.9966757893562317, 0.04551196098327637, 0.0675717443227768], [-0.05684896185994148, 0.9826245903968811, 0.17668357491493225], [-0.05835644155740738, -0.17993764579296112, 0.9819454550743103]], [[0.9974772334098816, -0.037438347935676575, -0.06031110882759094], [0.049581900238990784, 0.9754635691642761, 0.21450528502464294], [0.05080055445432663, -0.21695449948310852, 0.9748589396476746]], [[0.9992433786392212, 0.02912968024611473, -0.02577115222811699], [-0.028349777683615685, 0.9991439580917358, 0.030127311125397682], [0.026626689359545708, -0.029373908415436745, 0.9992138147354126]], [[0.9805349111557007, -0.18894712626934052, 0.053389571607112885], [0.16971497237682343, 0.9523452520370483, 0.2534469664096832], [-0.09873337298631668, -0.2394525557756424, 0.9658749103546143]], [[0.9745649695396423, 0.18535469472408295, -0.1259632557630539], [-0.15379787981510162, 0.9619917273521423, 0.22565047442913055], [0.16300098598003387, -0.20053817331790924, 0.9660305976867676]], [[0.98099285364151, 0.020527977496385574, -0.1929551213979721], [0.011947660706937313, 0.9861118793487549, 0.16565226018428802], [0.19367583096027374, -0.16480903327465057, 0.9671234488487244]], [[0.9370057582855225, 0.2972851097583771, -0.18341699242591858], [-0.3031770586967468, 0.9529244899749756, -0.004298137966543436], [0.1735047996044159, 0.05963520705699921, 0.9830257296562195]], [[0.9900885820388794, -0.057868681848049164, 0.12796761095523834], [0.03746543452143669, 0.9869746565818787, 0.15645231306552887], [-0.13535448908805847, -0.15010730922222137, 0.9793604016304016]], [[0.9975748658180237, -0.036344487220048904, -0.059359822422266006], [0.0396285243332386, 0.9976931810379028, 0.05511777475476265], [0.05721965804696083, -0.05733644589781761, 0.9967139363288879]], [[0.6327710151672363, 0.736444354057312, -0.23927097022533417], [-0.7553298473358154, 0.6550775766372681, 0.018712326884269714], [0.17052163183689117, 0.1688878983259201, 0.9707725048065186]], [[0.8552412390708923, -0.3766160309314728, 0.35598134994506836], [0.18591013550758362, 0.8641640543937683, 0.4676087200641632], [-0.48373523354530334, -0.3337377607822418, 0.809085488319397]], [[0.743209183216095, -0.17912620306015015, -0.6446347236633301], [0.09790131449699402, 0.9822395443916321, -0.16006532311439514], [0.661857545375824, 0.05585142597556114, 0.7475461363792419]], [[-0.16445507109165192, 0.13665427267551422, 0.9768726229667664], [-0.6497799754142761, 0.7300987243652344, -0.2115226686000824], [-0.7421189546585083, -0.6695381999015808, -0.03127323091030121]], [[0.9855149388313293, -0.1689089834690094, -0.015163538046181202], [0.16652661561965942, 0.9807603359222412, -0.10187284648418427], [0.03207903727889061, 0.09787209331989288, 0.9946817755699158]], [[0.9491248726844788, 0.31095078587532043, 0.04971545189619064], [-0.3051525056362152, 0.9471875429153442, -0.0985785499215126], [-0.07774293422698975, 0.07839255034923553, 0.9938866496086121]], [[0.9652604460716248, 0.2475682646036148, -0.08355976641178131], [-0.22514700889587402, 0.9503476023674011, 0.21482127904891968], [0.1325937658548355, -0.18854525685310364, 0.9730722308158875]], [[0.9618605375289917, -0.2619287967681885, 0.07885213196277618], [0.24412989616394043, 0.9520343542098999, 0.18447551131248474], [-0.12338937819004059, -0.1581895500421524, 0.979668915271759]]]], "pred_betas": [[0.1628860980272293, 0.15993089973926544, 0.6215517520904541, 0.706421971321106, 0.43774640560150146, 0.09035266935825348, -0.20863988995552063, 0.23051603138446808, 0.7597507238388062, -0.23877906799316406]], "pred_camera": [1.2476271390914917, 0.06303928792476654, 0.36320406198501587]}