{"pred_joints_img": [[367.9529724121094, 152.40988159179688, -50.02366638183594], [370.1734924316406, 182.14605712890625, -11.112911224365234], [326.5628356933594, 202.4878692626953, -9.793844223022461], [288.186767578125, 250.86495971679688, -9.298978805541992], [269.5459289550781, 250.29290771484375, -68.32701873779297], [411.6084899902344, 200.76971435546875, 4.260883808135986], [447.5029602050781, 245.5581817626953, 31.41704750061035], [502.5754089355469, 255.50506591796875, 8.544843673706055], [374.76678466796875, 303.241455078125, 6.405620574951172], [362.1355895996094, 326.8660583496094, -0.11532144248485565], [330.320068359375, 364.0605773925781, -79.49913024902344], [327.0760803222656, 450.9444885253906, -36.28152084350586], [393.8594970703125, 323.81756591796875, 6.887815952301025], [467.7292175292969, 349.6947937011719, -39.680519104003906], [505.70965576171875, 434.7806396484375, -12.699206352233887], [361.48760986328125, 143.78907775878906, -39.55071258544922], [377.5055236816406, 143.99868774414062, -42.46110534667969], [355.0177307128906, 150.361328125, -15.63559341430664], [390.9111022949219, 150.66571044921875, -21.802095413208008], [536.742919921875, 435.11083984375, -50.34272003173828], [541.757080078125, 433.82623291015625, -30.470064163208008], [503.1114501953125, 445.1768493652344, 1.267652988433838], [319.635986328125, 465.3940124511719, -82.03485870361328], [304.7405700683594, 465.5549621582031, -66.61148071289062], [327.3584289550781, 459.8235168457031, -20.754955291748047], [327.0760803222656, 450.9444885253906, -36.28152084350586], [330.320068359375, 364.0605773925781, -79.49913024902344], [340.65869140625, 301.1505432128906, 5.6614179611206055], [404.2181701660156, 293.2238464355469, 17.46188735961914], [467.7292175292969, 349.6947937011719, -39.680519104003906], [505.70965576171875, 434.7806396484375, -12.699206352233887], [269.5459289550781, 250.29290771484375, -68.32701873779297], [288.186767578125, 250.86495971679688, -9.298978805541992], [326.5628356933594, 202.4878692626953, -9.793844223022461], [411.6084899902344, 200.76971435546875, 4.260883808135986], [447.5029602050781, 245.5581817626953, 31.41704750061035], [502.5754089355469, 255.50506591796875, 8.544843673706055], [370.5931396484375, 182.51699829101562, -12.109553337097168], [373.6958923339844, 117.40040588378906, -19.538299560546875], [371.91668701171875, 298.9446105957031, 15.934114456176758], [369.7069396972656, 195.8757781982422, -4.741903305053711], [368.50799560546875, 239.28656005859375, 8.499943733215332], [372.400146484375, 162.1247100830078, -32.81983184814453], [373.14141845703125, 132.86029052734375, -17.795106887817383], [367.9529724121094, 152.40988159179688, -50.02366638183594], [377.5055236816406, 143.99868774414062, -42.46110534667969], [361.48760986328125, 143.78907775878906, -39.55071258544922], [390.9111022949219, 150.66571044921875, -21.802095413208008], [355.0177307128906, 150.361328125, -15.63559341430664]], "pred_body_pose": [[2.89875864982605, -0.1878194957971573, 0.2708720266819, -0.7373942732810974, 0.08128900080919266, 0.6665468215942383, -0.8621330857276917, -0.06926380842924118, -0.5078978538513184, 0.5708652138710022, -0.020195631310343742, -0.018282363191246986, 1.0182418823242188, -0.06380001455545425, -0.07764732837677002, 1.4771578311920166, 0.022864647209644318, 0.1325421929359436, -0.02727324329316616, -0.03215571865439415, -0.026781655848026276, -0.09879417717456818, 0.11952132731676102, -0.19672547280788422, -0.2532873749732971, -0.06576153635978699, 0.09677360951900482, 0.011396195739507675, -0.007443816401064396, -0.021447915583848953, -0.23808908462524414, 0.08659092336893082, 0.308301717042923, -0.2153453826904297, -0.1416936069726944, -0.21839751303195953, -0.21043823659420013, -0.18205273151397705, -0.052727311849594116, 0.018627526238560677, 0.08395848423242569, -0.26155614852905273, -0.02599412016570568, -0.011637675575911999, 0.19418108463287354, -0.08448184281587601, -0.14535808563232422, 0.04178423061966896, -0.14699921011924744, -0.04141249507665634, -0.5979293584823608, -0.135362908244133, 0.18326857686042786, 0.6337667107582092, -0.393761545419693, -0.8903448581695557, 0.402442067861557, -0.1955285519361496, 1.2470948696136475, -0.4402863681316376, 0.05539984256029129, -0.006724279373884201, 0.19096308946609497, 0.04288517311215401, 0.04476003721356392, -0.213618203997612, -0.19892391562461853, -0.10299192368984222, -0.22517527639865875, -0.1500149667263031, 0.0983540490269661, 0.21953566372394562]], "pred_rotmat": [[[[0.9747895002365112, -0.14696964621543884, 0.1678846925497055], [-0.10569382458925247, -0.9667971134185791, -0.23266315460205078], [0.1965048611164093, 0.20905323326587677, -0.9579574465751648]], [[0.7926315665245056, -0.5889853835105896, -0.1575796902179718], [0.5338498950004578, 0.5455963015556335, 0.6460099816322327], [-0.29451555013656616, -0.5961718559265137, 0.746886670589447]], [[0.8792726397514343, 0.4543568193912506, 0.14296691119670868], [-0.3994835317134857, 0.5399703979492188, 0.7408406734466553], [0.2594081163406372, -0.7085138559341431, 0.656289279460907]], [[0.9996389746665955, 0.011693942360579967, -0.02419191785156727], [-0.02291252464056015, 0.8412809371948242, -0.5401123762130737], [0.014036151580512524, 0.5404716730117798, 0.841245174407959]], [[0.9953756332397461, 0.0350455641746521, -0.089437335729599], [-0.09453588724136353, 0.5225093960762024, -0.8473763465881348], [0.01703507825732231, 0.8519129157066345, 0.5234062075614929]], [[0.9924961924552917, -0.07500655204057693, 0.09656693041324615], [0.10302568227052689, 0.08763286471366882, -0.990810751914978], [0.06585486978292465, 0.9933249354362488, 0.09470288455486298]], [[0.9991245269775391, 0.027208924293518066, -0.03177721053361893], [-0.02633211575448513, 0.9992696046829224, 0.02769240364432335], [0.032507482916116714, -0.026831399649381638, 0.9991112351417542]], [[0.973645031452179, 0.18880140781402588, 0.1279422789812088], [-0.20054782927036285, 0.975895881652832, 0.08606912940740585], [-0.10860835760831833, -0.10945934057235718, 0.9880399107933044]], [[0.9931995272636414, -0.08724856376647949, -0.0770881325006485], [0.10379733890295029, 0.9634780883789062, 0.24685262143611908], [0.052735187113285065, -0.25317540764808655, 0.9659821391105652]], [[0.999742329120636, 0.021403195336461067, -0.007565221283584833], [-0.021488020196557045, 0.9997051358222961, -0.011315146461129189], [0.00732080964371562, 0.011474791914224625, 0.9999074339866638]], [[0.9494028091430664, -0.3103567063808441, 0.04809390753507614], [0.2900124788284302, 0.925133228302002, 0.2449924200773239], [-0.12052831053733826, -0.21864865720272064, 0.9683313965797424]], [[0.9664338231086731, 0.22937816381454468, -0.11572064459323883], [-0.19915424287319183, 0.9534101486206055, 0.22659794986248016], [0.16230586171150208, -0.19594568014144897, 0.9670894742012024]], [[0.9821581244468689, 0.07105302065610886, -0.17411789298057556], [-0.03299754112958908, 0.9766247272491455, 0.21240398287773132], [0.1851397603750229, -0.20286880433559418, 0.9615445137023926]], [[0.962507426738739, 0.25904104113578796, 0.08048100024461746], [-0.2574869692325592, 0.9658373594284058, -0.02930380590260029], [-0.08532243967056274, 0.007482323795557022, 0.9963253140449524]], [[0.9811398386955261, -0.19278618693351746, -0.014078805223107338], [0.19308771193027496, 0.9808705449104309, 0.024701284244656563], [0.00904741883277893, -0.026953857392072678, 0.9995958209037781]], [[0.9885911345481873, -0.03545081987977028, -0.14639268815517426], [0.04770025983452797, 0.9955695271492004, 0.08103065192699432], [0.14287149906158447, -0.08708915114402771, 0.9859022498130798]], [[0.8260113596916199, 0.5636410713195801, 0.003736909944564104], [-0.5577442646026611, 0.8163762092590332, 0.14983756840229034], [0.08140388876199722, -0.12585178017616272, 0.9887036085128784]], [[0.7904784679412842, -0.598874032497406, 0.1284279227256775], [0.574989914894104, 0.7978264093399048, 0.18127231299877167], [-0.21102246642112732, -0.0694470927119255, 0.9750111103057861]], [[0.5652047991752625, -0.17236220836639404, -0.806743323802948], [0.49170079827308655, 0.855622410774231, 0.16168050467967987], [0.6624000668525696, -0.4880589246749878, 0.5683525204658508]], [[0.24819229543209076, 0.21555465459823608, 0.9444239735603333], [-0.4251745045185089, 0.9002444744110107, -0.09373634308576584], [-0.8704178333282471, -0.378280371427536, 0.3150820732116699]], [[0.9818040132522583, -0.18989147245883942, -0.0014077695086598396], [0.1895201951265335, 0.9802970886230469, -0.05567502975463867], [0.011952247470617294, 0.054395172744989395, 0.9984478950500488]], [[0.9762799143791199, 0.21281689405441284, 0.03983019292354584], [-0.21090523898601532, 0.9763618111610413, -0.047293521463871], [-0.04895353317260742, 0.0377713218331337, 0.9980866312980652]], [[0.9696012735366821, 0.23156625032424927, -0.07906024158000946], [-0.21125036478042603, 0.9552408456802368, 0.20709457993507385], [0.12347769737243652, -0.18409764766693115, 0.9751212000846863]], [[0.9712585210800171, -0.2239346206188202, 0.08068498969078064], [0.20927861332893372, 0.964885950088501, 0.158737450838089], [-0.11339862644672394, -0.13728947937488556, 0.9840184450149536]]]], "pred_betas": [[0.0753093734383583, 0.2313874065876007, 0.6119224429130554, 0.6280962824821472, 0.18247796595096588, 0.19103361666202545, 0.02545604109764099, 0.1379816234111786, 0.6046758890151978, -0.17820166051387787]], "pred_camera": [1.2465790510177612, -0.07521233707666397, 0.3376964032649994]}