{"pred_joints_img": [[374.2504577636719, 147.07345581054688, -48.686824798583984], [372.2237548828125, 178.96786499023438, -10.826513290405273], [331.44268798828125, 206.01609802246094, -22.10588836669922], [305.7793273925781, 263.9059143066406, -18.234291076660156], [292.019775390625, 319.02008056640625, -46.71942138671875], [410.90899658203125, 193.67083740234375, 12.34799575805664], [466.94268798828125, 221.2472686767578, 31.065353393554688], [497.8899230957031, 170.92578125, 12.379886627197266], [380.20098876953125, 302.8102111816406, 6.393004894256592], [369.3975830078125, 327.7346496582031, -1.0500074625015259], [340.40838623046875, 378.10296630859375, -77.489501953125], [322.98309326171875, 462.478271484375, -26.75017738342285], [400.3755798339844, 322.8351745605469, 10.3466796875], [484.1135559082031, 338.5730895996094, -29.00461196899414], [556.5744018554688, 407.34442138671875, -29.434606552124023], [366.6009216308594, 138.6717987060547, -38.21208572387695], [383.12396240234375, 138.56398010253906, -39.61341094970703], [357.9542236328125, 146.50474548339844, -15.067594528198242], [394.7418518066406, 146.20079040527344, -17.734813690185547], [581.8243408203125, 390.7286376953125, -69.89619445800781], [588.8597412109375, 391.7978820800781, -49.87096405029297], [559.3126220703125, 420.9681701660156, -18.20124053955078], [321.62689208984375, 480.1877136230469, -73.45952606201172], [304.4908447265625, 478.74029541015625, -59.95396041870117], [319.75341796875, 470.2112121582031, -10.564475059509277], [322.98309326171875, 462.478271484375, -26.75017738342285], [340.40838623046875, 378.10296630859375, -77.489501953125], [346.13250732421875, 302.00982666015625, 0.3948468863964081], [407.8836669921875, 290.80059814453125, 21.38990020751953], [484.1135559082031, 338.5730895996094, -29.00461196899414], [556.5744018554688, 407.34442138671875, -29.434606552124023], [292.019775390625, 319.02008056640625, -46.71942138671875], [305.7793273925781, 263.9059143066406, -18.234291076660156], [331.44268798828125, 206.01609802246094, -22.10588836669922], [410.90899658203125, 193.67083740234375, 12.34799575805664], [466.94268798828125, 221.2472686767578, 31.065353393554688], [497.8899230957031, 170.92578125, 12.379886627197266], [372.9544677734375, 179.55276489257812, -12.08031177520752], [376.8631286621094, 112.79548645019531, -15.622966766357422], [375.87579345703125, 298.1429748535156, 15.240928649902344], [371.7679443359375, 193.59854125976562, -5.981870174407959], [370.5003967285156, 238.19601440429688, 6.317078113555908], [377.4480285644531, 157.64434814453125, -31.372684478759766], [376.2576904296875, 128.57994079589844, -14.687017440795898], [374.2504577636719, 147.07345581054688, -48.686824798583984], [383.12396240234375, 138.56398010253906, -39.61341094970703], [366.6009216308594, 138.6717987060547, -38.21208572387695], [394.7418518066406, 146.20079040527344, -17.734813690185547], [357.9542236328125, 146.50474548339844, -15.067594528198242]], "pred_body_pose": [[2.9027206897735596, -0.28493571281433105, 0.46309784054756165, -0.8116194605827332, 0.04039440304040909, 0.7181577682495117, -0.7118450403213501, -0.08514343947172165, -0.5931898355484009, 0.5504406690597534, -0.000610031362157315, -0.03953571990132332, 0.5836638808250427, -0.05246371775865555, -0.04384806752204895, 1.386580467224121, 0.07733677327632904, 0.07285352796316147, -0.04584948346018791, 0.020959723740816116, -0.02418294921517372, -0.020337050780653954, 0.10007378458976746, -0.27500197291374207, -0.27537378668785095, -0.0014736232114955783, 0.09896884858608246, -0.02362346276640892, 0.024426136165857315, -0.020232200622558594, -0.16719040274620056, 0.08331097662448883, 0.3593355715274811, -0.1688127964735031, -0.17181015014648438, -0.15815295279026031, -0.19697408378124237, -0.21866190433502197, -0.08934284001588821, -0.06947576999664307, 0.05448124185204506, -0.15324214100837708, 0.023245831951498985, 0.08154572546482086, 0.30161768198013306, -0.08813540637493134, -0.2569047808647156, 0.029287077486515045, -0.392281711101532, -0.2358313351869583, -0.32679834961891174, 0.019623756408691406, 0.09232857078313828, 0.7720494270324707, -0.5870440006256104, -1.3229613304138184, 0.7013196349143982, -0.04079610854387283, 0.4710429310798645, -0.08234092593193054, 0.1240835189819336, -0.05397232621908188, 0.3064163625240326, 0.08619172126054764, 0.03544780611991882, -0.1460355967283249, -0.20671314001083374, -0.09879707545042038, -0.252942830324173, -0.1830093413591385, 0.08876943588256836, 0.19998659193515778]], "pred_rotmat": [[[[0.9328017830848694, -0.21735677123069763, 0.287466436624527], [-0.15862369537353516, -0.9638545513153076, -0.21406282484531403], [0.32360386848449707, 0.15407918393611908, -0.9335631728172302]], [[0.7656896114349365, -0.6002835035324097, -0.23103949427604675], [0.5705884099006653, 0.46810680627822876, 0.6747629642486572], [-0.296897828578949, -0.648487389087677, 0.7009393572807312]], [[0.833026111125946, 0.5393983125686646, 0.12295103073120117], [-0.4830382466316223, 0.6007965803146362, 0.6369596123695374], [0.2697063684463501, -0.5899940729141235, 0.7610292434692383]], [[0.9992378950119019, 0.03739563003182411, -0.011187207885086536], [-0.03772297501564026, 0.8515515327453613, -0.5229120254516602], [-0.010028136894106865, 0.5229355096817017, 0.852313220500946]], [[0.9977289438247681, 0.026492536067962646, -0.06192803010344505], [-0.05624256283044815, 0.8335800170898438, -0.5495280623435974], [0.03706358000636101, 0.5517630577087402, 0.8331769108772278]], [[0.9952086210250854, -0.006026225630193949, 0.09758792072534561], [0.09705471992492676, 0.18171682953834534, -0.9785495400428772], [-0.011836394667625427, 0.9833323955535889, 0.18143102526664734]], [[0.999488115310669, 0.023689981549978256, 0.02150304801762104], [-0.02465072274208069, 0.9986568689346313, 0.04557223245501518], [-0.02039455994963646, -0.04607896879315376, 0.9987296462059021]], [[0.9574857950210571, 0.2700643837451935, 0.10142101347446442], [-0.272085040807724, 0.9622520208358765, 0.0063847703859210014], [-0.09586828202009201, -0.033708468079566956, 0.9948230981826782]], [[0.9951363205909729, -0.0973610132932663, -0.014982437714934349], [0.09776392579078674, 0.9574918746948242, 0.2713882327079773], [-0.012077072635293007, -0.2715330421924591, 0.9623533487319946]], [[0.99949711561203, 0.019938454031944275, 0.02465871348977089], [-0.020515400916337967, 0.9995163083076477, 0.02337023988366127], [-0.0241808220744133, -0.023864369839429855, 0.9994227290153503]], [[0.9328933954238892, -0.3564627766609192, 0.05142179876565933], [0.3427233397960663, 0.9225302338600159, 0.17742225527763367], [-0.11068259924650192, -0.14789260923862457, 0.982790470123291]], [[0.9729225635528564, 0.1703752726316452, -0.15618544816970825], [-0.14157165586948395, 0.9734295010566711, 0.17997878789901733], [0.18269947171211243, -0.15299400687217712, 0.9711918234825134]], [[0.972321629524231, 0.10930708050727844, -0.20650087296962738], [-0.06657479703426361, 0.9767933487892151, 0.2035745084285736], [0.22396080195903778, -0.18419213593006134, 0.9570344090461731]], [[0.9868087768554688, 0.15055689215660095, 0.05950712412595749], [-0.15433216094970703, 0.9858818650245667, 0.0649506226181984], [-0.048888228833675385, -0.07327770441770554, 0.9961126446723938]], [[0.9515864849090576, -0.2957671284675598, 0.08369522541761398], [0.29764729738235474, 0.9546163082122803, -0.010669834911823273], [-0.07674103230237961, 0.035064924508333206, 0.9964342713356018]], [[0.9667784571647644, -0.017673199996352196, -0.25500401854515076], [0.04017515107989311, 0.9957139492034912, 0.08330464363098145], [0.25243881344795227, -0.09078195691108704, 0.9633448123931885]], [[0.9209112524986267, 0.3548908233642578, -0.16116759181022644], [-0.26479142904281616, 0.8730584979057312, 0.4094562232494354], [0.28602099418640137, -0.3343970477581024, 0.8979814648628235]], [[0.7126433849334717, -0.6956648230552673, 0.09049776941537857], [0.6973870992660522, 0.7165120840072632, 0.01617601327598095], [-0.0760958269238472, 0.05158425122499466, 0.9957652688026428]], [[0.1007104218006134, -0.1242436096072197, -0.9871276617050171], [0.7472564578056335, 0.6644946336746216, -0.007397911977022886], [0.6568600535392761, -0.7368924617767334, 0.1597633808851242]], [[0.8878468871116638, 0.06979089975357056, 0.4548153877258301], [-0.08864159882068634, 0.9958582520484924, 0.020224304869771004], [-0.4515202045440674, -0.058271653950214386, 0.8903560042381287]], [[0.9520488977432251, -0.3040356934070587, -0.034135159105062485], [0.2974010109901428, 0.9458651542663574, -0.1299680918455124], [0.07180219888687134, 0.11358415335416794, 0.9909303784370422]], [[0.9887368083000183, 0.14683008193969727, 0.02899295836687088], [-0.14378239214420319, 0.9856582283973694, -0.08834309875965118], [-0.04154856875538826, 0.08317938446998596, 0.9956681728363037]], [[0.9634860157966614, 0.2581738531589508, -0.07099983841180801], [-0.23794865608215332, 0.9471606612205505, 0.21509797871112823], [0.1227809265255928, -0.19034957885742188, 0.9740082025527954]], [[0.9762246012687683, -0.20535343885421753, 0.0693945437669754], [0.18921765685081482, 0.9635049104690552, 0.18935392796993256], [-0.10574647039175034, -0.17172126471996307, 0.9794536828994751]]]], "pred_betas": [[0.14891022443771362, 0.3989905118942261, 0.6821776628494263, 0.424508273601532, 0.21476860344409943, 0.19979405403137207, -0.07682587206363678, 0.15146490931510925, 0.5261128544807434, -0.23653164505958557]], "pred_camera": [1.282656192779541, -0.20350269973278046, 0.3532986640930176]}