{"pred_joints_img": [[372.76507568359375, 148.11146545410156, -45.85709762573242], [370.331298828125, 180.4435272216797, -8.478571891784668], [328.39501953125, 206.0814971923828, -16.080263137817383], [297.294189453125, 260.54962158203125, -13.298746109008789], [281.30206298828125, 308.2759094238281, -50.9987678527832], [410.478759765625, 196.51019287109375, 12.016862869262695], [462.759765625, 228.55816650390625, 32.04643630981445], [508.1120300292969, 194.5267791748047, 8.58253288269043], [380.17584228515625, 303.9528503417969, 6.487382888793945], [369.264892578125, 328.71380615234375, -0.48677852749824524], [336.5157470703125, 376.2587585449219, -75.9009780883789], [328.3133850097656, 460.4954528808594, -24.581897735595703], [400.62835693359375, 323.59490966796875, 8.933490753173828], [481.945556640625, 341.91552734375, -31.867332458496094], [550.0431518554688, 413.584228515625, -30.68756103515625], [365.2908935546875, 139.7991180419922, -35.42169952392578], [381.67889404296875, 140.0706024169922, -36.70384979248047], [356.282958984375, 147.70030212402344, -12.501381874084473], [392.91961669921875, 148.20603942871094, -15.048789978027344], [575.2198486328125, 399.14935302734375, -71.44622039794922], [582.4454345703125, 399.9807434082031, -51.63572692871094], [552.3280639648438, 427.0575866699219, -19.251379013061523], [321.827880859375, 477.86114501953125, -70.51757049560547], [306.44183349609375, 476.7627868652344, -55.16918182373047], [327.49627685546875, 468.502197265625, -8.331761360168457], [328.3133850097656, 460.4954528808594, -24.581897735595703], [336.5157470703125, 376.2587585449219, -75.9009780883789], [345.9037170410156, 303.5867004394531, 2.7883212566375732], [408.43634033203125, 291.7903137207031, 19.677101135253906], [481.945556640625, 341.91552734375, -31.867332458496094], [550.0431518554688, 413.584228515625, -30.68756103515625], [281.30206298828125, 308.2759094238281, -50.9987678527832], [297.294189453125, 260.54962158203125, -13.298746109008789], [328.39501953125, 206.0814971923828, -16.080263137817383], [410.478759765625, 196.51019287109375, 12.016862869262695], [462.759765625, 228.55816650390625, 32.04643630981445], [508.1120300292969, 194.5267791748047, 8.58253288269043], [371.1786193847656, 180.99053955078125, -9.547855377197266], [375.894775390625, 114.57469177246094, -12.623712539672852], [376.3512878417969, 299.4098205566406, 15.589580535888672], [369.99078369140625, 194.96633911132812, -3.275841236114502], [369.49298095703125, 239.4715576171875, 8.280208587646484], [375.5097351074219, 158.9779052734375, -28.713621139526367], [374.9554138183594, 130.27505493164062, -11.86620807647705], [372.76507568359375, 148.11146545410156, -45.85709762573242], [381.67889404296875, 140.0706024169922, -36.70384979248047], [365.2908935546875, 139.7991180419922, -35.42169952392578], [392.91961669921875, 148.20603942871094, -15.048789978027344], [356.282958984375, 147.70030212402344, -12.501381874084473]], "pred_body_pose": [[2.9017975330352783, -0.28827357292175293, 0.37161123752593994, -0.7630948424339294, 0.06777209043502808, 0.711317241191864, -0.747452974319458, -0.1000714898109436, -0.5912812948226929, 0.5251588821411133, -0.0068313670344650745, -0.03096226043999195, 0.6168090105056763, -0.07084007561206818, -0.05911949649453163, 1.43094801902771, 0.059778906404972076, 0.09879447519779205, -0.030797963961958885, 0.010555123910307884, -0.03891417384147644, -0.031870726495981216, 0.1308913379907608, -0.2803255617618561, -0.2786703407764435, -0.04720592498779297, 0.10842715948820114, -0.006521246861666441, 0.019068822264671326, -0.02796849049627781, -0.18787892162799835, 0.06408192962408066, 0.38156941533088684, -0.19094102084636688, -0.15848512947559357, -0.20981605350971222, -0.20647582411766052, -0.18705707788467407, -0.11145737767219543, -0.04469526931643486, 0.06511981785297394, -0.19856037199497223, 0.02129097655415535, 0.050199687480926514, 0.2732565701007843, -0.08146142214536667, -0.20834515988826752, 0.02883210778236389, -0.30752649903297424, -0.17461879551410675, -0.35560789704322815, 0.007394673768430948, 0.10052120685577393, 0.6938437819480896, -0.5216552019119263, -1.1426538228988647, 0.5656067728996277, -0.04780183359980583, 0.6314133405685425, -0.09698471426963806, 0.10914317518472672, -0.03977162390947342, 0.20100031793117523, 0.0719635859131813, 0.04038986191153526, -0.09520087391138077, -0.21176518499851227, -0.09775186330080032, -0.23490233719348907, -0.17737840116024017, 0.09035137295722961, 0.19947819411754608]], "pred_rotmat": [[[[0.949326753616333, -0.21698687970638275, 0.22736603021621704], [-0.16628046333789825, -0.9606442451477051, -0.22251637279987335], [0.26670098304748535, 0.17343424260616302, -0.9480459690093994]], [[0.7671361565589905, -0.6122391223907471, -0.1914820373058319], [0.5650643110275269, 0.5036433339118958, 0.6534873247146606], [-0.3036518394947052, -0.6095134019851685, 0.7323175072669983]], [[0.8335321545600891, 0.5394734144210815, 0.11913275718688965], [-0.47022634744644165, 0.5795580744743347, 0.6655822396278381], [0.29001954197883606, -0.6108035445213318, 0.7367548942565918]], [[0.9995088577270508, 0.02780073881149292, -0.014464793726801872], [-0.03130630403757095, 0.864787220954895, -0.5011615753173828], [-0.0014236943097785115, 0.5013682246208191, 0.8652328252792358]], [[0.9958795309066772, 0.034212373197078705, -0.08398550003767014], [-0.07650914043188095, 0.8141682744026184, -0.5755661129951477], [0.048686813563108444, 0.5796201229095459, 0.8134310841560364]], [[0.994402289390564, -0.03227846696972847, 0.1006094440817833], [0.10410072654485703, 0.13628564774990082, -0.9851849675178528], [0.01808863878250122, 0.9901435971260071, 0.13888296484947205]], [[0.9991873502731323, 0.03873497247695923, 0.01114970538765192], [-0.03905998170375824, 0.9987688660621643, 0.030579425394535065], [-0.009951485320925713, -0.030990080907940865, 0.9994702339172363]], [[0.9525270462036133, 0.2737589478492737, 0.1332225203514099], [-0.27789705991744995, 0.9605207443237305, 0.013160711154341698], [-0.12436012178659439, -0.04955807700753212, 0.9909988045692444]], [[0.993060827255249, -0.10025130212306976, -0.06148091331124306], [0.11330603063106537, 0.9556335806846619, 0.27189379930496216], [0.03149551898241043, -0.2769732177257538, 0.9603613615036011]], [[0.999427080154419, 0.027900785207748413, 0.019156232476234436], [-0.028025122359395027, 0.9995876550674438, 0.006253318395465612], [-0.018973860889673233, -0.0067865923047065735, 0.9997968673706055]], [[0.9262961149215698, -0.37584030628204346, 0.026829050853848457], [0.3639850914478302, 0.9109389781951904, 0.19417788088321686], [-0.09741948544979095, -0.17010080814361572, 0.9805995225906372]], [[0.9657329320907593, 0.2211407721042633, -0.13585492968559265], [-0.19114482402801514, 0.9601122140884399, 0.2040787786245346], [0.17556613683700562, -0.1711176484823227, 0.969481885433197]], [[0.9764707684516907, 0.12895908951759338, -0.172841876745224], [-0.09062528610229492, 0.9726784825325012, 0.21373750269412994], [0.19568295776844025, -0.19304458796977997, 0.9614790678024292]], [[0.9782494902610779, 0.19560286402702332, 0.06904582679271698], [-0.19850236177444458, 0.9793667793273926, 0.03791533410549164], [-0.06020484119653702, -0.05079641938209534, 0.9968926906585693]], [[0.961654543876648, -0.269203245639801, 0.052442774176597595], [0.270265132188797, 0.962681233882904, -0.014202095568180084], [-0.04666242003440857, 0.02783096209168434, 0.9985230565071106]], [[0.9779741764068604, -0.020138127729296684, -0.20775243639945984], [0.03703838959336281, 0.996282160282135, 0.07778166234493256], [0.20541368424892426, -0.08376326411962509, 0.975084125995636]], [[0.92315673828125, 0.36717894673347473, -0.11384733021259308], [-0.31459522247314453, 0.8917823433876038, 0.32519862055778503], [0.22093312442302704, -0.26439347863197327, 0.9387676119804382]], [[0.7641421556472778, -0.6380217671394348, 0.09494760632514954], [0.6387350559234619, 0.7689645886421204, 0.02666410617530346], [-0.09002362191677094, 0.040271203964948654, 0.9951251149177551]], [[0.307889461517334, -0.14915603399276733, -0.9396576881408691], [0.6567287445068359, 0.7479320764541626, 0.09646203368902206], [0.6884122490882874, -0.6467999219894409, 0.3282354474067688]], [[0.8028386831283569, 0.07590389251708984, 0.5913447737693787], [-0.10506844520568848, 0.9943516850471497, 0.015012980438768864], [-0.5868651270866394, -0.07418467849493027, 0.8062791228294373]], [[0.9791026711463928, -0.20136034488677979, -0.028495604172348976], [0.19703899323940277, 0.9739605784416199, -0.11214455962181091], [0.05033506080508232, 0.1041862890124321, 0.9932832717895508]], [[0.9946597218513489, 0.09640055894851685, 0.036862123757600784], [-0.0934978574514389, 0.9928884506225586, -0.07369337975978851], [-0.043704062700271606, 0.06985332071781158, 0.9965993762016296]], [[0.9679272174835205, 0.24089176952838898, -0.07133058458566666], [-0.22037965059280396, 0.9504432082176208, 0.21929539740085602], [0.12062212824821472, -0.1965421736240387, 0.9730474948883057]], [[0.9761807918548584, -0.20480865240097046, 0.07158541679382324], [0.18888802826404572, 0.964607834815979, 0.18399198353290558], [-0.106734998524189, -0.166087806224823, 0.9803175330162048]]]], "pred_betas": [[0.18700259923934937, 0.3087673783302307, 0.7133587598800659, 0.5034589171409607, 0.1995161920785904, 0.11119005084037781, -0.1032639890909195, 0.1857532411813736, 0.4575640559196472, -0.1713355928659439]], "pred_camera": [1.2565335035324097, -0.17074336111545563, 0.34426063299179077]}