{"pred_joints_img": [[369.96563720703125, 148.46099853515625, -48.19766616821289], [367.7562561035156, 179.57913208007812, -10.035358428955078], [326.093994140625, 203.75808715820312, -17.384946823120117], [289.2159423828125, 254.06260681152344, -22.35459327697754], [272.69378662109375, 293.3778991699219, -68.26815795898438], [407.8784484863281, 196.27259826660156, 10.377703666687012], [452.44024658203125, 234.77964782714844, 36.26603317260742], [507.62274169921875, 217.2335205078125, 16.572559356689453], [377.8174743652344, 302.7135925292969, 6.383315563201904], [366.291259765625, 327.3612060546875, 0.7427275776863098], [332.7127685546875, 376.43280029296875, -72.83074188232422], [325.7191162109375, 455.89306640625, -15.063557624816895], [397.7392883300781, 322.5970458984375, 9.400606155395508], [477.47509765625, 349.13482666015625, -29.102964401245117], [539.0109252929688, 425.51470947265625, -21.162841796875], [362.713134765625, 139.710693359375, -38.050743103027344], [379.0495300292969, 140.2920684814453, -39.444576263427734], [353.8493957519531, 146.70767211914062, -14.86768913269043], [390.21435546875, 147.8875274658203, -17.67003059387207], [566.17529296875, 416.2875061035156, -61.755680084228516], [572.7464599609375, 416.3580322265625, -41.882911682128906], [539.8839111328125, 438.0223693847656, -8.61617374420166], [317.81884765625, 475.938720703125, -59.29043960571289], [302.8046569824219, 473.581298828125, -43.85489273071289], [325.207763671875, 462.73199462890625, 1.6374691724777222], [325.7191162109375, 455.89306640625, -15.063557624816895], [332.7127685546875, 376.43280029296875, -72.83074188232422], [343.8229675292969, 301.7908935546875, 3.1393189430236816], [406.40545654296875, 290.62744140625, 18.11037826538086], [477.47509765625, 349.13482666015625, -29.102964401245117], [539.0109252929688, 425.51470947265625, -21.162841796875], [272.69378662109375, 293.3778991699219, -68.26815795898438], [289.2159423828125, 254.06260681152344, -22.35459327697754], [326.093994140625, 203.75808715820312, -17.384946823120117], [407.8784484863281, 196.27259826660156, 10.377703666687012], [452.44024658203125, 234.77964782714844, 36.26603317260742], [507.62274169921875, 217.2335205078125, 16.572559356689453], [368.66668701171875, 180.09661865234375, -11.151932716369629], [373.794677734375, 114.01260375976562, -16.125452041625977], [374.34033203125, 297.6611633300781, 15.046578407287598], [367.452392578125, 193.79922485351562, -4.771850109100342], [367.22271728515625, 238.15615844726562, 6.622732639312744], [372.68133544921875, 158.70086669921875, -30.805938720703125], [372.67138671875, 129.6311492919922, -14.880134582519531], [369.96563720703125, 148.46099853515625, -48.19766616821289], [379.0495300292969, 140.2920684814453, -39.444576263427734], [362.713134765625, 139.710693359375, -38.050743103027344], [390.21435546875, 147.8875274658203, -17.67003059387207], [353.8493957519531, 146.70767211914062, -14.86768913269043]], "pred_body_pose": [[2.9502992630004883, -0.2642183303833008, 0.34887516498565674, -0.7122924327850342, 0.08960380405187607, 0.6879655718803406, -0.7634375691413879, -0.09740465134382248, -0.5772077441215515, 0.4831660985946655, -0.01357190404087305, -0.003756360849365592, 0.6347670555114746, -0.06849239021539688, -0.06363839656114578, 1.4853568077087402, 0.055612560361623764, 0.106123186647892, -0.03173384815454483, 0.014404280111193657, -0.052672743797302246, -0.022962171584367752, 0.13987544178962708, -0.2683771848678589, -0.29644352197647095, -0.0706561878323555, 0.0970308929681778, -0.005104375071823597, 0.027163032442331314, -0.034616634249687195, -0.20254869759082794, 0.06096526235342026, 0.370504766702652, -0.18877404928207397, -0.1275736391544342, -0.2162710577249527, -0.19164258241653442, -0.21006734669208527, -0.1133299171924591, -0.03032783418893814, 0.08701923489570618, -0.24018749594688416, 0.006162338424474001, 0.05912798270583153, 0.2205263078212738, -0.07130412757396698, -0.1777593195438385, 0.022302377969026566, -0.2221941351890564, -0.09501742571592331, -0.45585721731185913, -0.0366753451526165, 0.14066612720489502, 0.5851324200630188, -0.5071467757225037, -1.0359457731246948, 0.49190765619277954, -0.059434954077005386, 0.6953610777854919, -0.08596440404653549, 0.054116737097501755, -0.03546128422021866, 0.18401193618774414, 0.054215844720602036, 0.05701187625527382, -0.10249768942594528, -0.20037369430065155, -0.09813617169857025, -0.23215749859809875, -0.1534775048494339, 0.08795437216758728, 0.1996936947107315]], "pred_rotmat": [[[[0.9572119116783142, -0.19267253577709198, 0.21592295169830322], [-0.1556297391653061, -0.9717879891395569, -0.17722171545028687], [0.24397708475589752, 0.13603469729423523, -0.9601926207542419]], [[0.7785235643386841, -0.6094437837600708, -0.14993125200271606], [0.5507079362869263, 0.5487616658210754, 0.6289526224136353], [-0.30103474855422974, -0.5722227096557617, 0.7628493905067444]], [[0.8414843678474426, 0.5266050696372986, 0.12079354375600815], [-0.4578038454055786, 0.5762484669685364, 0.6770179271697998], [0.28691399097442627, -0.6249997615814209, 0.7259858846664429]], [[0.9999027848243713, 0.00039637996815145016, -0.013939479365944862], [-0.006827185396105051, 0.8855234980583191, -0.4645445644855499], [0.012159593403339386, 0.4645945727825165, 0.8854401111602783]], [[0.9957773685455322, 0.03835829347372055, -0.08340311050415039], [-0.08036382496356964, 0.8033962845802307, -0.5899966359138489], [0.044374480843544006, 0.5942078828811646, 0.8030864596366882]], [[0.994056224822998, -0.036780666559934616, 0.10246631503105164], [0.10518667846918106, 0.08180836588144302, -0.991081714630127], [0.02807006426155567, 0.9959691166877747, 0.08519095182418823]], [[0.9985095262527466, 0.05240926146507263, 0.015230182558298111], [-0.05286620929837227, 0.9981099367141724, 0.031333524733781815], [-0.013559228740632534, -0.03209198638796806, 0.9993929862976074]], [[0.9545547366142273, 0.26268211007118225, 0.14079549908638], [-0.2658693492412567, 0.9640008807182312, 0.003985202871263027], [-0.1346801221370697, -0.041237302124500275, 0.9900307059288025]], [[0.9928575754165649, -0.08500135689973831, -0.0837177261710167], [0.10576900839805603, 0.951766312122345, 0.2880168557167053], [0.05519789084792137, -0.29481443762779236, 0.9539589285850525]], [[0.9990320801734924, 0.03453599661588669, 0.02724248357117176], [-0.03467462956905365, 0.9993879199028015, 0.004632636904716492], [-0.027065815404057503, -0.005572775844484568, 0.9996181130409241]], [[0.9305675625801086, -0.36544811725616455, 0.02217564918100834], [0.35328584909439087, 0.9121941924095154, 0.20758356153964996], [-0.09608951210975647, -0.185336172580719, 0.9779659509658813]], [[0.9687342643737793, 0.2246740758419037, -0.10523984581232071], [-0.20078888535499573, 0.9591332674026489, 0.19936667382717133], [0.145731583237648, -0.17200234532356262, 0.9742572903633118]], [[0.9717357754707336, 0.13154061138629913, -0.1960272639989853], [-0.09159612655639648, 0.975407600402832, 0.2004745751619339], [0.21757705509662628, -0.1768529713153839, 0.9598870873451233]], [[0.9675483703613281, 0.2362346053123474, 0.08968469500541687], [-0.23885919153690338, 0.9708563685417175, 0.019601454958319664], [-0.08244041353464127, -0.04038736969232559, 0.9957773089408875]], [[0.9740490317344666, -0.21843259036540985, 0.0592917762696743], [0.21879538893699646, 0.9757707118988037, 0.0003824447630904615], [-0.05793871358036995, 0.01260024681687355, 0.99824059009552]], [[0.9840016961097717, -0.015846554189920425, -0.1774524748325348], [0.028482306748628616, 0.9972177743911743, 0.06888699531555176], [0.17586715519428253, -0.07283918559551239, 0.9817153215408325]], [[0.893966794013977, 0.4462236166000366, -0.04132666811347008], [-0.42557549476623535, 0.8742393851280212, 0.23364736139774323], [0.1403883546590805, -0.19128535687923431, 0.9714428186416626]], [[0.8243359327316284, -0.5528230667114258, 0.12188854813575745], [0.5478184819221497, 0.8332809805870056, 0.0744158923625946], [-0.1427062302827835, 0.005429101176559925, 0.9897501468658447]], [[0.4241924583911896, -0.14273948967456818, -0.894251823425293], [0.6027847528457642, 0.7814507484436035, 0.1611993908882141], [0.6758042573928833, -0.6074208617210388, 0.4175266921520233]], [[0.7644902467727661, 0.05922648310661316, 0.6419088244438171], [-0.09888015687465668, 0.9947601556777954, 0.025979945436120033], [-0.6370065808296204, -0.08333344757556915, 0.7663407325744629]], [[0.9824966192245483, -0.18380381166934967, -0.030273552983999252], [0.1818908154964447, 0.9816637635231018, -0.05702654644846916], [0.04020014405250549, 0.050521913915872574, 0.9979135394096375]], [[0.9931315183639526, 0.10375604778528214, 0.054078731685876846], [-0.10066936910152435, 0.9932867884635925, -0.05698283389210701], [-0.05962799862027168, 0.051147375255823135, 0.996909499168396]], [[0.9685095548629761, 0.23791396617889404, -0.07339030504226685], [-0.2184193730354309, 0.9533814787864685, 0.2082226723432541], [0.1195080503821373, -0.1856357902288437, 0.9753240942955017]], [[0.9763340950012207, -0.20404304563999176, 0.07168123871088028], [0.19062387943267822, 0.9684712290763855, 0.16039352118968964], [-0.1021483913064003, -0.14293350279331207, 0.9844469428062439]]]], "pred_betas": [[0.09666977822780609, 0.33405187726020813, 0.6044266223907471, 0.5016242265701294, 0.18163777887821198, 0.1399427205324173, -0.13714751601219177, 0.16133558750152588, 0.5463614463806152, -0.11330712586641312]], "pred_camera": [1.2702380418777466, -0.153583824634552, 0.3494468927383423]}