{"pred_joints_img": [[380.6327209472656, 150.9405059814453, -50.38915252685547], [377.56707763671875, 181.42828369140625, -13.20536994934082], [339.65020751953125, 210.0499267578125, -27.388765335083008], [322.12939453125, 269.04937744140625, -18.954301834106445], [313.5353088378906, 327.081787109375, -39.767005920410156], [414.0063171386719, 193.70376586914062, 11.97085952758789], [470.6822509765625, 220.58555603027344, 23.404111862182617], [476.59295654296875, 165.7438507080078, -1.93808913230896], [385.7226257324219, 301.6670227050781, 6.368612766265869], [376.09674072265625, 326.17578125, -1.499226689338684], [357.3155517578125, 378.90093994140625, -76.8564453125], [335.23907470703125, 471.86138916015625, -55.24760818481445], [405.23980712890625, 320.8653259277344, 12.236639976501465], [488.42767333984375, 331.4993896484375, -25.03598976135254], [554.4747924804688, 403.5483703613281, -20.3262939453125], [372.6853942871094, 142.86338806152344, -40.480979919433594], [388.76092529296875, 142.38424682617188, -41.3318977355957], [363.75750732421875, 150.37710571289062, -18.185314178466797], [399.668701171875, 149.31741333007812, -19.618505477905273], [583.7374877929688, 386.41375732421875, -56.21403121948242], [588.418701171875, 388.4709777832031, -36.18613052368164], [555.51318359375, 417.57806396484375, -9.859853744506836], [343.0019226074219, 481.9121398925781, -102.78691864013672], [324.02685546875, 482.430908203125, -92.68633270263672], [329.97540283203125, 482.46099853515625, -41.755210876464844], [335.23907470703125, 471.86138916015625, -55.24760818481445], [357.3155517578125, 378.90093994140625, -76.8564453125], [353.1332702636719, 301.1302795410156, -2.614885091781616], [411.4101257324219, 289.5399475097656, 23.684301376342773], [488.42767333984375, 331.4993896484375, -25.03598976135254], [554.4747924804688, 403.5483703613281, -20.3262939453125], [313.5353088378906, 327.081787109375, -39.767005920410156], [322.12939453125, 269.04937744140625, -18.954301834106445], [339.65020751953125, 210.0499267578125, -27.388765335083008], [414.0063171386719, 193.70376586914062, 11.97085952758789], [470.6822509765625, 220.58555603027344, 23.404111862182617], [476.59295654296875, 165.7438507080078, -1.93808913230896], [378.3446350097656, 182.0762176513672, -14.674165725708008], [381.41143798828125, 117.15518188476562, -18.589391708374023], [380.7115173339844, 296.989013671875, 14.655940055847168], [377.3348388671875, 195.89630126953125, -8.803060531616211], [375.7480773925781, 238.78411865234375, 4.654077053070068], [383.4346618652344, 161.04556274414062, -33.40511703491211], [381.1168518066406, 132.49270629882812, -17.530275344848633], [380.6327209472656, 150.9405059814453, -50.38915252685547], [388.76092529296875, 142.38424682617188, -41.3318977355957], [372.6853942871094, 142.86338806152344, -40.480979919433594], [399.668701171875, 149.31741333007812, -19.618505477905273], [363.75750732421875, 150.37710571289062, -18.185314178466797]], "pred_body_pose": [[2.8999288082122803, -0.31811535358428955, 0.5951069593429565, -0.9080819487571716, 0.0255814790725708, 0.684790313243866, -0.6896890997886658, -0.059524405747652054, -0.5714297890663147, 0.5522767901420593, 0.0005296235904097557, -0.04466816037893295, 0.7070165872573853, 0.00045710819540545344, -0.060235995799303055, 1.0606609582901, 0.0829852893948555, 0.07604032009840012, -0.045026883482933044, 0.02060716226696968, -0.011109123937785625, -0.05195670947432518, 0.09586389362812042, -0.25043773651123047, -0.1722077578306198, -0.005734171252697706, 0.14620910584926605, -0.03343159705400467, 0.025330763310194016, -0.012047195807099342, -0.16338986158370972, 0.10929104685783386, 0.34729239344596863, -0.14608998596668243, -0.17897002398967743, -0.24854609370231628, -0.1838318258523941, -0.23747119307518005, -0.09621108323335648, -0.0868363007903099, 0.0039001163095235825, -0.11198902130126953, 0.028897006064653397, 0.10867203027009964, 0.3340317904949188, -0.10151375830173492, -0.29490721225738525, 0.039799388498067856, -0.39302635192871094, -0.3726937472820282, -0.3941841125488281, 0.019979136064648628, 0.07471199333667755, 0.8798949122428894, -0.44990432262420654, -1.6796457767486572, 0.8154328465461731, -0.11128347367048264, 0.4038573205471039, -0.10508707165718079, 0.0696711540222168, -0.09018183499574661, 0.32459092140197754, 0.021342508494853973, 0.024953603744506836, -0.12354390323162079, -0.1945202499628067, -0.0939476415514946, -0.2651923894882202, -0.19344720244407654, 0.08647371828556061, 0.20439545810222626]], "pred_rotmat": [[[[0.8979603052139282, -0.23939631879329681, 0.3692651391029358], [-0.17405669391155243, -0.9638739824295044, -0.20162172615528107], [0.4041925072669983, 0.11677522957324982, -0.907189130783081]], [[0.7894591689109802, -0.5567647218704224, -0.2583935558795929], [0.535934329032898, 0.4200390577316284, 0.7323534488677979], [-0.29921314120292664, -0.7166451811790466, 0.6299930214881897]], [[0.8457505702972412, 0.516909658908844, 0.1323266625404358], [-0.47853991389274597, 0.6251176595687866, 0.6166259050369263], [0.23602014780044556, -0.5848352909088135, 0.7760555148124695]], [[0.9990274906158447, 0.04255997762084007, -0.011519302614033222], [-0.04227488115429878, 0.8503847718238831, -0.5244602560997009], [-0.012525176629424095, 0.5244372487068176, 0.8513569831848145]], [[0.9982605576515198, 0.05546184256672859, -0.019995616748929024], [-0.05515199154615402, 0.758637011051178, -0.6491749882698059], [-0.020835023373365402, 0.6491485834121704, 0.7603762149810791]], [[0.994243860244751, -0.022428154945373535, 0.10476686805486679], [0.10241276770830154, 0.4862186908721924, -0.8678150177001953], [-0.03147611394524574, 0.873549222946167, 0.48571687936782837]], [[0.9997260570526123, 0.010640516877174377, 0.020848367363214493], [-0.011568194255232811, 0.998924732208252, 0.04489311948418617], [-0.020348267629742622, -0.045121997594833374, 0.9987741708755493]], [[0.9642685651779175, 0.24486029148101807, 0.10114190727472305], [-0.24981015920639038, 0.9674935936927795, 0.039383530616760254], [-0.08821068704128265, -0.06324256956577301, 0.9940922260284424]], [[0.9893404841423035, -0.1444762498140335, -0.018221179023385048], [0.14545951783657074, 0.9745920896530151, 0.17032842338085175], [-0.0068501937203109264, -0.17116324603557587, 0.98521888256073]], [[0.9996066689491272, 0.011620016768574715, 0.025524072349071503], [-0.012466730549931526, 0.9993686676025391, 0.033268433064222336], [-0.025121379643678665, -0.03357354924082756, 0.9991204738616943]], [[0.9345966577529907, -0.3469582498073578, 0.07841573655605316], [0.3293369710445404, 0.9273180961608887, 0.17781497538089752], [-0.13441072404384613, -0.14036008715629578, 0.9809345602989197]], [[0.9535456299781799, 0.25675147771835327, -0.15757359564304352], [-0.23085564374923706, 0.9588385820388794, 0.16533099114894867], [0.19353659451007843, -0.12127389013767242, 0.973568856716156]], [[0.9674466252326965, 0.1162715032696724, -0.22478461265563965], [-0.07297729700803757, 0.9786524176597595, 0.1921294778585434], [0.24232518672943115, -0.16947080194950104, 0.9552791714668274]], [[0.9937321543693542, 0.11144524067640305, 0.008741283789277077], [-0.11178334057331085, 0.9899757504463196, 0.08632770925760269], [0.0009671523002907634, -0.08676374703645706, 0.9962284564971924]], [[0.938942551612854, -0.32560500502586365, 0.11121257394552231], [0.32871291041374207, 0.9443733096122742, -0.010339588858187199], [-0.10165955871343613, 0.046265289187431335, 0.9937428832054138]], [[0.9560864567756653, -0.024301204830408096, -0.29207560420036316], [0.05399252101778984, 0.994104266166687, 0.0940290316939354], [0.28806859254837036, -0.1056697815656662, 0.9517617225646973]], [[0.8582799434661865, 0.4358978569507599, -0.2708294987678528], [-0.2948157787322998, 0.8507821559906006, 0.43503257632255554], [0.42004668712615967, -0.29353490471839905, 0.8587188124656677]], [[0.6348010897636414, -0.7691620588302612, 0.07360194623470306], [0.7705601453781128, 0.6372283101081848, 0.013306437991559505], [-0.05713605508208275, 0.04826779291033745, 0.9971988797187805]], [[-0.2689957916736603, -0.12379735708236694, -0.9551520943641663], [0.6739498972892761, 0.6842764616012573, -0.2784910500049591], [0.6880645155906677, -0.7186375856399536, -0.10063426941633224]], [[0.9142730832099915, 0.07972626388072968, 0.397175669670105], [-0.12397462874650955, 0.988467276096344, 0.0869637280702591], [-0.38566187024116516, -0.12874829769134521, 0.9136130809783936]], [[0.9438113570213318, -0.3213370442390442, -0.07721731066703796], [0.31511569023132324, 0.9454346299171448, -0.08279737085103989], [0.09960978478193283, 0.053812719881534576, 0.9935702681541443]], [[0.9920679330825806, 0.12347362190485, 0.023569121956825256], [-0.1229417696595192, 0.9921513795852661, -0.022823764011263847], [-0.02620226889848709, 0.01974509283900261, 0.9994616508483887]], [[0.960807740688324, 0.2691003084182739, -0.06658431887626648], [-0.2510030269622803, 0.9464426636695862, 0.20308561623096466], [0.11766863614320755, -0.17841337621212006, 0.9768944382667542]], [[0.9755497574806213, -0.20975926518440247, 0.06560242921113968], [0.19315166771411896, 0.9606855511665344, 0.19943848252296448], [-0.10485738515853882, -0.18189094960689545, 0.9777119159698486]]]], "pred_betas": [[0.323015958070755, 0.35578882694244385, 0.643747091293335, 0.33203598856925964, 0.2657002806663513, 0.02989412285387516, -0.0758017897605896, 0.1365293264389038, 0.4576110243797302, -0.3177873492240906]], "pred_camera": [1.1274603605270386, -0.19431200623512268, 0.259094774723053]}