{"pred_joints_img": [[377.5037841796875, 145.8736572265625, -45.39984130859375], [373.512939453125, 179.42361450195312, -9.585528373718262], [333.68084716796875, 206.49688720703125, -21.756288528442383], [311.21124267578125, 265.0792236328125, -17.923526763916016], [298.37890625, 319.6964416503906, -46.44127655029297], [410.966552734375, 192.48483276367188, 14.500229835510254], [465.7940368652344, 217.29827880859375, 37.990230560302734], [495.143798828125, 167.3656768798828, 17.668943405151367], [382.399169921875, 302.3418273925781, 6.357324123382568], [371.8431701660156, 327.025390625, -1.1068623065948486], [344.9190673828125, 379.76129150390625, -75.35884857177734], [323.715087890625, 462.38006591796875, -25.229522705078125], [402.3166198730469, 322.0965576171875, 10.711230278015137], [484.6645202636719, 336.8454895019531, -29.50568389892578], [558.1246337890625, 402.7319641113281, -35.383201599121094], [369.6712951660156, 138.06224060058594, -34.81501770019531], [386.0905456542969, 138.23878479003906, -35.500118255615234], [359.9859619140625, 147.1090850830078, -12.804474830627441], [396.5406494140625, 147.4423370361328, -13.94815731048584], [581.7077026367188, 386.0589599609375, -76.18045043945312], [589.288818359375, 387.1278381347656, -56.54771041870117], [561.3016357421875, 416.60797119140625, -24.663850784301758], [324.1495361328125, 481.7563171386719, -70.70218658447266], [306.6148986816406, 479.64312744140625, -58.05712890625], [319.8651123046875, 469.6080322265625, -9.021560668945312], [323.715087890625, 462.38006591796875, -25.229522705078125], [344.9190673828125, 379.76129150390625, -75.35884857177734], [348.876953125, 301.5902404785156, -0.40276575088500977], [409.587158203125, 290.4468688964844, 21.680559158325195], [484.6645202636719, 336.8454895019531, -29.50568389892578], [558.1246337890625, 402.7319641113281, -35.383201599121094], [298.37890625, 319.6964416503906, -46.44127655029297], [311.21124267578125, 265.0792236328125, -17.923526763916016], [333.68084716796875, 206.49688720703125, -21.756288528442383], [410.966552734375, 192.48483276367188, 14.500229835510254], [465.7940368652344, 217.29827880859375, 37.990230560302734], [495.143798828125, 167.3656768798828, 17.668943405151367], [374.3265380859375, 179.72247314453125, -10.6502685546875], [379.4342956542969, 114.24508666992188, -10.394766807556152], [378.0039367675781, 297.6897888183594, 14.919769287109375], [372.9684143066406, 193.51690673828125, -4.751247882843018], [372.4071350097656, 238.1715545654297, 6.76522159576416], [379.7758483886719, 157.51454162597656, -28.78571128845215], [378.4686584472656, 129.8271026611328, -10.47531795501709], [377.5037841796875, 145.8736572265625, -45.39984130859375], [386.0905456542969, 138.23878479003906, -35.500118255615234], [369.6712951660156, 138.06224060058594, -34.81501770019531], [396.5406494140625, 147.4423370361328, -13.94815731048584], [359.9859619140625, 147.1090850830078, -12.804474830627441]], "pred_body_pose": [[2.9036502838134766, -0.2900747060775757, 0.4892025589942932, -0.8409349322319031, 0.026459388434886932, 0.7000210881233215, -0.6765731573104858, -0.07763686031103134, -0.5852268934249878, 0.5242400765419006, 0.008212610147893429, -0.039950430393218994, 0.5393142104148865, -0.056210875511169434, -0.048299141228199005, 1.3515658378601074, 0.10184769332408905, 0.06520276516675949, -0.04546590894460678, 0.020036673173308372, -0.016254972666502, 0.018236080184578896, 0.1038706824183464, -0.3011630177497864, -0.24268558621406555, -0.009312312118709087, 0.1302543431520462, -0.012829016894102097, 0.030999626964330673, -0.018445543944835663, -0.18019667267799377, 0.06787794828414917, 0.40008795261383057, -0.18853798508644104, -0.16585494577884674, -0.20696881413459778, -0.21295024454593658, -0.1957392543554306, -0.11377161741256714, -0.07055768370628357, 0.08169447630643845, -0.11107031255960464, 0.01859085075557232, 0.0669989213347435, 0.2952935993671417, -0.12037033587694168, -0.2702485918998718, 0.0028780903667211533, -0.3709522485733032, -0.19988895952701569, -0.34148359298706055, 0.006557956337928772, 0.09818583726882935, 0.8175371885299683, -0.5235163569450378, -1.3392283916473389, 0.7082173228263855, -0.0806858241558075, 0.4591241180896759, -0.10405948758125305, 0.11958131939172745, -0.06080058962106705, 0.28913190960884094, 0.060240086168050766, 0.03229764476418495, -0.13507595658302307, -0.2063429206609726, -0.0986567810177803, -0.260450541973114, -0.17835843563079834, 0.0888785570859909, 0.2025924026966095]], "pred_rotmat": [[[[0.9267202615737915, -0.22086571156978607, 0.30398643016815186], [-0.16076532006263733, -0.9642820358276367, -0.2105104774236679], [0.33962321281433105, 0.14621387422084808, -0.9291272759437561]], [[0.7781713604927063, -0.578455924987793, -0.24461816251277924], [0.5583397150039673, 0.45881909132003784, 0.6911886930465698], [-0.2875867486000061, -0.674443244934082, 0.6800147891044617]], [[0.8371391892433167, 0.5342409014701843, 0.11740829795598984], [-0.4851495921611786, 0.6260507106781006, 0.610483705997467], [0.25264179706573486, -0.5680204033851624, 0.7832783460617065]], [[0.9991872906684875, 0.040238261222839355, -0.002393387258052826], [-0.03603117913007736, 0.8649433851242065, -0.5005742311477661], [-0.0180720966309309, 0.5002536177635193, 0.865690290927887]], [[0.9973209500312805, 0.03116162307560444, -0.06618108600378036], [-0.06073568016290665, 0.8569884896278381, -0.5117440819740295], [0.040769629180431366, 0.514392614364624, 0.8565852046012878]], [[0.9937433004379272, 0.011936930939555168, 0.1110493615269661], [0.10584911704063416, 0.2166433483362198, -0.9704957604408264], [-0.03564286604523659, 0.9761779308319092, 0.2140243649482727]], [[0.9996671676635742, 0.015792183578014374, 0.020396988838911057], [-0.016702959313988686, 0.9988346099853516, 0.04528239369392395], [-0.019658109173178673, -0.04560801759362221, 0.9987659454345703]], [[0.9496849775314331, 0.29701724648475647, 0.09939413517713547], [-0.2951391041278839, 0.9548690319061279, -0.03343692049384117], [-0.10483972728252411, 0.0024194461293518543, 0.9944861531257629]], [[0.9915273785591125, -0.12748897075653076, -0.0249005276709795], [0.12973465025424957, 0.9623082280158997, 0.2390226274728775], [-0.00651076203212142, -0.24022793769836426, 0.9706947207450867]], [[0.9993494153022766, 0.018242212012410164, 0.031110355630517006], [-0.018639860674738884, 0.9997475743293762, 0.012540014460682869], [-0.030873747542500496, -0.013111749663949013, 0.9994372129440308]], [[0.9190049767494202, -0.39308664202690125, 0.030210580676794052], [0.3810548782348633, 0.9053007364273071, 0.18769077956676483], [-0.10112839192152023, -0.16097688674926758, 0.981763482093811]], [[0.9651373028755188, 0.21883292496204376, -0.14360414445400238], [-0.18783792853355408, 0.9611532688140869, 0.20224063098430634], [0.18228250741958618, -0.16821567714214325, 0.96875]], [[0.9745767116546631, 0.13262271881103516, -0.18058620393276215], [-0.09127449244260788, 0.9710879921913147, 0.2205834984779358], [0.20461946725845337, -0.1984926462173462, 0.9585047960281372]], [[0.9905136823654175, 0.10775045305490494, 0.08527885377407074], [-0.1135031059384346, 0.9913598299026489, 0.06574808061122894], [-0.07745763659477234, -0.07480379194021225, 0.9941855072975159]], [[0.9545069336891174, -0.2901669442653656, 0.06869985908269882], [0.2914029657840729, 0.9565626978874207, -0.008490456268191338], [-0.06325207650661469, 0.02812354452908039, 0.9976012110710144]], [[0.9637443423271179, 0.013310369104146957, -0.2664951980113983], [0.018982941284775734, 0.9928040504455566, 0.11823588609695435], [0.2661512792110443, -0.11900802701711655, 0.9565566182136536]], [[0.9236169457435608, 0.3611602783203125, -0.1284322738647461], [-0.28881099820137024, 0.8759772777557373, 0.3863314390182495], [0.2520313262939453, -0.31972965598106384, 0.9133745431900024]], [[0.6797236800193787, -0.7279265522956848, 0.08999276906251907], [0.7285348176956177, 0.6842573285102844, 0.03207653760910034], [-0.08492757380008698, 0.04375968873500824, 0.9954257011413574]], [[0.07803381979465485, -0.15997570753097534, -0.9840317964553833], [0.723259687423706, 0.6884172558784485, -0.05456257984042168], [0.6861531138420105, -0.7074528336524963, 0.16942380368709564]], [[0.8912790417671204, 0.08197485655546188, 0.4459840655326843], [-0.11832073330879211, 0.9914942383766174, 0.054215364158153534], [-0.4377463459968567, -0.10109017789363861, 0.893397331237793]], [[0.956721305847168, -0.28786569833755493, -0.04263479262590408], [0.2806564271450043, 0.9514645338058472, -0.12628233432769775], [0.07691784203052521, 0.10885126888751984, 0.9910777807235718]], [[0.9903740882873535, 0.13553158938884735, 0.02811369299888611], [-0.13358967006206512, 0.9890837073326111, -0.06218741834163666], [-0.036235153675079346, 0.05783310532569885, 0.9976685047149658]], [[0.9616029262542725, 0.2653435468673706, -0.07009000331163406], [-0.24518941342830658, 0.9453446269035339, 0.21495534479618073], [0.12329620867967606, -0.1895163655281067, 0.9741055965423584]], [[0.9756926894187927, -0.20774957537651062, 0.06974136829376221], [0.1920037418603897, 0.96381676197052, 0.18491017818450928], [-0.10563291609287262, -0.1670249104499817, 0.9802776575088501]]]], "pred_betas": [[0.15411968529224396, 0.3684042990207672, 0.6024036407470703, 0.4164082407951355, 0.25604939460754395, 0.1682000458240509, -0.11163517832756042, 0.17797662317752838, 0.5656663179397583, -0.2046881914138794]], "pred_camera": [1.2562147378921509, -0.20555011928081512, 0.3540441393852234]}