{"pred_joints_img": [[367.1567687988281, 149.08642578125, -47.431739807128906], [367.7915954589844, 181.80892944335938, -10.427794456481934], [325.25396728515625, 204.29562377929688, -15.599946022033691], [285.781494140625, 252.37417602539062, -19.846933364868164], [269.68890380859375, 286.86572265625, -69.35892486572266], [408.69232177734375, 199.14688110351562, 8.294835090637207], [450.0106506347656, 241.4622039794922, 33.03042221069336], [506.8053894042969, 243.13827514648438, 10.840242385864258], [376.0166015625, 304.4339904785156, 6.418745517730713], [364.23529052734375, 328.7031555175781, 0.01314371358603239], [334.3267517089844, 370.1419982910156, -78.87596893310547], [323.851318359375, 454.12127685546875, -29.590869903564453], [395.7527160644531, 324.5549011230469, 8.214116096496582], [471.57867431640625, 348.31756591796875, -37.73432540893555], [526.3821411132812, 428.12158203125, -23.545377731323242], [360.5191345214844, 141.2283477783203, -36.28548812866211], [376.6810607910156, 141.3677520751953, -38.86781692504883], [353.4161682128906, 149.7775115966797, -13.096874237060547], [389.5893249511719, 150.07421875, -18.43149757385254], [553.177490234375, 422.5968322753906, -64.6890640258789], [560.0437622070312, 421.96697998046875, -45.06071853637695], [526.76611328125, 439.80694580078125, -10.138494491577148], [318.24774169921875, 470.67803955078125, -75.47002410888672], [302.42431640625, 469.298828125, -60.742286682128906], [322.6593017578125, 462.3801574707031, -13.554184913635254], [323.851318359375, 454.12127685546875, -29.590869903564453], [334.3267517089844, 370.1419982910156, -78.87596893310547], [341.7856140136719, 303.26422119140625, 4.115995407104492], [404.93145751953125, 293.1819152832031, 18.327239990234375], [471.57867431640625, 348.31756591796875, -37.73432540893555], [526.3821411132812, 428.12158203125, -23.545377731323242], [269.68890380859375, 286.86572265625, -69.35892486572266], [285.781494140625, 252.37417602539062, -19.846933364868164], [325.25396728515625, 204.29562377929688, -15.599946022033691], [408.69232177734375, 199.14688110351562, 8.294835090637207], [450.0106506347656, 241.4622039794922, 33.03042221069336], [506.8053894042969, 243.13827514648438, 10.840242385864258], [368.52685546875, 182.1648712158203, -11.467991828918457], [372.6743469238281, 116.697509765625, -13.73390007019043], [372.68206787109375, 299.8971252441406, 15.624661445617676], [367.48114013671875, 195.666748046875, -4.95782995223999], [366.576904296875, 239.9606170654297, 7.6037917137146], [371.27508544921875, 160.35739135742188, -30.905956268310547], [371.8890380859375, 132.306884765625, -13.311676979064941], [367.1567687988281, 149.08642578125, -47.431739807128906], [376.6810607910156, 141.3677520751953, -38.86781692504883], [360.5191345214844, 141.2283477783203, -36.28548812866211], [389.5893249511719, 150.07421875, -18.43149757385254], [353.4161682128906, 149.7775115966797, -13.096874237060547]], "pred_body_pose": [[2.9146440029144287, -0.240141361951828, 0.3234029710292816, -0.7565975189208984, 0.043466802686452866, 0.6628174781799316, -0.8298090696334839, -0.052220530807971954, -0.5392049551010132, 0.537081241607666, -0.015143139287829399, -0.0034778143744915724, 0.8104014992713928, -0.10290809720754623, -0.07214469462633133, 1.4847099781036377, 0.07729295641183853, 0.10404438525438309, -0.036830950528383255, -0.0026590435300022364, -0.0480400025844574, -0.05202731862664223, 0.13592490553855896, -0.24391357600688934, -0.2777435779571533, -0.08140179514884949, 0.11306170374155045, 0.005484089255332947, 0.01554073579609394, -0.030194580554962158, -0.23302708566188812, 0.07595329731702805, 0.35008639097213745, -0.20685285329818726, -0.11887824535369873, -0.24480584263801575, -0.22482120990753174, -0.23278295993804932, -0.09783229976892471, -0.011701298877596855, 0.06652559340000153, -0.24154514074325562, -0.004553291015326977, 0.05581458657979965, 0.181204691529274, -0.12042407691478729, -0.18300224840641022, 0.046745505183935165, -0.15563122928142548, -0.10282774269580841, -0.5312657952308655, -0.03352395072579384, 0.154099240899086, 0.5847933292388916, -0.41402187943458557, -0.8839507699012756, 0.3943392038345337, -0.04284309595823288, 0.7920723557472229, -0.12230090796947479, 0.06151591241359711, -0.009286104701459408, 0.15256083011627197, 0.07688689231872559, 0.040462929755449295, -0.1098918467760086, -0.2081063687801361, -0.09805512428283691, -0.22076855599880219, -0.1612531840801239, 0.09288319945335388, 0.20221464335918427]], "pred_rotmat": [[[[0.9628867506980896, -0.1818499118089676, 0.1994485855102539], [-0.13833971321582794, -0.9670256972312927, -0.21383000910282135], [0.23175691068172455, 0.17830242216587067, -0.9562932848930359]], [[0.7974085211753845, -0.5714801549911499, -0.19377857446670532], [0.541279137134552, 0.5354311466217041, 0.6483289003372192], [-0.2667520344257355, -0.6218712329864502, 0.7362876534461975]], [[0.8648875951766968, 0.4751344323158264, 0.1619156301021576], [-0.43523356318473816, 0.5491212010383606, 0.7134687304496765], [0.2500822842121124, -0.6875414252281189, 0.6817225813865662]], [[0.9998821020126343, -0.0006567636737599969, -0.015336628071963787], [-0.00728251039981842, 0.8592026233673096, -0.5115835666656494], [0.013513274490833282, 0.5116350054740906, 0.8590965270996094]], [[0.992535412311554, 0.02491234801709652, -0.11938577890396118], [-0.10373876988887787, 0.6871612071990967, -0.7190604209899902], [0.06412377208471298, 0.7260777354240417, 0.684616208076477]], [[0.9930443167686462, -0.022071918472647667, 0.11565326154232025], [0.1171000748872757, 0.08282648026943207, -0.9896601438522339], [0.012264559976756573, 0.9963195323944092, 0.084834985435009]], [[0.9988428950309753, 0.04805956780910492, -0.001773008145391941], [-0.04796165972948074, 0.998168408870697, 0.036872271448373795], [0.0035418258048594, -0.03674456849694252, 0.9993184208869934]], [[0.961276650428772, 0.2371349036693573, 0.14040714502334595], [-0.24415931105613708, 0.9691082239151001, 0.03486475721001625], [-0.1278020590543747, -0.06779638677835464, 0.9894797801971436]], [[0.9903732538223267, -0.1000373512506485, -0.09567335247993469], [0.12246483564376831, 0.955398440361023, 0.26873090863227844], [0.06452303379774094, -0.27786052227020264, 0.9584521055221558]], [[0.9994233846664429, 0.030231237411499023, 0.015454885549843311], [-0.030146019533276558, 0.9995291829109192, -0.00571760768070817], [-0.015620458871126175, 0.0052484082989394665, 0.9998641610145569]], [[0.9368059039115906, -0.3482428789138794, 0.03348962217569351], [0.330811470746994, 0.9129065871238708, 0.23909258842468262], [-0.11383520066738129, -0.21290460228919983, 0.9704190492630005]], [[0.9633282423019409, 0.25224190950393677, -0.09150277078151703], [-0.22789013385772705, 0.9491391777992249, 0.2172577679157257], [0.14165037870407104, -0.18843795359134674, 0.9718160033226013]], [[0.9684229493141174, 0.1218981146812439, -0.21748052537441254], [-0.07006019353866577, 0.9702273607254028, 0.23184141516685486], [0.23926658928394318, -0.20928382873535156, 0.9481306672096252]], [[0.9687793850898743, 0.2386334091424942, 0.06723611056804657], [-0.23940780758857727, 0.9709124565124512, 0.003586568869650364], [-0.06442449986934662, -0.019571438431739807, 0.9977306723594666]], [[0.9820785522460938, -0.18024694919586182, 0.05506925284862518], [0.17999356985092163, 0.9836211800575256, 0.00956783164292574], [-0.055891864001750946, 0.000515748979523778, 0.9984365701675415]], [[0.982236921787262, -0.03538261726498604, -0.18427854776382446], [0.05732850357890129, 0.9916912317276001, 0.11516010761260986], [0.17867277562618256, -0.12367893010377884, 0.976104199886322]], [[0.857418954372406, 0.5114279985427856, -0.05721980705857277], [-0.4958431124687195, 0.8507736325263977, 0.17413745820522308], [0.1377398669719696, -0.12093671411275864, 0.9830574989318848]], [[0.8226574659347534, -0.5521929860115051, 0.1353423297405243], [0.5471829771995544, 0.8336272239685059, 0.0752088725566864], [-0.15435487031936646, 0.012185882776975632, 0.98794025182724]], [[0.5732603073120117, -0.158731147646904, -0.8038513660430908], [0.492129921913147, 0.8510910272598267, 0.1828993409872055], [0.6551188826560974, -0.5004482269287109, 0.5660130381584167]], [[0.6957066059112549, 0.09351100027561188, 0.712213397026062], [-0.12566284835338593, 0.9920446276664734, -0.007501424290239811], [-0.7072489857673645, -0.08427997678518295, 0.7019228339195251]], [[0.9883459210395813, -0.1521565318107605, -0.004562295973300934], [0.15158657729625702, 0.9865010380744934, -0.06194473057985306], [0.013926004990935326, 0.06053123250603676, 0.998069167137146]], [[0.9931544661521912, 0.11108573526144028, 0.036112990230321884], [-0.10797976702451706, 0.9910207986831665, -0.07885529100894928], [-0.04454842582345009, 0.07441601157188416, 0.996231734752655]], [[0.9710695743560791, 0.2271636724472046, -0.07362441718578339], [-0.20693008601665497, 0.954365074634552, 0.21533052623271942], [0.11917984485626221, -0.1938658058643341, 0.9737618565559387]], [[0.9753963351249695, -0.2071208655834198, 0.07551697641611099], [0.19223715364933014, 0.9667633175849915, 0.16856339573860168], [-0.10792003571987152, -0.1498989760875702, 0.9827937483787537]]]], "pred_betas": [[0.14695313572883606, 0.2615925669670105, 0.6012492179870605, 0.634702205657959, 0.27658021450042725, 0.12451617419719696, -0.11951178312301636, 0.1757892668247223, 0.6338690519332886, -0.1504180133342743]], "pred_camera": [1.2511951923370361, -0.11496847122907639, 0.34596243500709534]}