{"pred_joints_img": [[378.9494934082031, 145.26759338378906, -46.543392181396484], [375.8912048339844, 179.71762084960938, -11.12411117553711], [336.37445068359375, 208.06906127929688, -23.93223762512207], [315.86334228515625, 267.7700500488281, -18.78016471862793], [303.0574951171875, 324.57275390625, -43.876590728759766], [413.4012451171875, 191.18927001953125, 13.7242431640625], [471.69744873046875, 209.95606994628906, 35.67497634887695], [492.4734802246094, 154.9265594482422, 16.62601089477539], [386.0133361816406, 303.0909729003906, 6.4943766593933105], [375.6803283691406, 328.14886474609375, -0.9958780407905579], [350.44366455078125, 380.39129638671875, -76.80277252197266], [324.2046813964844, 467.5591735839844, -36.60333251953125], [406.2446594238281, 322.78125, 11.325129508972168], [488.7910461425781, 336.83782958984375, -29.82000732421875], [564.046630859375, 401.420654296875, -36.908058166503906], [370.7425537109375, 137.91299438476562, -35.72726058959961], [387.2908020019531, 137.47752380371094, -36.35087585449219], [361.2079162597656, 147.84823608398438, -13.778857231140137], [398.1575012207031, 146.8408203125, -14.776773452758789], [585.582275390625, 383.1029052734375, -78.71370697021484], [593.8745727539062, 383.8208923339844, -59.16254806518555], [568.3203125, 415.2593688964844, -26.260889053344727], [328.1813049316406, 483.82037353515625, -83.58988952636719], [309.4292297363281, 482.3177795410156, -72.2284164428711], [319.0937194824219, 476.14404296875, -21.183061599731445], [324.2046813964844, 467.5591735839844, -36.60333251953125], [350.44366455078125, 380.39129638671875, -76.80277252197266], [352.205322265625, 302.6772766113281, -0.7609692215919495], [413.2734375, 290.7222900390625, 22.36387825012207], [488.7910461425781, 336.83782958984375, -29.82000732421875], [564.046630859375, 401.420654296875, -36.908058166503906], [303.0574951171875, 324.57275390625, -43.876590728759766], [315.86334228515625, 267.7700500488281, -18.78016471862793], [336.37445068359375, 208.06906127929688, -23.93223762512207], [413.4012451171875, 191.18927001953125, 13.7242431640625], [471.69744873046875, 209.95606994628906, 35.67497634887695], [492.4734802246094, 154.9265594482422, 16.62601089477539], [376.60296630859375, 179.93414306640625, -12.14879322052002], [379.6569519042969, 114.1220703125, -10.561470031738281], [381.43853759765625, 298.3735656738281, 15.117835998535156], [375.5167236328125, 193.69558715820312, -6.271386623382568], [375.5474853515625, 238.70684814453125, 5.848923206329346], [381.62109375, 157.30148315429688, -30.064048767089844], [379.24462890625, 129.8184051513672, -10.99344253540039], [378.9494934082031, 145.26759338378906, -46.543392181396484], [387.2908020019531, 137.47752380371094, -36.35087585449219], [370.7425537109375, 137.91299438476562, -35.72726058959961], [398.1575012207031, 146.8408203125, -14.776773452758789], [361.2079162597656, 147.84823608398438, -13.778857231140137]], "pred_body_pose": [[2.9082744121551514, -0.3077871799468994, 0.5086290836334229, -0.8588871955871582, 0.012381193228065968, 0.6874758005142212, -0.6903361082077026, -0.05011582002043724, -0.5965690612792969, 0.5384674072265625, 0.008785707876086235, -0.044113658368587494, 0.5270113348960876, -0.06155582144856453, -0.04523094370961189, 1.2513608932495117, 0.11604610830545425, 0.05377122759819031, -0.05819373205304146, 0.025615431368350983, -0.007392053492367268, -0.015615609474480152, 0.08686284720897675, -0.27572521567344666, -0.22161632776260376, 0.0036539463326334953, 0.14835487306118011, -0.01951461285352707, 0.03273552283644676, -0.015048849396407604, -0.1564059853553772, 0.07942739129066467, 0.36830657720565796, -0.17011567950248718, -0.15199774503707886, -0.21471436321735382, -0.23502902686595917, -0.19607238471508026, -0.10750570148229599, -0.08758009225130081, 0.07609570026397705, -0.07665269821882248, 0.014086639508605003, 0.06659404933452606, 0.3013637363910675, -0.13108448684215546, -0.28409865498542786, 0.004658464342355728, -0.4191857874393463, -0.23605449497699738, -0.29952630400657654, 0.0060803587548434734, 0.08663291484117508, 0.8363577723503113, -0.5815490484237671, -1.3860363960266113, 0.7105988264083862, -0.11773332953453064, 0.4111514389514923, -0.09826599061489105, 0.09522857517004013, -0.0701589584350586, 0.3098096251487732, 0.0451338030397892, 0.03161677345633507, -0.1467180699110031, -0.19769524037837982, -0.09667558968067169, -0.25891241431236267, -0.18287250399589539, 0.08699898421764374, 0.2024909257888794]], "pred_rotmat": [[[[0.9203783273696899, -0.23117876052856445, 0.31537312269210815], [-0.17212849855422974, -0.9637011885643005, -0.20408809185028076], [0.3511062264442444, 0.13355354964733124, -0.9267621636390686]], [[0.7865151762962341, -0.5617398619651794, -0.2565971612930298], [0.5521361231803894, 0.4534775912761688, 0.6996454000473022], [-0.27665767073631287, -0.6919583678245544, 0.6668238639831543]], [[0.8329241275787354, 0.5330750346183777, 0.14855453372001648], [-0.5008195638656616, 0.6119381785392761, 0.6121367812156677], [0.23540864884853363, -0.584262490272522, 0.7766724824905396]], [[0.9990127682685852, 0.04430655017495155, -0.0032263288740068674], [-0.03968971595168114, 0.8575700521469116, -0.5128336548805237], [-0.01995508372783661, 0.5124554634094238, 0.8584819436073303]], [[0.9971508979797363, 0.027282699942588806, -0.07032711803913116], [-0.058963943272829056, 0.8633814454078674, -0.5010946989059448], [0.047047894448041916, 0.5038136839866638, 0.8625302910804749]], [[0.9928441643714905, 0.022853286936879158, 0.11721037328243256], [0.10419664531946182, 0.3137257993221283, -0.9437793493270874], [-0.058340396732091904, 0.949238657951355, 0.30909958481788635]], [[0.9996447563171387, 0.006641932763159275, 0.02581295557320118], [-0.008132081478834152, 0.9982800483703613, 0.05805935710668564], [-0.025382930412888527, -0.05824864283204079, 0.9979794025421143]], [[0.9585062265396118, 0.2712162435054779, 0.08779235929250717], [-0.2725631892681122, 0.9621315002441406, 0.0035066555719822645], [-0.08351673185825348, -0.027290120720863342, 0.9961326122283936]], [[0.9890539050102234, -0.14700469374656677, -0.012730932794511318], [0.14619971811771393, 0.9646487832069397, 0.21926762163639069], [-0.01995249092578888, -0.21872873604297638, 0.975581705570221]], [[0.9993510246276855, 0.014725271612405777, 0.03287317603826523], [-0.015364004299044609, 0.9996963739395142, 0.01926286891102791], [-0.03257954493165016, -0.01975543238222599, 0.9992738366127014]], [[0.9299996495246887, -0.3643013536930084, 0.048837147653102875], [0.3520497977733612, 0.9210478067398071, 0.16652880609035492], [-0.10564802587032318, -0.13767863810062408, 0.984826385974884]], [[0.9656793475151062, 0.224042609333992, -0.13140937685966492], [-0.1983962059020996, 0.9627851247787476, 0.18353168666362762], [0.1676378846168518, -0.15116161108016968, 0.974190890789032]], [[0.9752175211906433, 0.12846991419792175, -0.18012824654579163], [-0.08278995007276535, 0.9668938517570496, 0.24137556552886963], [0.20517437160015106, -0.22048088908195496, 0.9535678625106812]], [[0.9941762685775757, 0.07307903468608856, 0.07920191437005997], [-0.07973276823759079, 0.9932379722595215, 0.08438634127378464], [-0.07249946892261505, -0.09020988643169403, 0.9932804107666016]], [[0.9527502655982971, -0.2961268424987793, 0.06764542311429977], [0.29705747961997986, 0.9548516273498535, -0.003908657003194094], [-0.06343387812376022, 0.023818550631403923, 0.9977018237113953]], [[0.959961473941803, 0.013886208645999432, -0.2797878384590149], [0.023051833733916283, 0.9914675354957581, 0.12829935550689697], [0.2791821360588074, -0.1296120584011078, 0.951450526714325]], [[0.9292065501213074, 0.3319147825241089, -0.16250447928905487], [-0.23558409512043, 0.8707976341247559, 0.43152227997779846], [0.28473716974258423, -0.36268988251686096, 0.8873447179794312]], [[0.666843593120575, -0.7409796714782715, 0.07917537540197372], [0.7414761781692505, 0.6703627705574036, 0.028754426166415215], [-0.07438267767429352, 0.03953194618225098, 0.996445894241333]], [[0.04188710078597069, -0.10727108269929886, -0.9933471083641052], [0.7439322471618652, 0.667016863822937, -0.040660977363586426], [0.6669410467147827, -0.7372797131538391, 0.1077418178319931]], [[0.9120738506317139, 0.07132530957460403, 0.40377482771873474], [-0.11895966529846191, 0.9884288311004639, 0.09411201626062393], [-0.39239010214805603, -0.13387003540992737, 0.9100049138069153]], [[0.9500085711479187, -0.3074724078178406, -0.054263412952423096], [0.3008522689342499, 0.9479542970657349, -0.10426145792007446], [0.08349676430225372, 0.08272399753332138, 0.9930684566497803]], [[0.988760232925415, 0.1468302309513092, 0.02818330004811287], [-0.14540614187717438, 0.988242506980896, -0.04726390168070793], [-0.034791700541973114, 0.04263463243842125, 0.9984849095344543]], [[0.962175190448761, 0.2634230852127075, -0.06947828084230423], [-0.2444940209388733, 0.9474490284919739, 0.20630794763565063], [0.12017341703176498, -0.1815173476934433, 0.9760172963142395]], [[0.9758798480033875, -0.2076350748538971, 0.06742585450410843], [0.19183377921581268, 0.9630312323570251, 0.18913128972053528], [-0.1042034924030304, -0.17163483798503876, 0.979634165763855]]]], "pred_betas": [[0.15677176415920258, 0.2868145704269409, 0.544852077960968, 0.421718031167984, 0.3057512938976288, 0.21673715114593506, -0.06869116425514221, 0.1986154317855835, 0.5603340864181519, -0.2816663086414337]], "pred_camera": [1.2656627893447876, -0.20755089819431305, 0.3604443669319153]}