{"pred_joints_img": [[381.55535888671875, 151.12510681152344, -51.18408966064453], [378.5719909667969, 181.32833862304688, -13.519880294799805], [340.7394714355469, 209.82131958007812, -27.915842056274414], [321.53863525390625, 268.58209228515625, -19.653032302856445], [312.10626220703125, 325.3160400390625, -44.16765213012695], [414.9886474609375, 193.6011199951172, 11.921128273010254], [470.8674621582031, 223.20608520507812, 21.95587730407715], [476.5916748046875, 168.19577026367188, -3.669680595397949], [386.40460205078125, 301.7732238769531, 6.298160552978516], [376.9336853027344, 326.2100524902344, -2.2246270179748535], [358.972900390625, 378.74371337890625, -78.52557373046875], [334.338134765625, 471.03314208984375, -54.84184646606445], [405.7593994140625, 321.1997375488281, 12.353463172912598], [490.28704833984375, 331.0977783203125, -23.28192138671875], [551.717529296875, 407.3567199707031, -14.491822242736816], [373.506591796875, 142.99571228027344, -41.322147369384766], [389.63153076171875, 142.4087677001953, -42.18027877807617], [364.60845947265625, 150.40478515625, -18.929222106933594], [400.5634460449219, 149.09031677246094, -20.322412490844727], [584.015869140625, 390.8547058105469, -48.14488983154297], [587.339111328125, 393.5943603515625, -27.920944213867188], [551.4322509765625, 421.3739013671875, -3.973304271697998], [342.7494201660156, 482.24798583984375, -102.13426208496094], [323.5749206542969, 482.327880859375, -92.35014343261719], [328.55584716796875, 481.1588439941406, -41.15370559692383], [334.338134765625, 471.03314208984375, -54.84184646606445], [358.972900390625, 378.74371337890625, -78.52557373046875], [354.09930419921875, 300.9599304199219, -3.5046942234039307], [411.6902770996094, 289.9969787597656, 24.518470764160156], [490.28704833984375, 331.0977783203125, -23.28192138671875], [551.717529296875, 407.3567199707031, -14.491822242736816], [312.10626220703125, 325.3160400390625, -44.16765213012695], [321.53863525390625, 268.58209228515625, -19.653032302856445], [340.7394714355469, 209.82131958007812, -27.915842056274414], [414.9886474609375, 193.6011199951172, 11.921128273010254], [470.8674621582031, 223.20608520507812, 21.95587730407715], [476.5916748046875, 168.19577026367188, -3.669680595397949], [379.3554992675781, 181.98611450195312, -15.064180374145508], [382.04046630859375, 116.94564819335938, -19.587282180786133], [381.2217102050781, 297.2293701171875, 14.578132629394531], [378.3602294921875, 195.80929565429688, -9.118805885314941], [376.5672607421875, 238.79107666015625, 4.735464096069336], [384.40533447265625, 161.06932067871094, -34.05366897583008], [381.855224609375, 132.32659912109375, -18.38931655883789], [381.55535888671875, 151.12510681152344, -51.18408966064453], [389.63153076171875, 142.4087677001953, -42.18027877807617], [373.506591796875, 142.99571228027344, -41.322147369384766], [400.5634460449219, 149.09031677246094, -20.322412490844727], [364.60845947265625, 150.40478515625, -18.929222106933594]], "pred_body_pose": [[2.877532958984375, -0.3122386038303375, 0.6319475769996643, -0.9146743416786194, 0.033828385174274445, 0.6809388995170593, -0.6711634993553162, -0.0597589872777462, -0.5779799222946167, 0.5689642429351807, -0.0019567543640732765, -0.03627626597881317, 0.7811980247497559, 0.016915906220674515, -0.0650031641125679, 1.0905132293701172, 0.0876140147447586, 0.06956249475479126, -0.0428626574575901, 0.0127807492390275, -0.005519258789718151, -0.06757750362157822, 0.08394146710634232, -0.22611960768699646, -0.17460837960243225, -0.0004760700976476073, 0.14013579487800598, -0.03502853587269783, 0.020356466993689537, -0.008864142000675201, -0.17026326060295105, 0.13384900987148285, 0.31073570251464844, -0.1488349735736847, -0.18334922194480896, -0.22893260419368744, -0.17525583505630493, -0.24870061874389648, -0.0902605652809143, -0.07998532056808472, -0.007692944724112749, -0.1165575161576271, 0.028666917234659195, 0.10312751680612564, 0.32187438011169434, -0.10876476019620895, -0.2911554276943207, 0.04376470670104027, -0.3876796066761017, -0.3939885199069977, -0.4345928430557251, 0.014073606580495834, 0.059069301933050156, 0.8669120073318481, -0.4207247495651245, -1.7008072137832642, 0.843841016292572, -0.12333358079195023, 0.4576040804386139, -0.13080795109272003, 0.08345387130975723, -0.08410368114709854, 0.34861376881599426, 0.029852014034986496, 0.024252837523818016, -0.1518511027097702, -0.19153617322444916, -0.09421525150537491, -0.2605280578136444, -0.18915116786956787, 0.08752944320440292, 0.20288428664207458]], "pred_rotmat": [[[[0.887688398361206, -0.24107326567173004, 0.39229193329811096], [-0.16512271761894226, -0.9619869589805603, -0.21752123534679413], [0.429818332195282, 0.1283147633075714, -0.893751323223114]], [[0.7917264699935913, -0.5564203858375549, -0.2521219551563263], [0.5286920666694641, 0.4173695743083954, 0.7391124963760376], [-0.3060292899608612, -0.7184697985649109, 0.6246175765991211]], [[0.8419837355613708, 0.5237700343132019, 0.12933799624443054], [-0.486227810382843, 0.6328336000442505, 0.6025812029838562], [0.23376454412937164, -0.5702513456344604, 0.7875071167945862]], [[0.9993577599525452, 0.03380100429058075, -0.01189588475972414], [-0.0348844937980175, 0.8418365120887756, -0.5386040210723877], [-0.00819096527993679, 0.5386731028556824, 0.8424749970436096]], [[0.9978574514389038, 0.06482016295194626, -0.008880608715116978], [-0.052268777042627335, 0.7081738710403442, -0.7041006088256836], [-0.039350900799036026, 0.7030562162399292, 0.7100446224212646]], [[0.9943445324897766, -0.01326790638267994, 0.10537054389715195], [0.0996190756559372, 0.46041586995124817, -0.8820959329605103], [-0.03681070730090141, 0.8876041769981384, 0.45913374423980713]], [[0.9999030828475952, 0.005243528168648481, 0.012894689105451107], [-0.005791253410279751, 0.9990663528442383, 0.042812880128622055], [-0.012658159248530865, -0.042883411049842834, 0.9989998936653137]], [[0.9710636138916016, 0.220940962433815, 0.09066687524318695], [-0.22658392786979675, 0.9722968935966492, 0.05743216350674629], [-0.07546599954366684, -0.07631394267082214, 0.9942238330841064]], [[0.9902218580245972, -0.13892659544944763, -0.012655522674322128], [0.13900935649871826, 0.9750415086746216, 0.17312006652355194], [-0.011711317114531994, -0.1731864959001541, 0.9848195314407349]], [[0.9997535347938538, 0.008505121804773808, 0.020505860447883606], [-0.009218079969286919, 0.9993473291397095, 0.03492828831076622], [-0.020195405930280685, -0.03510870784521103, 0.9991794228553772]], [[0.9434448480606079, -0.31461822986602783, 0.10453283041715622], [0.29209983348846436, 0.9379737377166748, 0.18676970899105072], [-0.1568102091550827, -0.14567291736602783, 0.9768264293670654]], [[0.957372784614563, 0.2383490800857544, -0.1631777435541153], [-0.2113054245710373, 0.9630538821220398, 0.16696476936340332], [0.19694484770298004, -0.1253671944141388, 0.9723660349845886]], [[0.965293288230896, 0.1103639230132103, -0.2367037981748581], [-0.06714227050542831, 0.980731725692749, 0.18345887959003448], [0.25239017605781555, -0.16119879484176636, 0.9541038274765015]], [[0.9931889772415161, 0.11647571623325348, -0.0030136071145534515], [-0.11586140841245651, 0.990024983882904, 0.08016600459814072], [0.012320938520133495, -0.07927082479000092, 0.9967769384384155]], [[0.9434263706207275, -0.31427323818206787, 0.10573071986436844], [0.3172013461589813, 0.948286235332489, -0.011681810952723026], [-0.09659171104431152, 0.04455885663628578, 0.994326114654541]], [[0.9570112824440002, -0.027345482259988785, -0.2887588441371918], [0.05875379964709282, 0.9931836128234863, 0.10066864639520645], [0.2840377390384674, -0.11330670118331909, 0.952094554901123]], [[0.8349235653877258, 0.4729333221912384, -0.2814900279045105], [-0.3263821005821228, 0.8372893929481506, 0.43865835666656494], [0.4431447982788086, -0.2743729054927826, 0.8534296154975891]], [[0.6456559896469116, -0.7614502310752869, 0.05763587728142738], [0.7622305750846863, 0.6472005248069763, 0.011664717458188534], [-0.04618407413363457, 0.03640042990446091, 0.9982695579528809]], [[-0.3013429343700409, -0.1456192582845688, -0.9423308968544006], [0.6622642278671265, 0.679041862487793, -0.316714882850647], [0.6860017776489258, -0.719511866569519, -0.10818604379892349]], [[0.8890069723129272, 0.09794629365205765, 0.44729533791542053], [-0.15325650572776794, 0.9841619729995728, 0.08909343928098679], [-0.4314846694469452, -0.14775560796260834, 0.8899377584457397]], [[0.9364206790924072, -0.34426000714302063, -0.06783321499824524], [0.33732014894485474, 0.9364745020866394, -0.09607595950365067], [0.09659919142723083, 0.06708600372076035, 0.9930599331855774]], [[0.9882006645202637, 0.15159209072589874, 0.021891871467232704], [-0.15086957812309265, 0.9880495667457581, -0.03156772628426552], [-0.026415670290589333, 0.027892431244254112, 0.9992618560791016]], [[0.96198570728302, 0.26456812024116516, -0.06772875785827637], [-0.24669243395328522, 0.9482118487358093, 0.20009270310401917], [0.11715936660766602, -0.17577815055847168, 0.9774332046508789]], [[0.9757599234580994, -0.2082556188106537, 0.06724746525287628], [0.19181570410728455, 0.9618003964424133, 0.19531211256980896], [-0.1053534746170044, -0.17767859995365143, 0.9784329533576965]]]], "pred_betas": [[0.3180573284626007, 0.416374146938324, 0.6696787476539612, 0.33119797706604004, 0.25463682413101196, 0.039879992604255676, -0.053006887435913086, 0.11296825855970383, 0.4699884057044983, -0.33663254976272583]], "pred_camera": [1.1320420503616333, -0.19107599556446075, 0.26046156883239746]}