{"pred_joints_img": [[378.372802734375, 147.6042938232422, -47.913326263427734], [375.94537353515625, 180.9166717529297, -11.90675163269043], [337.00421142578125, 210.15855407714844, -24.121444702148438], [321.2875671386719, 270.14208984375, -13.59918212890625], [310.925048828125, 329.1864929199219, -32.88819885253906], [412.89019775390625, 192.25137329101562, 13.520354270935059], [469.0469665527344, 217.46913146972656, 33.18002700805664], [483.05853271484375, 162.57931518554688, 9.504645347595215], [386.7990417480469, 303.16534423828125, 6.412503719329834], [376.9030456542969, 328.1585693359375, -0.9827756285667419], [355.1907653808594, 377.9047546386719, -78.78411865234375], [330.0213623046875, 466.91937255859375, -43.792144775390625], [407.076904296875, 322.46966552734375, 11.177830696105957], [487.06951904296875, 331.1169128417969, -34.86532211303711], [560.3956298828125, 397.1946716308594, -39.44824981689453], [369.9517517089844, 140.22227478027344, -37.443172454833984], [386.35296630859375, 139.28956604003906, -38.005409240722656], [360.73956298828125, 149.6107177734375, -15.462477684020996], [397.2762756347656, 147.60321044921875, -16.31189727783203], [581.9974975585938, 379.68560791015625, -81.02472686767578], [590.0703735351562, 380.4454650878906, -61.64680480957031], [564.3903198242188, 410.8362121582031, -28.702922821044922], [335.9266357421875, 481.02264404296875, -90.99368286132812], [317.1100769042969, 480.41033935546875, -80.03426361083984], [324.76739501953125, 476.2812194824219, -29.04537010192871], [330.0213623046875, 466.91937255859375, -43.792144775390625], [355.1907653808594, 377.9047546386719, -78.78411865234375], [353.2151184082031, 303.193359375, -0.6575241088867188], [413.6999206542969, 290.6177978515625, 22.336994171142578], [487.06951904296875, 331.1169128417969, -34.86532211303711], [560.3956298828125, 397.1946716308594, -39.44824981689453], [310.925048828125, 329.1864929199219, -32.88819885253906], [321.2875671386719, 270.14208984375, -13.59918212890625], [337.00421142578125, 210.15855407714844, -24.121444702148438], [412.89019775390625, 192.25137329101562, 13.520354270935059], [469.0469665527344, 217.46913146972656, 33.18002700805664], [483.05853271484375, 162.57931518554688, 9.504645347595215], [376.561767578125, 181.21388244628906, -12.951581954956055], [377.9655456542969, 115.56094360351562, -13.203594207763672], [382.1912536621094, 298.5941467285156, 15.092741966247559], [375.62127685546875, 195.27590942382812, -6.7522711753845215], [375.96051025390625, 239.3447723388672, 5.543593406677246], [381.2845153808594, 158.92266845703125, -31.225704193115234], [378.0122375488281, 131.15281677246094, -13.146077156066895], [378.372802734375, 147.6042938232422, -47.913326263427734], [386.35296630859375, 139.28956604003906, -38.005409240722656], [369.9517517089844, 140.22227478027344, -37.443172454833984], [397.2762756347656, 147.60321044921875, -16.31189727783203], [360.73956298828125, 149.6107177734375, -15.462477684020996]], "pred_body_pose": [[2.904278516769409, -0.3259578347206116, 0.5046663880348206, -0.9259745478630066, -0.023981478065252304, 0.677859902381897, -0.7299257516860962, -0.028275934979319572, -0.5793502330780029, 0.547881007194519, 0.011294490657746792, -0.04801413416862488, 0.6418648362159729, -0.06039230898022652, -0.05440322309732437, 1.2383328676223755, 0.12997910380363464, 0.0650356262922287, -0.060637474060058594, 0.029522042721509933, -0.008329782634973526, -0.033430665731430054, 0.09126540273427963, -0.28128349781036377, -0.21585138142108917, -0.003128346987068653, 0.15627944469451904, -0.013946817256510258, 0.0353633388876915, -0.01417574007064104, -0.1793663650751114, 0.09688334167003632, 0.39355936646461487, -0.18385115265846252, -0.1778489500284195, -0.2512457072734833, -0.2299269735813141, -0.19772572815418243, -0.09261661767959595, -0.08765481412410736, 0.0868467316031456, -0.09665810316801071, 0.02443503960967064, 0.05064213648438454, 0.3354034721851349, -0.12069982290267944, -0.2855604887008667, 0.01628921367228031, -0.3736087679862976, -0.2848120331764221, -0.40171048045158386, 0.02689092606306076, 0.08284328132867813, 0.904600203037262, -0.4869239628314972, -1.5658279657363892, 0.8114778399467468, -0.13638204336166382, 0.39114442467689514, -0.1152387261390686, 0.07338818162679672, -0.07134158909320831, 0.2907273769378662, 0.02466130629181862, 0.014834828674793243, -0.1070631593465805, -0.19317828118801117, -0.09751272201538086, -0.2633642852306366, -0.18165382742881775, 0.0886671394109726, 0.2007049173116684]], "pred_rotmat": [[[[0.9185621738433838, -0.24336227774620056, 0.31147778034210205], [-0.18383152782917023, -0.9606096148490906, -0.20841117203235626], [0.3499279320240021, 0.13417917490005493, -0.9271172881126404]], [[0.7941378355026245, -0.5285801887512207, -0.2999133765697479], [0.5484529733657837, 0.4107307493686676, 0.7283539772033691], [-0.2618098556995392, -0.7429018616676331, 0.6160781979560852]], [[0.8436147570610046, 0.5085847973823547, 0.17220830917358398], [-0.4893978536128998, 0.5963367819786072, 0.6362956762313843], [0.22091613709926605, -0.6210667490959167, 0.7519788146018982]], [[0.9988139271736145, 0.04864572361111641, -0.002091245958581567], [-0.042612168937921524, 0.8525360822677612, -0.5209284424781799], [-0.023558078333735466, 0.5203996300697327, 0.8535978198051453]], [[0.9968101382255554, 0.031971268355846405, -0.07312541455030441], [-0.06940146535634995, 0.7996620535850525, -0.5964260697364807], [0.03940713405609131, 0.5995986461639404, 0.7993301153182983]], [[0.9907371997833252, 0.021130939945578575, 0.13413873314857483], [0.12002558261156082, 0.3257344961166382, -0.9378117322921753], [-0.06351043283939362, 0.9452251195907593, 0.3201810419559479]], [[0.9995296597480774, 0.007428645621985197, 0.029751775786280632], [-0.009218098595738411, 0.9981275796890259, 0.06046789884567261], [-0.029246872290968895, -0.060713719576597214, 0.9977266192436218]], [[0.9565969109535217, 0.27563542127609253, 0.09459130465984344], [-0.2786640226840973, 0.9601762294769287, 0.020198101177811623], [-0.08525700867176056, -0.045680634677410126, 0.9953112602233887]], [[0.9878556132316589, -0.1541004329919815, -0.019858425483107567], [0.15477170050144196, 0.9647021293640137, 0.2130623310804367], [-0.01367553137242794, -0.21354833245277405, 0.9768368005752563]], [[0.9992743134498596, 0.013925282284617424, 0.035452477633953094], [-0.014418420381844044, 0.99980229139328, 0.01369237620383501], [-0.03525479882955551, -0.014193609356880188, 0.9992775321006775]], [[0.9191981554031372, -0.3893471956253052, 0.05902065336704254], [0.3722522258758545, 0.907990574836731, 0.19230569899082184], [-0.12846387922763824, -0.15479649603366852, 0.9795585870742798]], [[0.9531280398368835, 0.26207149028778076, -0.15121324360370636], [-0.2297225445508957, 0.9520541429519653, 0.20204077661037445], [0.19691231846809387, -0.15783363580703735, 0.9676332473754883]], [[0.976362407207489, 0.11361390352249146, -0.18387052416801453], [-0.06853104382753372, 0.9695343971252441, 0.23517340421676636], [0.2049877643585205, -0.2170136272907257, 0.9544030427932739]], [[0.9915747046470642, 0.09246432036161423, 0.09071915596723557], [-0.10006126761436462, 0.9915043711662292, 0.08310769498348236], [-0.08226393908262253, -0.09148495644330978, 0.9924027323722839]], [[0.9430223703384399, -0.3283626437187195, 0.053730033338069916], [0.3295882046222687, 0.9439966082572937, -0.015555507503449917], [-0.0456131249666214, 0.032377973198890686, 0.9984343647956848]], [[0.9594224095344543, 0.0010667657479643822, -0.281970739364624], [0.033124398440122604, 0.9926425218582153, 0.11646317690610886], [0.2800203561782837, -0.12107749283313751, 0.9523281455039978]], [[0.8825668692588806, 0.4281459450721741, -0.1943366676568985], [-0.3250827491283417, 0.8542531132698059, 0.40567585825920105], [0.3397011458873749, -0.2948605716228485, 0.8931183815002441]], [[0.6150429248809814, -0.7840864062309265, 0.08325019478797913], [0.7861649990081787, 0.6179073452949524, 0.011621822603046894], [-0.060553424060344696, 0.05830047279596329, 0.9964607954025269]], [[-0.16696123778820038, -0.14269904792308807, -0.9755823612213135], [0.7148194313049316, 0.6639823317527771, -0.21945536136627197], [0.6790855526924133, -0.7340056896209717, -0.008855260908603668]], [[0.918135941028595, 0.0854564681649208, 0.386941134929657], [-0.13798478245735168, 0.9843040108680725, 0.1100260391831398], [-0.3714653253555298, -0.15441085398197174, 0.9155165553092957]], [[0.955547571182251, -0.288743257522583, -0.05963359400629997], [0.2835489511489868, 0.9554005861282349, -0.08252036571502686], [0.08080117404460907, 0.06194309517741203, 0.9948035478591919]], [[0.9941647052764893, 0.10702669620513916, 0.013485649600625038], [-0.10666123032569885, 0.9939707517623901, -0.02540413662791252], [-0.016123265027999878, 0.023817498236894608, 0.9995862245559692]], [[0.9609456062316895, 0.2676217257976532, -0.07044259458780289], [-0.2489660680294037, 0.9471752047538757, 0.20217597484588623], [0.12082815915346146, -0.1767423003911972, 0.9768126010894775]], [[0.9760901927947998, -0.2060006856918335, 0.06936640292406082], [0.19000259041786194, 0.9636067748069763, 0.18804509937763214], [-0.10557936131954193, -0.17036917805671692, 0.9797077775001526]]]], "pred_betas": [[0.1558038592338562, 0.32806921005249023, 0.5783138275146484, 0.4309441149234772, 0.2371629923582077, 0.22329643368721008, -0.10640308260917664, 0.2310793250799179, 0.5956557989120483, -0.2947813868522644]], "pred_camera": [1.2190955877304077, -0.20738573372364044, 0.3281019628047943]}