{"pred_joints_img": [[384.4971008300781, 150.21873474121094, -51.35666275024414], [379.58349609375, 181.28326416015625, -14.862102508544922], [342.27294921875, 209.78887939453125, -28.96494483947754], [322.5223388671875, 267.2931213378906, -18.64891815185547], [310.8664245605469, 322.0697326660156, -44.79917907714844], [414.74920654296875, 193.12652587890625, 12.228882789611816], [465.87591552734375, 227.42665100097656, 27.055429458618164], [475.0653991699219, 172.88372802734375, 3.1848762035369873], [387.3279724121094, 300.39520263671875, 6.2462005615234375], [377.9404602050781, 324.60235595703125, -2.366666316986084], [361.65045166015625, 376.9426574707031, -77.8564224243164], [331.75787353515625, 464.5664367675781, -48.102542877197266], [406.3321838378906, 319.80517578125, 12.489731788635254], [488.4891052246094, 328.2894287109375, -26.173797607421875], [544.6011352539062, 406.64947509765625, -13.949856758117676], [375.1493835449219, 142.8274383544922, -42.27400588989258], [391.11566162109375, 141.48831176757812, -41.38671875], [364.38446044921875, 151.3151397705078, -21.31710433959961], [399.9046936035156, 148.29859924316406, -18.916770935058594], [576.9568481445312, 393.730712890625, -48.193973541259766], [580.3197021484375, 395.70263671875, -28.134952545166016], [543.6266479492188, 419.719970703125, -2.6717724800109863], [341.72576904296875, 479.9833984375, -93.19210815429688], [322.303466796875, 478.4510803222656, -84.59496307373047], [324.9280700683594, 473.03448486328125, -34.051090240478516], [331.75787353515625, 464.5664367675781, -48.102542877197266], [361.65045166015625, 376.9426574707031, -77.8564224243164], [355.47857666015625, 299.4049072265625, -3.964113712310791], [412.3825988769531, 288.9449157714844, 24.79188346862793], [488.4891052246094, 328.2894287109375, -26.173797607421875], [544.6011352539062, 406.64947509765625, -13.949856758117676], [310.8664245605469, 322.0697326660156, -44.79917907714844], [322.5223388671875, 267.2931213378906, -18.64891815185547], [342.27294921875, 209.78887939453125, -28.96494483947754], [414.74920654296875, 193.12652587890625, 12.228882789611816], [465.87591552734375, 227.42665100097656, 27.055429458618164], [475.0653991699219, 172.88372802734375, 3.1848762035369873], [380.3265380859375, 181.7386474609375, -16.117406845092773], [380.0157470703125, 117.35174560546875, -19.167896270751953], [382.2052307128906, 295.9241943359375, 14.450233459472656], [379.1601867675781, 195.69937133789062, -9.891510009765625], [377.855224609375, 238.15872192382812, 3.8239738941192627], [385.9480285644531, 160.4732666015625, -34.37276840209961], [380.4815673828125, 132.61264038085938, -18.39314842224121], [384.4971008300781, 150.21873474121094, -51.35666275024414], [391.11566162109375, 141.48831176757812, -41.38671875], [375.1493835449219, 142.8274383544922, -42.27400588989258], [399.9046936035156, 148.29859924316406, -18.916770935058594], [364.38446044921875, 151.3151397705078, -21.31710433959961]], "pred_body_pose": [[2.8747029304504395, -0.3062211871147156, 0.6523047685623169, -0.9544986486434937, -0.004261902999132872, 0.6579614877700806, -0.6571937203407288, -0.03482313081622124, -0.5766249895095825, 0.5890462398529053, 0.002543849404901266, -0.022844433784484863, 0.8796015977859497, 0.015935204923152924, -0.07119546830654144, 1.162787675857544, 0.11340512335300446, 0.05704507976770401, -0.055830664932727814, 0.01599309779703617, -0.005251202266663313, -0.06537394970655441, 0.05038710683584213, -0.20297588407993317, -0.16936509311199188, 0.019149087369441986, 0.13588932156562805, -0.03581667318940163, 0.027911003679037094, -0.005492277443408966, -0.18385791778564453, 0.15662254393100739, 0.27329137921333313, -0.16127397119998932, -0.18197502195835114, -0.21298494935035706, -0.211008682847023, -0.21825174987316132, -0.08181190490722656, -0.07568234205245972, 0.03137236088514328, -0.14100559055805206, 0.03065403178334236, 0.055731840431690216, 0.31987449526786804, -0.1214294582605362, -0.23825284838676453, 0.04797421395778656, -0.3639555871486664, -0.36369284987449646, -0.5237182974815369, 0.0013947086408734322, 0.03444785252213478, 0.870046079158783, -0.39939743280410767, -1.7436481714248657, 0.9041812419891357, -0.14749382436275482, 0.5068543553352356, -0.17396646738052368, 0.07892955839633942, -0.08143279701471329, 0.35898691415786743, 0.03465139865875244, 0.024480639025568962, -0.16190269589424133, -0.18321822583675385, -0.09760741144418716, -0.25708383321762085, -0.1807863414287567, 0.08769094944000244, 0.20059488713741302]], "pred_rotmat": [[[[0.8826910853385925, -0.23782765865325928, 0.40533238649368286], [-0.15990693867206573, -0.9630250930786133, -0.21682344377040863], [0.441911906003952, 0.12657266855239868, -0.8880839347839355]], [[0.8067179322242737, -0.5183551907539368, -0.28375008702278137], [0.5219874382019043, 0.39998042583465576, 0.7533557415008545], [-0.27701133489608765, -0.7558595538139343, 0.5932462811470032]], [[0.8435229659080505, 0.5165433287620544, 0.14714600145816803], [-0.49508118629455566, 0.6415708661079407, 0.585902214050293], [0.20823931694030762, -0.5670711994171143, 0.7969106435775757]], [[0.9997434020042419, 0.02227192185819149, -0.00413656048476696], [-0.020816368982195854, 0.8312249779701233, -0.5555464029312134], [-0.008934671059250832, 0.5554898977279663, 0.8314753174781799]], [[0.9975069761276245, 0.06887011975049973, -0.015385824255645275], [-0.0557401105761528, 0.6352469325065613, -0.7702949643135071], [-0.04327649995684624, 0.7692322134971619, 0.6375020742416382]], [[0.9928203821182251, 0.013851790688931942, 0.11881022900342941], [0.10364864021539688, 0.39616090059280396, -0.9123121500015259], [-0.059705134481191635, 0.9180765748023987, 0.39188089966773987]], [[0.9998583793640137, 0.004801901988685131, 0.016130583360791206], [-0.005694551859050989, 0.9984281063079834, 0.055757053196430206], [-0.01583748869597912, -0.05584101378917694, 0.9983140826225281]], [[0.9782183170318604, 0.19971516728401184, 0.05659304931759834], [-0.20299601554870605, 0.9773544073104858, 0.05975882336497307], [-0.04337671771645546, -0.0699453353881836, 0.9966073632240295]], [[0.9906209111213684, -0.13643087446689606, 0.007535836193710566], [0.1332005113363266, 0.9765179753303528, 0.1693229079246521], [-0.030459752306342125, -0.16673104465007782, 0.9855318069458008]], [[0.9995954632759094, 0.0049906098283827305, 0.02799961157143116], [-0.005990114528685808, 0.9993435740470886, 0.03572755306959152], [-0.027802931144833565, -0.03588081896305084, 0.9989691972732544]], [[0.9509380459785461, -0.2815118134021759, 0.12832704186439514], [0.253033310174942, 0.9463527202606201, 0.20097434520721436], [-0.17801930010318756, -0.15864314138889313, 0.9711546897888184]], [[0.9611017107963562, 0.2238418310880661, -0.16179709136486053], [-0.1947486400604248, 0.9646236896514893, 0.17769090831279755], [0.19584797322750092, -0.13926927745342255, 0.970694363117218]], [[0.9730595350265503, 0.10330814123153687, -0.20611310005187988], [-0.05763323977589607, 0.9746013879776001, 0.21640391647815704], [0.2232343852519989, -0.19869491457939148, 0.9542991518974304]], [[0.9895896911621094, 0.13919687271118164, 0.03655749186873436], [-0.1415659487247467, 0.9872231483459473, 0.07314038276672363], [-0.025909489020705223, -0.07755427062511444, 0.9966514110565186]], [[0.9477527737617493, -0.31338730454444885, 0.05960850790143013], [0.3150806427001953, 0.9488263130187988, -0.02127862349152565], [-0.04988967254757881, 0.03894835710525513, 0.9979950189590454]], [[0.9706482291221619, -0.033009517937898636, -0.23822759091854095], [0.06176292523741722, 0.9915290474891663, 0.11426123231649399], [0.2324378341436386, -0.12562109529972076, 0.9644646644592285]], [[0.8056915998458862, 0.5411853790283203, -0.2407890260219574], [-0.41465723514556885, 0.8056002259254456, 0.4231637716293335], [0.42298975586891174, -0.24109460413455963, 0.8734717965126038]], [[0.6442701816558838, -0.7641764879226685, 0.030826391652226448], [0.7642215490341187, 0.6448260545730591, 0.012837383896112442], [-0.029687685891985893, 0.015287449583411217, 0.9994423389434814]], [[-0.36369985342025757, -0.16320572793483734, -0.9171076416969299], [0.6555482149124146, 0.6546214818954468, -0.3764669895172119], [0.6617997884750366, -0.738129198551178, -0.1310965120792389]], [[0.8600755929946899, 0.12872031331062317, 0.4936608374118805], [-0.20157340168952942, 0.9746533036231995, 0.09705181419849396], [-0.46865564584732056, -0.18298079073429108, 0.8642221093177795]], [[0.933044970035553, -0.35374268889427185, -0.0655219629406929], [0.3473907709121704, 0.9332433938980103, -0.09152306616306305], [0.0935235545039177, 0.06263341754674911, 0.9936450123786926]], [[0.9866253733634949, 0.16157102584838867, 0.021567970514297485], [-0.1607247292995453, 0.9863253235816956, -0.036466967314481735], [-0.027165042236447334, 0.03251272812485695, 0.9991020560264587]], [[0.9625331163406372, 0.2612915635108948, -0.07250311225652695], [-0.2435702234506607, 0.9506212472915649, 0.19233505427837372], [0.11917852610349655, -0.16746926307678223, 0.9786472916603088]], [[0.9761965274810791, -0.20578424632549286, 0.06850661337375641], [0.19003711640834808, 0.963783323764801, 0.18710346519947052], [-0.10452847182750702, -0.1696309596300125, 0.9799485802650452]]]], "pred_betas": [[0.24469426274299622, 0.3897923529148102, 0.7118517756462097, 0.3986766040325165, 0.24095138907432556, 0.1320323497056961, -0.031960755586624146, 0.1535707712173462, 0.4940178692340851, -0.3625240921974182]], "pred_camera": [1.1311445236206055, -0.1686956137418747, 0.2584494352340698]}