{"pred_joints_img": [[387.85845947265625, 147.6833953857422, -43.125877380371094], [382.38079833984375, 179.33628845214844, -6.308619499206543], [342.91558837890625, 202.05447387695312, -19.16118621826172], [302.86053466796875, 242.34783935546875, -43.32291793823242], [290.2068786621094, 232.98892211914062, -103.01561737060547], [422.7680969238281, 196.94384765625, 13.42984676361084], [457.6139221191406, 249.29916381835938, 22.069561004638672], [486.7483825683594, 243.7358856201172, -30.431455612182617], [394.610595703125, 300.46490478515625, 6.51001501083374], [386.63153076171875, 323.920166015625, -5.4734015464782715], [393.9891052246094, 368.0137023925781, -86.9190673828125], [352.15179443359375, 447.716796875, -51.11044692993164], [414.15234375, 319.8894348144531, 11.650836944580078], [495.43890380859375, 341.7003479003906, -22.1540470123291], [475.7990417480469, 427.41400146484375, 18.23392677307129], [378.7171936035156, 139.61903381347656, -34.474613189697266], [394.91912841796875, 139.36187744140625, -33.347652435302734], [367.0081481933594, 147.28634643554688, -13.109874725341797], [403.00762939453125, 146.44374084472656, -10.30272102355957], [516.3226318359375, 441.77276611328125, -3.559865951538086], [513.8582153320312, 439.58612060546875, 16.252050399780273], [464.9769592285156, 433.2469177246094, 30.279979705810547], [368.808349609375, 469.67388916015625, -90.71977996826172], [348.40203857421875, 464.6773681640625, -87.49668884277344], [342.31494140625, 454.1729431152344, -37.40520095825195], [352.15179443359375, 447.716796875, -51.11044692993164], [393.9891052246094, 368.0137023925781, -86.9190673828125], [363.300537109375, 299.7864074707031, -5.871137619018555], [419.164306640625, 290.2703552246094, 27.111833572387695], [495.43890380859375, 341.7003479003906, -22.1540470123291], [475.7990417480469, 427.41400146484375, 18.23392677307129], [290.2068786621094, 232.98892211914062, -103.01561737060547], [302.86053466796875, 242.34783935546875, -43.32291793823242], [342.91558837890625, 202.05447387695312, -19.16118621826172], [422.7680969238281, 196.94384765625, 13.42984676361084], [457.6139221191406, 249.29916381835938, 22.069561004638672], [486.7483825683594, 243.7358856201172, -30.431455612182617], [383.3779602050781, 179.59823608398438, -7.80074405670166], [384.87744140625, 113.61408996582031, -11.241608619689941], [389.247314453125, 297.17926025390625, 14.531377792358398], [382.8648376464844, 193.43649291992188, -3.199202299118042], [380.8244323730469, 237.27745056152344, 9.990239143371582], [388.30938720703125, 157.9862518310547, -25.94379997253418], [384.49078369140625, 129.2593536376953, -10.266592979431152], [387.85845947265625, 147.6833953857422, -43.125877380371094], [394.91912841796875, 139.36187744140625, -33.347652435302734], [378.7171936035156, 139.61903381347656, -34.474613189697266], [403.00762939453125, 146.44374084472656, -10.30272102355957], [367.0081481933594, 147.28634643554688, -13.109874725341797]], "pred_body_pose": [[2.7392988204956055, -0.318305641412735, 0.7219790816307068, -0.7975773811340332, 0.09417276084423065, 0.495949923992157, -0.6896740198135376, 0.0870870053768158, -0.4247587323188782, 0.5562182068824768, -0.0700201466679573, 0.032940689474344254, 1.5707117319107056, 0.014407590962946415, -0.17592103779315948, 1.4603747129440308, 0.22378073632717133, 0.04487185552716255, 0.025678502395749092, -0.04646644368767738, -0.029014360159635544, -0.2182142287492752, 0.0902409628033638, -0.05896411091089249, -0.19600756466388702, -0.09449984133243561, 0.1386404037475586, -0.0032959559466689825, -0.02390800416469574, -0.0358300618827343, -0.25078779458999634, 0.09004498273134232, 0.18097294867038727, -0.23902475833892822, -0.05066788196563721, -0.3492623567581177, -0.22506487369537354, -0.25096091628074646, -0.09130804240703583, -0.013172858394682407, -0.1740662306547165, -0.2408265620470047, -0.05528372898697853, 0.08788182586431503, 0.12224952131509781, -0.054325588047504425, -0.09380220621824265, 0.03506478667259216, -0.05180347338318825, -0.3202698230743408, -0.7102211713790894, -0.2734236419200897, 0.15508003532886505, 0.41622525453567505, -0.17299321293830872, -1.3144553899765015, 0.44038107991218567, -0.43319764733314514, 1.038269281387329, -0.3064410090446472, -0.009959029965102673, -0.059701111167669296, 0.29011330008506775, -0.030602125450968742, 0.06527090072631836, -0.24264845252037048, -0.1350441426038742, -0.11303801089525223, -0.2450326681137085, -0.1390150636434555, 0.07700279355049133, 0.2229982316493988]], "pred_rotmat": [[[[0.8499956727027893, -0.28273165225982666, 0.4444884955883026], [-0.1374407410621643, -0.9335682392120361, -0.330998957157135], [0.5085442662239075, 0.22025686502456665, -0.8323878049850464]], [[0.8817663788795471, -0.46036455035209656, -0.10272538661956787], [0.390668123960495, 0.5907412171363831, 0.7059767842292786], [-0.26432254910469055, -0.6626381874084473, 0.7007455229759216]], [[0.9110830426216125, 0.35090482234954834, 0.2163180559873581], [-0.40771743655204773, 0.6897100210189819, 0.5983865261077881], [0.06078001484274864, -0.6333764791488647, 0.7714531421661377]], [[0.9970839619636536, -0.05020321160554886, -0.057474542409181595], [0.012269565835595131, 0.8488050103187561, -0.5285636186599731], [0.0753202736377716, 0.5263170599937439, 0.8469458222389221]], [[0.9874069094657898, 0.1204419806599617, -0.10257339477539062], [-0.1021478921175003, -0.009717980399727821, -0.9947217106819153], [-0.12080307304859161, 0.9926728010177612, 0.0027072932571172714]], [[0.9783642292022705, 0.10550867021083832, 0.17796477675437927], [0.16596351563930511, 0.11336100846529007, -0.9795945286750793], [-0.12352998554706573, 0.9879357814788818, 0.09339776635169983]], [[0.9984999895095825, 0.028400249779224396, -0.04681050777435303], [-0.029593074694275856, 0.9992496371269226, -0.024988947436213493], [0.046065688133239746, 0.026336729526519775, 0.9985911846160889]], [[0.9942185282707214, 0.04858625307679176, 0.09575436264276505], [-0.0681811049580574, 0.9745787382125854, 0.21341879665851593], [-0.08295094966888428, -0.21871355175971985, 0.9722568988800049]], [[0.9860022068023682, -0.12789718806743622, -0.10696690529584885], [0.14631737768650055, 0.9713394045829773, 0.18732556700706482], [0.07994276285171509, -0.20035454630851746, 0.9764564037322998]], [[0.9990724325180054, 0.035858310759067535, -0.023841531947255135], [-0.035779520869255066, 0.9993528127670288, 0.003723176894709468], [0.023959606885910034, -0.002866684924811125, 0.9997088313102722]], [[0.979746401309967, -0.1890535056591034, 0.06599858403205872], [0.16666589677333832, 0.952589213848114, 0.2545511722564697], [-0.11099332571029663, -0.23839586973190308, 0.9648046493530273]], [[0.9386614561080933, 0.3447464108467102, -0.008034488186240196], [-0.33281776309013367, 0.9117892980575562, 0.2405674159526825], [0.09026050567626953, -0.22313734889030457, 0.9705991744995117]], [[0.9647017121315002, 0.11741849035024643, -0.23571909964084625], [-0.06150779500603676, 0.9708029627799988, 0.2318587750196457], [0.25606128573417664, -0.20917600393295288, 0.9437574148178101]], [[0.9561762809753418, 0.2384292632341385, -0.169936403632164], [-0.23615318536758423, 0.9711282849311829, 0.03378529101610184], [0.17308546602725983, 0.007826327346265316, 0.9848756790161133]], [[0.9886902570724487, -0.12415008246898651, 0.0841335579752922], [0.11930204182863235, 0.9910186529159546, 0.06040726229548454], [-0.09087749570608139, -0.04968675971031189, 0.9946218729019165]], [[0.9949912428855896, -0.032443806529045105, -0.09455084800720215], [0.03753415867686272, 0.997911810874939, 0.05256534367799759], [0.09264799952507019, -0.05585094168782234, 0.9941312670707703]], [[0.711615800857544, 0.6481051445007324, -0.2712242603302002], [-0.6323400139808655, 0.7590739130973816, 0.15476693212985992], [0.3061845302581787, 0.06137136369943619, 0.9499918222427368]], [[0.9035695195198059, -0.4183327555656433, 0.0925188809633255], [0.37688276171684265, 0.8787838816642761, 0.29274260997772217], [-0.20376791059970856, -0.2296445518732071, 0.951704740524292]], [[0.18558892607688904, -0.2141151875257492, -0.9590158462524414], [0.40684840083122253, 0.9051292538642883, -0.12335078418254852], [0.8944445848464966, -0.3672815263271332, 0.25509437918663025]], [[0.4774959683418274, 0.041037656366825104, 0.8776751160621643], [-0.442109078168869, 0.8744617104530334, 0.19964046776294708], [-0.7593004703521729, -0.48335564136505127, 0.4356950521469116]], [[0.9564551711082458, -0.2855900228023529, -0.06026510149240494], [0.2861802577972412, 0.958175003528595, 0.001217043842189014], [0.057396940886974335, -0.018410729244351387, 0.9981816411018372]], [[0.9685988426208496, 0.2390720546245575, 0.06826908886432648], [-0.24105887115001678, 0.9702519178390503, 0.02239961549639702], [-0.06088309735059738, -0.038153115659952164, 0.99741530418396]], [[0.963866114616394, 0.24890580773353577, -0.0949104055762291], [-0.2337561845779419, 0.9611571431159973, 0.14674828946590424], [0.12775030732154846, -0.11925981193780899, 0.9846100807189941]], [[0.972344696521759, -0.22554075717926025, 0.06064063310623169], [0.21490293741226196, 0.9656885266304016, 0.14581650495529175], [-0.09144752472639084, -0.12875203788280487, 0.9874514937400818]]]], "pred_betas": [[0.09221099317073822, 0.19010159373283386, 0.6302062273025513, 0.6855633854866028, 0.23102691769599915, 0.1110425665974617, -0.32752546668052673, 0.30874088406562805, 0.6175969243049622, -0.056111909449100494]], "pred_camera": [1.2184675931930542, 0.05608712136745453, 0.3272365927696228]}