{"pred_joints_img": [[385.513916015625, 149.75538635253906, -49.79952621459961], [380.9711608886719, 178.455078125, -10.436366081237793], [339.7735900878906, 199.84530639648438, -16.333513259887695], [293.5766296386719, 233.29330444335938, -41.60029983520508], [288.36834716796875, 183.54159545898438, -78.99824523925781], [423.4214172363281, 198.57754516601562, 2.4980759620666504], [446.511962890625, 258.1728210449219, 8.293318748474121], [459.4270935058594, 296.7548522949219, -37.135040283203125], [393.4233093261719, 298.4952392578125, 6.15077018737793], [385.403076171875, 322.3739318847656, -4.525700569152832], [396.6212463378906, 380.9977722167969, -76.90498352050781], [354.0221252441406, 450.78521728515625, -23.4484806060791], [412.900146484375, 317.6256103515625, 11.833846092224121], [492.5955505371094, 340.91802978515625, -27.004718780517578], [466.0113830566406, 427.1338806152344, 10.341262817382812], [377.43707275390625, 140.36289978027344, -41.39688491821289], [393.7261047363281, 141.26673889160156, -41.070411682128906], [366.5099182128906, 145.61181640625, -18.922300338745117], [402.3489990234375, 147.11634826660156, -17.935026168823242], [504.0146484375, 445.6185302734375, -12.780415534973145], [502.59283447265625, 443.6601867675781, 7.065770626068115], [455.0519104003906, 431.486083984375, 22.668930053710938], [370.439208984375, 482.03466796875, -56.60776138305664], [350.1458740234375, 476.5030517578125, -54.53330612182617], [343.9115295410156, 453.25091552734375, -8.891496658325195], [354.0221252441406, 450.78521728515625, -23.4484806060791], [396.6212463378906, 380.9977722167969, -76.90498352050781], [362.60894775390625, 298.2376403808594, -6.2170305252075195], [417.86627197265625, 287.56524658203125, 25.509166717529297], [492.5955505371094, 340.91802978515625, -27.004718780517578], [466.0113830566406, 427.1338806152344, 10.341262817382812], [288.36834716796875, 183.54159545898438, -78.99824523925781], [293.5766296386719, 233.29330444335938, -41.60029983520508], [339.7735900878906, 199.84530639648438, -16.333513259887695], [423.4214172363281, 198.57754516601562, 2.4980759620666504], [446.511962890625, 258.1728210449219, 8.293318748474121], [459.4270935058594, 296.7548522949219, -37.135040283203125], [381.9592590332031, 178.99819946289062, -12.113965034484863], [386.48681640625, 113.23504638671875, -20.573198318481445], [388.29229736328125, 294.7755126953125, 13.713298797607422], [381.65985107421875, 192.9006805419922, -7.162929534912109], [379.98199462890625, 235.3697509765625, 8.08541202545166], [386.1966552734375, 158.72402954101562, -31.834487915039062], [385.1573486328125, 128.77664184570312, -18.409639358520508], [385.513916015625, 149.75538635253906, -49.79952621459961], [393.7261047363281, 141.26673889160156, -41.070411682128906], [377.43707275390625, 140.36289978027344, -41.39688491821289], [402.3489990234375, 147.11634826660156, -17.935026168823242], [366.5099182128906, 145.61181640625, -18.922300338745117]], "pred_body_pose": [[2.7772634029388428, -0.3388504087924957, 0.6994601488113403, -0.8300802707672119, 0.11259785294532776, 0.43297743797302246, -0.5690082907676697, 0.07518158853054047, -0.32259035110473633, 0.5466278791427612, -0.0699983760714531, 0.020864836871623993, 1.6116466522216797, 0.08120492100715637, -0.2130996733903885, 1.5210063457489014, 0.20854148268699646, 0.03303806856274605, 0.04555381089448929, -0.12019531428813934, -0.0052498457953333855, -0.17672264575958252, 0.05087708681821823, -0.019317125901579857, -0.17452681064605713, -0.07979501038789749, 0.09336622059345245, -0.028367875143885612, -0.06347864866256714, -0.044475484639406204, -0.24729040265083313, 0.10964879393577576, 0.12816140055656433, -0.2251582145690918, -0.0811561569571495, -0.2346028834581375, -0.1872197687625885, -0.18643224239349365, -0.0787547379732132, 0.02797725424170494, -0.27902352809906006, -0.31568387150764465, -0.12084247171878815, 0.06131969392299652, 0.10908638685941696, -0.04475579410791397, -0.07736765593290329, -0.030391374602913857, 0.056729692965745926, -0.35563015937805176, -0.8142675161361694, -0.3778117895126343, 0.21760334074497223, 0.3050703704357147, 0.0994769036769867, -0.7943270802497864, 0.18816761672496796, -0.5500500798225403, 1.521347165107727, -0.6472861170768738, 0.12209884077310562, -0.0368354506790638, 0.22634044289588928, -0.0027963132597506046, 0.07177954912185669, -0.3126027584075928, -0.15941882133483887, -0.11464967578649521, -0.24006260931491852, -0.14836442470550537, 0.08931798487901688, 0.24935799837112427]], "pred_rotmat": [[[[0.8571413159370422, -0.28435540199279785, 0.42947736382484436], [-0.16076628863811493, -0.9398428797721863, -0.30141276121139526], [0.4893495440483093, 0.18930785357952118, -0.8512929081916809]], [[0.9071251153945923, -0.41497546434402466, -0.07013819366693497], [0.3282338082790375, 0.5932750701904297, 0.7350423336029053], [-0.26341331005096436, -0.6897971630096436, 0.6743836998939514]], [[0.9470948576927185, 0.27915602922439575, 0.15837684273719788], [-0.320411741733551, 0.7936992645263672, 0.5170859098434448], [0.01864403299987316, -0.5404751896858215, 0.8411533832550049]], [[0.9973994493484497, -0.03847471624612808, -0.06094418838620186], [0.0011716377921402454, 0.8541352152824402, -0.5200498104095459], [0.07206333428621292, 0.5186259150505066, 0.8519590497016907]], [[0.979254424571991, 0.18291541934013367, -0.08719328045845032], [-0.07850206643342972, -0.05424327775835991, -0.9954370856285095], [-0.1868104487657547, 0.9816311001777649, -0.03875873237848282]], [[0.9817594885826111, 0.1082792580127716, 0.15628160536289215], [0.15128235518932343, 0.05299144983291626, -0.9870691895484924], [-0.11516071856021881, 0.9927071332931519, 0.03564411774277687]], [[0.9927727580070496, 0.002501473994925618, -0.1199834793806076], [-0.007969281636178493, 0.9989500641822815, -0.045113202184438705], [0.11974465847015381, 0.04574333876371384, 0.9917503595352173]], [[0.9985234141349792, 0.014724466018378735, 0.05228967219591141], [-0.0236899945884943, 0.9842429161071777, 0.17522725462913513], [-0.04888561740517616, -0.1762072592973709, 0.9831384420394897]], [[0.9924862384796143, -0.08572229743003845, -0.08730726689100266], [0.09959593415260315, 0.9804857969284058, 0.16949407756328583], [0.07107410579919815, -0.17691601812839508, 0.9816562533378601]], [[0.9969978928565979, 0.04532487317919731, -0.062776118516922], [-0.04352514073252678, 0.9986094236373901, 0.02974649891257286], [0.06403707712888718, -0.0269248578697443, 0.9975842833518982]], [[0.9858818650245667, -0.13971269130706787, 0.09229011088609695], [0.11279942840337753, 0.9614998698234558, 0.2505880892276764], [-0.12374725192785263, -0.23663994669914246, 0.9636847972869873]], [[0.9694749712944031, 0.23928698897361755, -0.053480327129364014], [-0.2211843729019165, 0.9476256370544434, 0.2303978055715561], [0.1058105081319809, -0.21153585612773895, 0.9716258645057678]], [[0.9796497225761414, 0.095102459192276, -0.17675377428531647], [-0.06041918322443962, 0.9795035719871521, 0.19215181469917297], [0.1914050579071045, -0.1775621622800827, 0.9653164148330688]], [[0.9125556349754333, 0.30254095792770386, -0.27515658736228943], [-0.3102319538593292, 0.950522243976593, 0.016237860545516014], [0.2664550542831421, 0.07054441422224045, 0.9612622857093811]], [[0.9921897053718567, -0.11223267763853073, 0.054436348378658295], [0.10484132170677185, 0.9867820739746094, 0.1235700249671936], [-0.06758540123701096, -0.11689774692058563, 0.9908416271209717]], [[0.9965478181838989, 0.032076288014650345, -0.07657317817211151], [-0.028616204857826233, 0.9985376596450806, 0.04586412012577057], [0.07793236523866653, -0.04351455718278885, 0.9960084557533264]], [[0.6306459307670593, 0.7014322280883789, -0.33208224177360535], [-0.7203089594841003, 0.6883081197738647, 0.08594733476638794], [0.28886112570762634, 0.184999480843544, 0.9393265843391418]], [[0.9314315319061279, -0.33102118968963623, 0.15119577944278717], [0.2507297992706299, 0.8848511576652527, 0.3926485478878021], [-0.2637607753276825, -0.327815979719162, 0.9071751236915588]], [[0.6851769089698792, -0.20499666035175323, -0.6989341974258423], [0.1303333044052124, 0.9785966873168945, -0.15925349295139313], [0.7166211605072021, 0.018022414296865463, 0.6972297430038452]], [[-0.05410945788025856, 0.04332752525806427, 0.9975945949554443], [-0.6887304186820984, 0.7217549681663513, -0.06870394945144653], [-0.7229956388473511, -0.6907911896705627, -0.009212784469127655]], [[0.973854124546051, -0.22603900730609894, -0.0226820707321167], [0.22156670689582825, 0.9671164751052856, -0.12487523257732391], [0.05016288533806801, 0.1165846735239029, 0.9919130802154541]], [[0.9490031003952026, 0.3071705996990204, 0.07098840922117233], [-0.307369589805603, 0.9515534043312073, -0.008374772034585476], [-0.07012174278497696, -0.01387199480086565, 0.9974420070648193]], [[0.964895486831665, 0.24529817700386047, -0.09383813291788101], [-0.22716687619686127, 0.9588095545768738, 0.17052696645259857], [0.13180284202098846, -0.14322377741336823, 0.9808746576309204]], [[0.9651901125907898, -0.2521201968193054, 0.06959595531225204], [0.23897004127502441, 0.9582266211509705, 0.1571466326713562], [-0.10630853474140167, -0.13504500687122345, 0.9851200580596924]]]], "pred_betas": [[0.06918656826019287, 0.39405131340026855, 0.3404083847999573, 0.5724279880523682, 0.22802236676216125, 0.07120873779058456, -0.34186407923698425, 0.22298617660999298, 0.759834885597229, -0.15058043599128723]], "pred_camera": [1.2463525533676147, 0.022941529750823975, 0.34795936942100525]}