{"pred_joints_img": [[386.25634765625, 146.00018310546875, -44.26070785522461], [379.32061767578125, 179.07093811035156, -8.439659118652344], [340.82403564453125, 205.0599822998047, -21.029315948486328], [304.2022705078125, 254.07838439941406, -31.51993179321289], [282.12872314453125, 276.03973388671875, -85.21034240722656], [419.3066101074219, 193.38900756835938, 14.408110618591309], [462.32147216796875, 238.82427978515625, 27.293601989746094], [488.1245422363281, 206.4293212890625, -16.987829208374023], [395.1754455566406, 300.3576965332031, 6.53549337387085], [386.84600830078125, 324.3642578125, -4.400680065155029], [383.2863464355469, 369.3604736328125, -86.43376922607422], [347.5438232421875, 452.97607421875, -51.095394134521484], [415.09423828125, 319.6094970703125, 11.646087646484375], [496.9738464355469, 330.4047546386719, -27.553050994873047], [508.7598571777344, 422.7506103515625, 1.2750396728515625], [375.9857177734375, 138.5798797607422, -36.02651596069336], [392.13922119140625, 137.66053771972656, -33.43516540527344], [362.7376708984375, 147.64048767089844, -15.962550163269043], [398.5273132324219, 145.33457946777344, -10.011727333068848], [549.1295166015625, 423.1485595703125, -25.902591705322266], [548.257080078125, 424.3922119140625, -5.5882744789123535], [501.26336669921875, 433.29791259765625, 12.977806091308594], [360.07989501953125, 470.83172607421875, -94.5278549194336], [339.87677001953125, 467.17547607421875, -88.26396942138672], [339.4163818359375, 460.87274169921875, -36.96590805053711], [347.5438232421875, 452.97607421875, -51.095394134521484], [383.2863464355469, 369.3604736328125, -86.43376922607422], [363.2771301269531, 300.1029052734375, -4.533821105957031], [420.29180908203125, 289.3058166503906, 26.488618850708008], [496.9738464355469, 330.4047546386719, -27.553050994873047], [508.7598571777344, 422.7506103515625, 1.2750396728515625], [282.12872314453125, 276.03973388671875, -85.21034240722656], [304.2022705078125, 254.07838439941406, -31.51993179321289], [340.82403564453125, 205.0599822998047, -21.029315948486328], [419.3066101074219, 193.38900756835938, 14.408110618591309], [462.32147216796875, 238.82427978515625, 27.293601989746094], [488.1245422363281, 206.4293212890625, -16.987829208374023], [380.3993835449219, 179.21051025390625, -9.590774536132812], [378.9873352050781, 113.26850891113281, -11.177131652832031], [389.9736633300781, 296.81121826171875, 14.92479419708252], [380.0362243652344, 193.24356079101562, -4.304998874664307], [380.3952941894531, 237.20657348632812, 8.784564971923828], [385.7342529296875, 156.979736328125, -27.23790740966797], [379.2210388183594, 128.9562225341797, -10.762404441833496], [386.25634765625, 146.00018310546875, -44.26070785522461], [392.13922119140625, 137.66053771972656, -33.43516540527344], [375.9857177734375, 138.5798797607422, -36.02651596069336], [398.5273132324219, 145.33457946777344, -10.011727333068848], [362.7376708984375, 147.64048767089844, -15.962550163269043]], "pred_body_pose": [[2.7787981033325195, -0.3320174515247345, 0.6695265769958496, -0.9170920848846436, 0.06334491819143295, 0.552007257938385, -0.6942068338394165, 0.044458888471126556, -0.5085874795913696, 0.5498594045639038, -0.04559728503227234, 0.04364051669836044, 1.352329134941101, 0.019525088369846344, -0.15388908982276917, 1.3787734508514404, 0.18890999257564545, 0.05463002249598503, -0.0016199036035686731, -0.022646958008408546, -0.027178918942809105, -0.18946583569049835, 0.11407329142093658, -0.12825089693069458, -0.2178720086812973, -0.08819454908370972, 0.13178816437721252, 0.0017430544830858707, -0.0034846605267375708, -0.024839138612151146, -0.24065996706485748, 0.08086881041526794, 0.26317158341407776, -0.2207603007555008, -0.07184913754463196, -0.3346033990383148, -0.24360018968582153, -0.20210541784763336, -0.1096118912100792, -0.0315912701189518, -0.07001233845949173, -0.2235652655363083, -0.014994215220212936, 0.0470128171145916, 0.17518527805805206, -0.08328969776630402, -0.080209881067276, 0.027752846479415894, -0.16292697191238403, -0.30231690406799316, -0.6309341788291931, -0.1718544363975525, 0.05884604528546333, 0.5411967635154724, -0.21485188603401184, -1.5645365715026855, 0.6724651455879211, -0.2779756486415863, 0.7734299302101135, -0.2402617186307907, 0.05152744799852371, -0.08732528984546661, 0.3266581594944, 0.03433018550276756, 0.06204679235816002, -0.21656757593154907, -0.15643656253814697, -0.10722616314888, -0.2598790228366852, -0.1531611680984497, 0.08772815763950348, 0.22237633168697357]], "pred_rotmat": [[[[0.8674377202987671, -0.27971184253692627, 0.4114767014980316], [-0.158257395029068, -0.9391747117042542, -0.3048042058944702], [0.4717057943344116, 0.19927944242954254, -0.8589420318603516]], [[0.859872579574585, -0.4785113036632538, -0.17789341509342194], [0.42577534914016724, 0.4799451529979706, 0.7670515179634094], [-0.281663715839386, -0.7353092432022095, 0.6164299845695496]], [[0.8775482773780823, 0.4334403872489929, 0.20503276586532593], [-0.4624408483505249, 0.652061939239502, 0.6008026003837585], [0.12671804428100586, -0.6220487952232361, 0.7726563811302185]], [[0.9980584979057312, -0.05366562306880951, -0.03160981088876724], [0.02922705188393593, 0.8517189025878906, -0.5231831073760986], [0.05499962717294693, 0.5212435126304626, 0.8516337871551514]], [[0.9897151589393616, 0.12186548858880997, -0.07491786777973175], [-0.09929446130990982, 0.20823094248771667, -0.9730264544487], [-0.10297812521457672, 0.9704579710960388, 0.21818989515304565]], [[0.9835944771766663, 0.07189120352268219, 0.16544945538043976], [0.1491011530160904, 0.19226936995983124, -0.9699491262435913], [-0.101541668176651, 0.9787053465843201, 0.17839603126049042]], [[0.999374270439148, 0.027191581204533577, -0.02262021228671074], [-0.027154898270964622, 0.9996293187141418, 0.0019272929057478905], [0.022664235904812813, -0.0013118373462930322, 0.9997422099113464]], [[0.9853495359420776, 0.1161106526851654, 0.12491830438375473], [-0.1376062035560608, 0.9739694595336914, 0.18013346195220947], [-0.10075118392705917, -0.1946839690208435, 0.9756779074668884]], [[0.9875026941299438, -0.12064944952726364, -0.10140086710453033], [0.13974855840206146, 0.9677774906158447, 0.20946836471557617], [0.07286124676465988, -0.22102120518684387, 0.972543478012085]], [[0.9996854066848755, 0.02483348734676838, -0.00350594031624496], [-0.024839557707309723, 0.999690055847168, -0.0016995951300486922], [0.0034626463893800974, 0.001786146662198007, 0.9999924302101135]], [[0.9625208377838135, -0.26696857810020447, 0.0477624386548996], [0.24772264063358307, 0.9371171593666077, 0.24585546553134918], [-0.11039470136165619, -0.2248092144727707, 0.9681289792060852]], [[0.9422440528869629, 0.3332521617412567, -0.03345351666212082], [-0.3176087439060211, 0.9207571148872375, 0.22656355798244476], [0.10630535334348679, -0.2028530389070511, 0.9734216928482056]], [[0.9738155603408813, 0.13196071982383728, -0.18512071669101715], [-0.08318642526865005, 0.9646544456481934, 0.2500436305999756], [0.21157345175743103, -0.2280968427658081, 0.9503728747367859]], [[0.9726859331130981, 0.2225896269083023, -0.06584714353084564], [-0.22038814425468445, 0.974628746509552, 0.03908764570951462], [0.07287702709436417, -0.02350807562470436, 0.9970638155937195]], [[0.9835953116416931, -0.1745712161064148, 0.04544393718242645], [0.17386825382709503, 0.9845852255821228, 0.01901819370687008], [-0.04806346073746681, -0.010804949328303337, 0.9987857937812805]], [[0.9964023232460022, -0.0243510939180851, -0.08117538690567017], [0.03102388046681881, 0.9961508512496948, 0.0819818302989006], [0.07886657863855362, -0.0842052549123764, 0.993322491645813]], [[0.7656079530715942, 0.6016416549682617, -0.22775381803512573], [-0.554468035697937, 0.7966625094413757, 0.2406117171049118], [0.32620498538017273, -0.057932011783123016, 0.9435222148895264]], [[0.8558022975921631, -0.5171975493431091, 0.01044724602252245], [0.5073562264442444, 0.8431169390678406, 0.178166925907135], [-0.10095573961734772, -0.14717519283294678, 0.983944833278656]], [[-0.1271810233592987, -0.2569787800312042, -0.9580119252204895], [0.518286943435669, 0.8062905669212341, -0.285086065530777], [0.8456971645355225, -0.5327826142311096, 0.030643880367279053]], [[0.6915949583053589, 0.1108720526099205, 0.7137252688407898], [-0.3130476176738739, 0.9365265369415283, 0.15785838663578033], [-0.650920569896698, -0.3326040506362915, 0.6824052333831787]], [[0.9433894753456116, -0.32255420088768005, -0.0772983729839325], [0.318098247051239, 0.9458507299423218, -0.06465288996696472], [0.0939667746424675, 0.036404382437467575, 0.9949095249176025]], [[0.9747340083122253, 0.21575848758220673, 0.05780982971191406], [-0.21363763511180878, 0.9760637879371643, -0.040723465383052826], [-0.06521251797676086, 0.02734418772161007, 0.9974967241287231]], [[0.9608224034309387, 0.26373395323753357, -0.08523338288068771], [-0.24710403382778168, 0.9543907046318054, 0.16756495833396912], [0.12553851306438446, -0.13993865251541138, 0.9821696877479553]], [[0.9716177582740784, -0.22607415914535522, 0.06963871419429779], [0.2127275913953781, 0.9637894630432129, 0.16080084443092346], [-0.10346996039152145, -0.14142285287380219, 0.9845271706581116]]]], "pred_betas": [[0.005807029083371162, 0.21422041952610016, 0.5962297320365906, 0.6323240995407104, 0.10487550497055054, 0.19033217430114746, -0.33260953426361084, 0.3208257257938385, 0.5864351391792297, 0.06895839422941208]], "pred_camera": [1.2312628030776978, 0.028827868402004242, 0.32706114649772644]}