{"pred_joints_img": [[388.44708251953125, 150.9793701171875, -45.20218276977539], [384.4550476074219, 180.67601013183594, -7.472626209259033], [343.3721618652344, 201.36386108398438, -14.491461753845215], [297.7868347167969, 235.22845458984375, -37.08577346801758], [287.9307861328125, 194.93289184570312, -82.01549530029297], [425.6495666503906, 200.64231872558594, 7.53585958480835], [453.4652099609375, 256.3361511230469, 16.126482009887695], [475.5436706542969, 287.7151184082031, -29.656368255615234], [394.846435546875, 299.6860046386719, 6.354465961456299], [386.8417663574219, 322.8230895996094, -5.191064834594727], [397.6036071777344, 375.354248046875, -79.79442596435547], [352.0433654785156, 448.26318359375, -37.556739807128906], [413.86212158203125, 318.9111022949219, 11.729774475097656], [492.7342529296875, 345.3392333984375, -21.909156799316406], [465.5704345703125, 428.3592529296875, 17.19253158569336], [380.18597412109375, 142.34239196777344, -36.59217071533203], [396.2192077636719, 142.6310272216797, -36.38201904296875], [369.649169921875, 148.5895538330078, -14.565522193908691], [405.1851501464844, 148.91094970703125, -13.803863525390625], [504.21875, 446.26043701171875, -3.832681179046631], [501.9817810058594, 443.75946044921875, 15.625629425048828], [454.36077880859375, 432.901611328125, 29.11569595336914], [368.9761962890625, 475.3814697265625, -72.8551254272461], [348.97467041015625, 469.4967956542969, -71.15326690673828], [341.59686279296875, 452.445556640625, -23.800567626953125], [352.0433654785156, 448.26318359375, -37.556739807128906], [397.6036071777344, 375.354248046875, -79.79442596435547], [364.3333435058594, 298.7742004394531, -6.401970386505127], [418.9579162597656, 289.67425537109375, 26.3502197265625], [492.7342529296875, 345.3392333984375, -21.909156799316406], [465.5704345703125, 428.3592529296875, 17.19253158569336], [287.9307861328125, 194.93289184570312, -82.01549530029297], [297.7868347167969, 235.22845458984375, -37.08577346801758], [343.3721618652344, 201.36386108398438, -14.491461753845215], [425.6495666503906, 200.64231872558594, 7.53585958480835], [453.4652099609375, 256.3361511230469, 16.126482009887695], [475.5436706542969, 287.7151184082031, -29.656368255615234], [385.305419921875, 181.06253051757812, -8.90056037902832], [388.2729797363281, 115.94747924804688, -15.199180603027344], [389.6155090332031, 296.1787414550781, 13.909988403320312], [384.7716064453125, 194.76290893554688, -3.9225757122039795], [382.32757568359375, 237.25547790527344, 9.895265579223633], [389.4753723144531, 160.41098022460938, -27.854310989379883], [387.48297119140625, 131.3563690185547, -13.56710147857666], [388.44708251953125, 150.9793701171875, -45.20218276977539], [396.2192077636719, 142.6310272216797, -36.38201904296875], [380.18597412109375, 142.34239196777344, -36.59217071533203], [405.1851501464844, 148.91094970703125, -13.803863525390625], [369.649169921875, 148.5895538330078, -14.565522193908691]], "pred_body_pose": [[2.750960350036621, -0.31262147426605225, 0.7309398651123047, -0.7745326161384583, 0.1168527826666832, 0.4508401155471802, -0.6037176847457886, 0.08751209080219269, -0.3516237437725067, 0.5474453568458557, -0.07633378356695175, 0.01845153607428074, 1.5895695686340332, 0.031361907720565796, -0.19564291834831238, 1.475286602973938, 0.24567937850952148, 0.0254715196788311, 0.04064043238759041, -0.10705292969942093, -0.008682817220687866, -0.20387102663516998, 0.08781538158655167, -0.03509030491113663, -0.18061785399913788, -0.10867703706026077, 0.13065744936466217, -0.006912746466696262, -0.05876173824071884, -0.03857685253024101, -0.2536432147026062, 0.09291975945234299, 0.15848709642887115, -0.24013030529022217, -0.05389788746833801, -0.3121175765991211, -0.2185821831226349, -0.21011818945407867, -0.07070690393447876, 0.02280811034142971, -0.224837526679039, -0.30015045404434204, -0.10513053089380264, 0.03775656595826149, 0.11808017641305923, -0.03709769621491432, -0.08718420565128326, 0.010624203830957413, 0.03187277540564537, -0.30887290835380554, -0.7382205128669739, -0.34740981459617615, 0.1888701170682907, 0.33517080545425415, -0.009497296996414661, -0.8780607581138611, 0.2113899141550064, -0.5359295606613159, 1.3905251026153564, -0.552537202835083, 0.061333198100328445, -0.03859321400523186, 0.20057916641235352, -0.026281405240297318, 0.06347956508398056, -0.25876930356025696, -0.1312316209077835, -0.10972098261117935, -0.2191540151834488, -0.12654417753219604, 0.08133771270513535, 0.221243754029274]], "pred_rotmat": [[[[0.8488090634346008, -0.27580249309539795, 0.4510611891746521], [-0.13566769659519196, -0.9382083415985107, -0.3183697760105133], [0.5109965801239014, 0.20904070138931274, -0.8337772488594055]], [[0.8987285494804382, -0.43417879939079285, -0.06144760176539421], [0.3496677279472351, 0.625022292137146, 0.6979109048843384], [-0.26461195945739746, -0.6487186551094055, 0.713543713092804]], [[0.9370189905166626, 0.29793843626976013, 0.1822856217622757], [-0.348624050617218, 0.7658607363700867, 0.540294885635376], [0.02136920392513275, -0.5698156952857971, 0.8214945793151855]], [[0.996994137763977, -0.037892334163188934, -0.06757839769124985], [-0.00284191663376987, 0.8537665009498596, -0.5206483006477356], [0.07742475718259811, 0.5192753672599792, 0.851092517375946]], [[0.9842245578765869, 0.14210659265518188, -0.10539276897907257], [-0.10204345732927322, -0.030674630776047707, -0.9943069219589233], [-0.14453043043613434, 0.9893760085105896, -0.015689676627516747]], [[0.9747763276100159, 0.13287471234798431, 0.17931921780109406], [0.1668359637260437, 0.09986153244972229, -0.9809146523475647], [-0.14824582636356354, 0.986089289188385, 0.07517437636852264]], [[0.9942384958267212, 0.006490796804428101, -0.10699404031038284], [-0.01083669438958168, 0.9991374611854553, -0.04008692130446434], [0.10664155334234238, 0.041015420109033585, 0.9934512376785278]], [[0.9955474138259888, 0.025881778448820114, 0.09063994884490967], [-0.04370955750346184, 0.9786925315856934, 0.2006249576807022], [-0.08351611346006393, -0.2036934643983841, 0.9754660725593567]], [[0.9856328368186951, -0.1195579320192337, -0.11930563300848007], [0.13908651471138, 0.9752800464630127, 0.17170867323875427], [0.09582726657390594, -0.18583551049232483, 0.9778969287872314]], [[0.997530460357666, 0.03874780982732773, -0.05857961252331734], [-0.038341764360666275, 0.9992323517799377, 0.008039950393140316], [0.05884617194533348, -0.005774049554020166, 0.9982503652572632]], [[0.9832613468170166, -0.16759707033634186, 0.07147231698036194], [0.14422063529491425, 0.9556378126144409, 0.2568202614784241], [-0.11134398728609085, -0.2422136813402176, 0.9638126492500305]], [[0.9504956603050232, 0.3103504180908203, -0.015506204217672348], [-0.297577440738678, 0.9234755039215088, 0.24215829372406006], [0.08947354555130005, -0.2255561500787735, 0.9701127409934998]], [[0.9756233096122742, 0.09234936535358429, -0.199074849486351], [-0.04679103568196297, 0.9738236665725708, 0.2224368005990982], [0.21440568566322327, -0.20769959688186646, 0.954406201839447]], [[0.9305022358894348, 0.29060444235801697, -0.22296778857707977], [-0.2956725060939789, 0.9552251696586609, 0.011072195135056973], [0.21620208024978638, 0.05562274530529976, 0.9747629165649414]], [[0.9923326969146729, -0.1195412129163742, 0.0313972644507885], [0.11558057367801666, 0.9875298142433167, 0.10689245164394379], [-0.04378378763794899, -0.10244395583868027, 0.9937747716903687]], [[0.9961459636688232, -0.00899217277765274, -0.08724908530712128], [0.012224055826663971, 0.9992560148239136, 0.03657873719930649], [0.08685524761676788, -0.037504296749830246, 0.9955147504806519]], [[0.6965659260749817, 0.6571338772773743, -0.2880469262599945], [-0.6664634346961975, 0.7412900924682617, 0.07947008311748505], [0.2657487988471985, 0.13661658763885498, 0.9543130993843079]], [[0.9276366829872131, -0.35244038701057434, 0.12359587848186493], [0.28828129172325134, 0.8860692381858826, 0.3630084693431854], [-0.2374533861875534, -0.30110958218574524, 0.9235522747039795]], [[0.6191439628601074, -0.17990511655807495, -0.7643918991088867], [0.18769261240959167, 0.9790931940078735, -0.07840891927480698], [0.7625170946121216, -0.09492430090904236, 0.6399664878845215]], [[0.09724678844213486, 0.04709740728139877, 0.9941452741622925], [-0.6480762958526611, 0.7610845565795898, 0.027338281273841858], [-0.755341112613678, -0.6469405293464661, 0.10453574359416962]], [[0.9792181849479675, -0.20024117827415466, -0.0321735255420208], [0.19788308441638947, 0.9780864119529724, -0.06472516804933548], [0.044429127126932144, 0.05701347440481186, 0.9973843693733215]], [[0.964715838432312, 0.2548596262931824, 0.06610403209924698], [-0.25651803612709045, 0.9663754105567932, 0.017804207280278206], [-0.059343740344047546, -0.034132879227399826, 0.9976537227630615]], [[0.9701593518257141, 0.22349503636360168, -0.09402546286582947], [-0.20918868482112885, 0.9675844311714172, 0.14149335026741028], [0.12260064482688904, -0.11760202795267105, 0.9854637384414673]], [[0.9723830819129944, -0.22372962534427643, 0.06645560264587402], [0.2134980708360672, 0.9677121639251709, 0.13398414850234985], [-0.09428611397743225, -0.11609575897455215, 0.9887527823448181]]]], "pred_betas": [[0.07650751620531082, 0.21983936429023743, 0.4536479711532593, 0.6223976612091064, 0.19827274978160858, 0.07116062939167023, -0.3158290386199951, 0.28067246079444885, 0.6585578322410583, -0.09429831802845001]], "pred_camera": [1.2039488554000854, 0.037148430943489075, 0.33773937821388245]}