{"pred_joints_img": [[387.7804870605469, 150.7711639404297, -47.40657043457031], [383.8719177246094, 179.7873992919922, -10.88755989074707], [343.97943115234375, 199.704833984375, -15.349958419799805], [299.3170166015625, 229.73788452148438, -41.44126510620117], [294.9915771484375, 179.0587158203125, -73.03144836425781], [424.60784912109375, 200.8333740234375, -0.5553476810455322], [445.3512268066406, 258.59173583984375, 3.700578212738037], [457.4397888183594, 302.6078796386719, -32.814918518066406], [394.50244140625, 295.4333801269531, 5.900399208068848], [386.34161376953125, 318.6067199707031, -3.0216317176818848], [399.6004333496094, 377.392333984375, -69.85321807861328], [360.322021484375, 443.3934326171875, -16.090343475341797], [412.46759033203125, 313.84320068359375, 12.84751033782959], [489.640380859375, 340.76031494140625, -19.643728256225586], [464.553466796875, 424.995361328125, 12.855576515197754], [380.11761474609375, 142.036865234375, -39.034934997558594], [395.6785583496094, 142.8872528076172, -38.87432861328125], [369.911376953125, 147.78488159179688, -17.620573043823242], [404.1186828613281, 149.24798583984375, -17.058256149291992], [502.4515075683594, 442.1256103515625, -7.2673516273498535], [499.9079895019531, 440.4580078125, 11.6453218460083], [453.39434814453125, 429.62567138671875, 23.966917037963867], [376.7230224609375, 474.53363037109375, -46.34986114501953], [357.1769714355469, 469.5474853515625, -44.671363830566406], [350.7413635253906, 445.382568359375, -2.035125494003296], [360.322021484375, 443.3934326171875, -16.090343475341797], [399.6004333496094, 377.392333984375, -69.85321807861328], [365.1312255859375, 295.158203125, -6.496222972869873], [417.6996154785156, 284.4931640625, 24.169313430786133], [489.640380859375, 340.76031494140625, -19.643728256225586], [464.553466796875, 424.995361328125, 12.855576515197754], [294.9915771484375, 179.0587158203125, -73.03144836425781], [299.3170166015625, 229.73788452148438, -41.44126510620117], [343.97943115234375, 199.704833984375, -15.349958419799805], [424.60784912109375, 200.8333740234375, -0.5553476810455322], [445.3512268066406, 258.59173583984375, 3.700578212738037], [457.4397888183594, 302.6078796386719, -32.814918518066406], [384.80230712890625, 180.28033447265625, -12.316534996032715], [388.8828430175781, 116.78952026367188, -18.39651870727539], [389.45135498046875, 291.2520446777344, 12.743169784545898], [384.4751281738281, 193.97494506835938, -8.008395195007324], [382.732421875, 234.63156127929688, 5.84608793258667], [388.5872802734375, 159.91844177246094, -30.505916595458984], [387.67718505859375, 131.73046875, -16.81069564819336], [387.7804870605469, 150.7711639404297, -47.40657043457031], [395.6785583496094, 142.8872528076172, -38.87432861328125], [380.11761474609375, 142.036865234375, -39.034934997558594], [404.1186828613281, 149.24798583984375, -17.058256149291992], [369.911376953125, 147.78488159179688, -17.620573043823242]], "pred_body_pose": [[2.842240333557129, -0.3298570215702057, 0.7363725304603577, -0.8283905386924744, 0.14692111313343048, 0.43827709555625916, -0.6076855659484863, 0.07500816136598587, -0.2985718548297882, 0.4960571229457855, -0.07912609726190567, 0.014961822889745235, 1.519049048423767, 0.10765368491411209, -0.22551223635673523, 1.5160554647445679, 0.18012821674346924, 0.05776813626289368, 0.01453144010156393, -0.14396649599075317, -0.007999695837497711, -0.1584097295999527, 0.0764271542429924, -0.031127527356147766, -0.16757869720458984, -0.09435942769050598, 0.10313362628221512, -0.03895089402794838, -0.07668043673038483, -0.04681343212723732, -0.24444085359573364, 0.09881987422704697, 0.15942063927650452, -0.22398629784584045, -0.06792794913053513, -0.25162994861602783, -0.2218526154756546, -0.16998271644115448, -0.07938151806592941, 0.03883720189332962, -0.2949749827384949, -0.3551586866378784, -0.1445278376340866, 0.06476530432701111, 0.11254553496837616, -0.022290561348199844, -0.06320454925298691, -0.0235932394862175, 0.07037348300218582, -0.3417809307575226, -0.7869449257850647, -0.38015541434288025, 0.2577882707118988, 0.29260364174842834, 0.09729847311973572, -0.6204116940498352, 0.12648671865463257, -0.5572378635406494, 1.5344328880310059, -0.6661108136177063, 0.1682080328464508, -0.03342008218169212, 0.19833599030971527, 0.011409278027713299, 0.0764959454536438, -0.29377812147140503, -0.1912657916545868, -0.11103774607181549, -0.23958230018615723, -0.15235985815525055, 0.09241799265146255, 0.24978429079055786]], "pred_rotmat": [[[[0.8521378040313721, -0.2592714726924896, 0.4545761048793793], [-0.16658103466033936, -0.9578477740287781, -0.23404791951179504], [0.4960966408252716, 0.12371733039617538, -0.8594080209732056]], [[0.9009390473365784, -0.43186289072036743, -0.04246484860777855], [0.31901252269744873, 0.5928024053573608, 0.7394703030586243], [-0.29417651891708374, -0.6797645092010498, 0.671848475933075]], [[0.9544186592102051, 0.2540867030620575, 0.15660451352596283], [-0.2979324460029602, 0.779514491558075, 0.5509930849075317], [0.017924532294273376, -0.5725356340408325, 0.819683849811554]], [[0.9968252182006836, -0.033555880188941956, -0.07220373302698135], [-0.004876000341027975, 0.8794218301773071, -0.4760182201862335], [0.07947076112031937, 0.4748590886592865, 0.8764662146568298]], [[0.9744767546653748, 0.21325574815273285, -0.07012175023555756], [-0.07957509905099869, 0.036062125116586685, -0.9961763620376587], [-0.20991159975528717, 0.9763306379318237, 0.05211154744029045]], [[0.9853287935256958, 0.07418884336948395, 0.1536983996629715], [0.149741068482399, 0.05627460405230522, -0.9871224761009216], [-0.08188279718160629, 0.9956551790237427, 0.044339872896671295]], [[0.9896230101585388, 0.0069275349378585815, -0.14352111518383026], [-0.009015914984047413, 0.9998626708984375, -0.013905792497098446], [0.14340507984161377, 0.015055466443300247, 0.9895495772361755]], [[0.9966039657592773, 0.02492494322359562, 0.0784803256392479], [-0.03699960932135582, 0.9870033860206604, 0.15638241171836853], [-0.07356251776218414, -0.1587550938129425, 0.9845737218856812]], [[0.9902685880661011, -0.09444200992584229, -0.10221952199935913], [0.11019197851419449, 0.9807170629501343, 0.16140523552894592], [0.08500500023365021, -0.17109830677509308, 0.9815800786018372]], [[0.9959675669670105, 0.0482308566570282, -0.07564697414636612], [-0.045246463268995285, 0.998147189617157, 0.04068208485841751], [0.07746893912553787, -0.03709527850151062, 0.9963045120239258]], [[0.9825485944747925, -0.16889281570911407, 0.07793295383453369], [0.14492766559123993, 0.9577526450157166, 0.24840649962425232], [-0.11659456044435501, -0.23277679085731506, 0.9655157327651978]], [[0.9663670659065247, 0.2542390525341034, -0.03869418427348137], [-0.2391732782125473, 0.9438124895095825, 0.22806598246097565], [0.09450333565473557, -0.21114082634449005, 0.9728764891624451]], [[0.9825257062911987, 0.09699270129203796, -0.1588575839996338], [-0.059546105563640594, 0.9724347591400146, 0.2254439741373062], [0.17634505033493042, -0.21204513311386108, 0.9612177014350891]], [[0.8953188061714172, 0.33696192502975464, -0.29130882024765015], [-0.34821444749832153, 0.9373104572296143, 0.013988548889756203], [0.27776044607162476, 0.08891373872756958, 0.9565266966819763]], [[0.9915959239006042, -0.1165042519569397, 0.056251160800457], [0.10717328637838364, 0.983275294303894, 0.14725328981876373], [-0.07246601581573486, -0.13998715579509735, 0.9874979257583618]], [[0.9977251887321472, 0.02427753247320652, -0.06288852542638779], [-0.022869251668453217, 0.9994734525680542, 0.023017099127173424], [0.06341421604156494, -0.021526526659727097, 0.9977550506591797]], [[0.6541261672973633, 0.6819875836372375, -0.327126681804657], [-0.7045907378196716, 0.706687331199646, 0.06438084691762924], [0.2750832140445709, 0.1883772611618042, 0.9427847862243652]], [[0.9258249998092651, -0.32615336775779724, 0.19097669422626495], [0.23055210709571838, 0.8877485394477844, 0.39843231439590454], [-0.2994893193244934, -0.3248485028743744, 0.8970951437950134]], [[0.806307315826416, -0.14717568457126617, -0.5728942155838013], [0.08884692192077637, 0.9876965284347534, -0.128692165017128], [0.584786057472229, 0.05286555364727974, 0.8094630241394043]], [[-0.0721902921795845, 0.04319797828793526, 0.9964550137519836], [-0.6984577178955078, 0.7110041379928589, -0.08142445981502533], [-0.7120010256767273, -0.701859712600708, -0.02115563675761223]], [[0.9798885583877563, -0.19886596500873566, -0.016452962532639503], [0.1932765692472458, 0.9663776755332947, -0.1695825755596161], [0.04962398111820221, 0.16299206018447876, 0.9853785634040833]], [[0.9542746543884277, 0.2897132635116577, 0.07366170734167099], [-0.2888472080230713, 0.9571134448051453, -0.02238486334681511], [-0.07698780298233032, 8.43315283418633e-05, 0.9970319867134094]], [[0.9654432535171509, 0.24588488042354584, -0.08637106418609619], [-0.2248346209526062, 0.9534237384796143, 0.20107869803905487], [0.131790429353714, -0.17471086978912354, 0.9757599234580994]], [[0.9648107886314392, -0.25286865234375, 0.07209493964910507], [0.23889800906181335, 0.9575318694114685, 0.1614324301481247], [-0.10985441505908966, -0.13852839171886444, 0.9842469096183777]]]], "pred_betas": [[0.09896618127822876, 0.4175960123538971, 0.31782984733581543, 0.5181629657745361, 0.17793673276901245, 0.014739248901605606, -0.4359760284423828, 0.2552194893360138, 0.682054340839386, -0.11977043002843857]], "pred_camera": [1.170404076576233, 0.010185275226831436, 0.3059086501598358]}