{"pred_joints_img": [[390.2498474121094, 149.82156372070312, -48.394813537597656], [381.5823059082031, 183.72808837890625, -13.516741752624512], [342.28631591796875, 209.67611694335938, -26.336915969848633], [308.8223876953125, 262.5745544433594, -20.260404586791992], [288.775146484375, 311.58917236328125, -54.15823745727539], [420.03271484375, 197.6673583984375, 10.631942749023438], [471.5841979980469, 236.56472778320312, 13.124006271362305], [483.355712890625, 183.88571166992188, -16.003053665161133], [392.0817565917969, 304.1706848144531, 6.393270969390869], [383.22711181640625, 328.6031494140625, -3.3028955459594727], [372.068359375, 375.4881591796875, -84.56053161621094], [337.90423583984375, 456.7281494140625, -40.52882766723633], [412.0154724121094, 323.426513671875, 11.91306209564209], [493.90673828125, 328.0242919921875, -30.488325119018555], [531.3165283203125, 415.47137451171875, -5.105917453765869], [380.5804443359375, 142.3760986328125, -39.31707763671875], [396.8673095703125, 142.41448974609375, -37.088356018066406], [367.425048828125, 152.0388641357422, -19.49852752685547], [403.3974914550781, 151.934326171875, -14.39145565032959], [567.7164306640625, 409.0099182128906, -37.730079650878906], [569.39404296875, 410.2216491699219, -17.251811981201172], [527.53515625, 427.28973388671875, 7.354366779327393], [347.62725830078125, 476.74530029296875, -84.3681411743164], [327.81781005859375, 472.9304504394531, -76.5995101928711], [330.4181213378906, 463.702392578125, -25.508331298828125], [337.90423583984375, 456.7281494140625, -40.52882766723633], [372.068359375, 375.4881591796875, -84.56053161621094], [359.7080078125, 304.0066223144531, -3.8588922023773193], [417.5378112792969, 292.5116271972656, 25.598026275634766], [493.90673828125, 328.0242919921875, -30.488325119018555], [531.3165283203125, 415.47137451171875, -5.105917453765869], [288.775146484375, 311.58917236328125, -54.15823745727539], [308.8223876953125, 262.5745544433594, -20.260404586791992], [342.28631591796875, 209.67611694335938, -26.336915969848633], [420.03271484375, 197.6673583984375, 10.631942749023438], [471.5841979980469, 236.56472778320312, 13.124006271362305], [483.355712890625, 183.88571166992188, -16.003053665161133], [382.7820739746094, 184.01272583007812, -14.608234405517578], [385.63037109375, 119.00482177734375, -12.972774505615234], [386.9378967285156, 300.3038330078125, 14.951814651489258], [381.5926513671875, 197.90771484375, -9.06237506866455], [379.33209228515625, 241.21827697753906, 5.8687567710876465], [389.6650085449219, 161.85130310058594, -31.887216567993164], [384.9898986816406, 134.6031951904297, -13.523736953735352], [390.2498474121094, 149.82156372070312, -48.394813537597656], [396.8673095703125, 142.41448974609375, -37.088356018066406], [380.5804443359375, 142.3760986328125, -39.31707763671875], [403.3974914550781, 151.934326171875, -14.39145565032959], [367.425048828125, 152.0388641357422, -19.49852752685547]], "pred_body_pose": [[2.8252694606781006, -0.33328595757484436, 0.6381785869598389, -0.9750238060951233, -0.0058781784027814865, 0.6251581907272339, -0.699566125869751, 0.018657611683011055, -0.5624700784683228, 0.5879899859428406, -0.020129507407546043, 0.014253166504204273, 1.184660792350769, -0.006592066492885351, -0.1207258477807045, 1.4205737113952637, 0.16098201274871826, 0.057303234934806824, -0.0011139066191390157, -0.009908216074109077, -0.03522054851055145, -0.14450687170028687, 0.07228703051805496, -0.17084404826164246, -0.24304820597171783, -0.027110343798995018, 0.1136615201830864, -0.025781909003853798, 0.0019211076432839036, -0.026726284995675087, -0.22225871682167053, 0.12678219377994537, 0.2806014120578766, -0.19292862713336945, -0.11631093919277191, -0.27078375220298767, -0.2502598166465759, -0.1929055154323578, -0.14382337033748627, -0.08001863211393356, -0.06569673120975494, -0.17105752229690552, 0.019303584471344948, 0.05530431121587753, 0.2270248532295227, -0.15879181027412415, -0.1471288949251175, 0.028729425743222237, -0.346621036529541, -0.44912073016166687, -0.5256591439247131, -0.004372862167656422, -0.02917809970676899, 0.7296638488769531, -0.38849255442619324, -1.6957581043243408, 0.7942339181900024, -0.15619312226772308, 0.6000266671180725, -0.1265467256307602, 0.04671768471598625, -0.08629083633422852, 0.3511951267719269, 0.003134575206786394, 0.04208816960453987, -0.1694321632385254, -0.16562771797180176, -0.09468328207731247, -0.25841906666755676, -0.16029806435108185, 0.09155722707509995, 0.21846547722816467]], "pred_rotmat": [[[[0.8795932531356812, -0.26778262853622437, 0.393202543258667], [-0.16967254877090454, -0.9487611055374146, -0.26657745242118835], [0.444440096616745, 0.16776405274868011, -0.879959225654602]], [[0.825465202331543, -0.49190282821655273, -0.2768373191356659], [0.4970214068889618, 0.4009644091129303, 0.7695436477661133], [-0.26753875613212585, -0.7728255391120911, 0.5754684209823608]], [[0.8519958257675171, 0.48378971219062805, 0.20012621581554413], [-0.4959883689880371, 0.6234645247459412, 0.6043901443481445], [0.16762614250183105, -0.6141982078552246, 0.7711432576179504]], [[0.9997045397758484, -0.019193686544895172, -0.01491671334952116], [0.007695422973483801, 0.8319671750068665, -0.5547714829444885], [0.023058325052261353, 0.5544927716255188, 0.8318690657615662]], [[0.9935148358345032, 0.09068501740694046, -0.0685896947979927], [-0.09761407971382141, 0.370922714471817, -0.9235193133354187], [-0.05830788612365723, 0.924225389957428, 0.37736934423446655]], [[0.9877273440361023, 0.0564621202647686, 0.14562511444091797], [0.13577742874622345, 0.15041816234588623, -0.9792542457580566], [-0.07719540596008301, 0.9870088696479797, 0.14090585708618164]], [[0.9993307590484619, 0.03521820902824402, -0.009886388666927814], [-0.035207170993089676, 0.9993792176246643, 0.0012881248258054256], [0.009925616905093193, -0.0009391909115947783, 0.9999503493309021]], [[0.9828725457191467, 0.16407495737075806, 0.08390998095273972], [-0.1744728833436966, 0.9750802516937256, 0.13703230023384094], [-0.059335388243198395, -0.14932531118392944, 0.9870062470436096]], [[0.9932143092155457, -0.10901418328285217, -0.04051204398274422], [0.11556348949670792, 0.9642218947410583, 0.2385815531015396], [0.01305382326245308, -0.24164432287216187, 0.9702770709991455]], [[0.9996410608291626, 0.026695363223552704, 0.002265152521431446], [-0.026744887232780457, 0.9993106126785278, 0.02575029619038105], [-0.0015761773101985455, -0.025801634415984154, 0.9996658563613892]], [[0.9531614780426025, -0.2878262996673584, 0.09294676780700684], [0.25998491048812866, 0.9366981983184814, 0.2345299869775772], [-0.15456698834896088, -0.19938021898269653, 0.9676551222801208]], [[0.9570211172103882, 0.2763231694698334, -0.08806861937046051], [-0.2541145086288452, 0.9452965259552002, 0.2045491337776184], [0.13977262377738953, -0.1733783334493637, 0.9748864769935608]], [[0.9713407754898071, 0.16484838724136353, -0.17123715579509735], [-0.11705484986305237, 0.9587591886520386, 0.25899621844291687], [0.20687030255794525, -0.23152944445610046, 0.9505782127380371]], [[0.9832674860954285, 0.17253972589969635, -0.058438729494810104], [-0.1673002690076828, 0.9822275042533875, 0.08508676290512085], [0.07208097726106644, -0.07388623803853989, 0.9946582913398743]], [[0.9728254675865173, -0.2244192510843277, 0.0569801852107048], [0.22548191249370575, 0.974162220954895, -0.012878190726041794], [-0.05261783301830292, 0.025376232340931892, 0.9982923269271851]], [[0.9888083934783936, -0.016866547986865044, -0.14823423326015472], [0.04013671353459358, 0.9870315194129944, 0.15542766451835632], [0.1436903476715088, -0.15963782370090485, 0.9766620397567749]], [[0.7726657390594482, 0.5488324165344238, -0.3190150260925293], [-0.4007646143436432, 0.8114546537399292, 0.42535755038261414], [0.49231621623039246, -0.2008092999458313, 0.8469358086585999]], [[0.7450100183486938, -0.6664577722549438, -0.028178738430142403], [0.6665798425674438, 0.7454079389572144, -0.006185928825289011], [0.025127317756414413, -0.01417479943484068, 0.9995836615562439]], [[-0.27992045879364014, -0.15083162486553192, -0.9481004476547241], [0.6317792534828186, 0.7146485447883606, -0.30022087693214417], [0.7228413224220276, -0.6830281019210815, -0.10475245863199234]], [[0.8181682229042053, 0.07295144349336624, 0.5703322291374207], [-0.16358545422554016, 0.9804601073265076, 0.10925989598035812], [-0.5512173771858215, -0.1826910376548767, 0.8141151070594788]], [[0.9353293776512146, -0.3454572260379791, -0.0762781947851181], [0.3414704203605652, 0.937932014465332, -0.06067454069852829], [0.09250423312187195, 0.03070392832159996, 0.9952387809753418]], [[0.9847993850708008, 0.16863830387592316, 0.0416097491979599], [-0.1685067117214203, 0.9856778383255005, -0.006675166077911854], [-0.042139504104852676, -0.0004378235898911953, 0.9991115927696228]], [[0.9624518752098083, 0.26177191734313965, -0.07184614986181259], [-0.24622415006160736, 0.9532971978187561, 0.17492333054542542], [0.11428075283765793, -0.1506650298833847, 0.9819572567939758]], [[0.9721358418464661, -0.22278735041618347, 0.07292325794696808], [0.20821066200733185, 0.9635382890701294, 0.1680544912815094], [-0.107704758644104, -0.14818838238716125, 0.983076810836792]]]], "pred_betas": [[0.12249188125133514, 0.2995466887950897, 0.39955317974090576, 0.45095187425613403, 0.32880744338035583, 0.12364058941602707, -0.3126160502433777, 0.29138216376304626, 0.6483202576637268, -0.18360406160354614]], "pred_camera": [1.2302711009979248, -0.06233174726366997, 0.34469175338745117]}