{"pred_joints_img": [[389.5398254394531, 148.79977416992188, -47.08512496948242], [383.4546203613281, 179.33059692382812, -9.469926834106445], [342.8875427246094, 201.72055053710938, -19.81162452697754], [298.9093933105469, 238.97323608398438, -41.63530731201172], [289.17987060546875, 213.72023010253906, -97.00602722167969], [423.927734375, 197.97125244140625, 9.86531925201416], [457.71783447265625, 250.44473266601562, 21.01474952697754], [484.98712158203125, 255.70106506347656, -32.42585754394531], [393.3278503417969, 299.87890625, 6.47385835647583], [385.19256591796875, 323.2576599121094, -5.343619346618652], [397.5528869628906, 369.7172546386719, -84.64642333984375], [353.40667724609375, 445.711181640625, -44.3717041015625], [412.33856201171875, 319.5432434082031, 12.159910202026367], [491.84906005859375, 342.9068908691406, -24.246335983276367], [467.2281494140625, 428.6483154296875, 12.747346878051758], [381.0055847167969, 140.072265625, -38.540992736816406], [397.2176818847656, 140.6013641357422, -37.71683883666992], [369.42742919921875, 146.53399658203125, -16.73453140258789], [405.4161376953125, 147.42987060546875, -14.646881103515625], [506.6867980957031, 444.3931579589844, -9.660877227783203], [504.55682373046875, 442.6082458496094, 10.184696197509766], [456.1888122558594, 434.21337890625, 24.67483901977539], [370.80963134765625, 470.1318664550781, -81.9869613647461], [350.44769287109375, 464.52423095703125, -79.86612701416016], [343.0476989746094, 451.1549987792969, -30.696578979492188], [353.40667724609375, 445.711181640625, -44.3717041015625], [397.5528869628906, 369.7172546386719, -84.64642333984375], [362.40155029296875, 298.8305969238281, -6.527642726898193], [417.608154296875, 290.02447509765625, 27.3987979888916], [491.84906005859375, 342.9068908691406, -24.246335983276367], [467.2281494140625, 428.6483154296875, 12.747346878051758], [289.17987060546875, 213.72023010253906, -97.00602722167969], [298.9093933105469, 238.97323608398438, -41.63530731201172], [342.8875427246094, 201.72055053710938, -19.81162452697754], [423.927734375, 197.97125244140625, 9.86531925201416], [457.71783447265625, 250.44473266601562, 21.01474952697754], [484.98712158203125, 255.70106506347656, -32.42585754394531], [384.45123291015625, 179.72084045410156, -10.71621322631836], [388.8917236328125, 113.80601501464844, -16.173721313476562], [387.9078063964844, 296.47161865234375, 14.342389106750488], [383.6182861328125, 193.51785278320312, -5.548770904541016], [380.79766845703125, 236.61257934570312, 8.831255912780762], [389.8727111816406, 158.67315673828125, -29.64235496520996], [387.7625427246094, 129.39056396484375, -14.76081371307373], [389.5398254394531, 148.79977416992188, -47.08512496948242], [397.2176818847656, 140.6013641357422, -37.71683883666992], [381.0055847167969, 140.072265625, -38.540992736816406], [405.4161376953125, 147.42987060546875, -14.646881103515625], [369.42742919921875, 146.53399658203125, -16.73453140258789]], "pred_body_pose": [[2.750236988067627, -0.30337077379226685, 0.7520039081573486, -0.8307485580444336, 0.09669665992259979, 0.4421413540840149, -0.6870050430297852, 0.09466854482889175, -0.3719928562641144, 0.5646621584892273, -0.07256811857223511, 0.033781904727220535, 1.5894694328308105, 0.033023651689291, -0.20353245735168457, 1.5161514282226562, 0.22345958650112152, 0.04808446392416954, 0.03344190493226051, -0.07124350965023041, -0.015459571033716202, -0.2190772294998169, 0.10940175503492355, -0.045653555542230606, -0.21168658137321472, -0.11906366795301437, 0.12346348911523819, -0.0024654779117554426, -0.038141995668411255, -0.03487237170338631, -0.25563478469848633, 0.07300823926925659, 0.19129501283168793, -0.24349011480808258, -0.03491530194878578, -0.3470342457294464, -0.23624739050865173, -0.24004986882209778, -0.10410735011100769, -0.002632118994370103, -0.18407273292541504, -0.2716734707355499, -0.07818606495857239, 0.059569090604782104, 0.14063839614391327, -0.042367447167634964, -0.10313327610492706, 0.017256900668144226, -0.028073303401470184, -0.29994669556617737, -0.6736843585968018, -0.2999078035354614, 0.14069178700447083, 0.34987780451774597, -0.11392275989055634, -1.2429887056350708, 0.37196505069732666, -0.4786335825920105, 1.2603038549423218, -0.4267827272415161, 0.010570365004241467, -0.0648534744977951, 0.26670041680336, -0.02172991633415222, 0.07491528242826462, -0.2707396149635315, -0.13602344691753387, -0.1155112236738205, -0.24888841807842255, -0.1433759331703186, 0.0844271183013916, 0.24017348885536194]], "pred_rotmat": [[[[0.8430300354957581, -0.2702181935310364, 0.46506187319755554], [-0.12813271582126617, -0.9406436681747437, -0.31427934765815735], [0.5223814845085144, 0.20535729825496674, -0.8276146650314331]], [[0.904994785785675, -0.41633668541908264, -0.08745413273572922], [0.3418213725090027, 0.589240312576294, 0.7320888042449951], [-0.253263920545578, -0.6924301981925964, 0.6755722165107727]], [[0.9300539493560791, 0.30389270186424255, 0.20651546120643616], [-0.36564239859580994, 0.7102511525154114, 0.6015385985374451], [0.03612533584237099, -0.6349743008613586, 0.771687924861908]], [[0.9968821406364441, -0.05191909894347191, -0.05941583588719368], [0.01204129122197628, 0.844297468662262, -0.535739541053772], [0.07797975093126297, 0.5333538055419922, 0.8422902226448059]], [[0.9829205274581909, 0.14800776541233063, -0.1093660295009613], [-0.10583529621362686, -0.03154813498258591, -0.9938830137252808], [-0.15055273473262787, 0.9884828329086304, -0.015344864688813686]], [[0.9786100387573242, 0.10736770182847977, 0.17548365890979767], [0.1700444370508194, 0.05794626846909523, -0.9837311506271362], [-0.11578956991434097, 0.9925292730331421, 0.038449518382549286]], [[0.9973441362380981, 0.014252383261919022, -0.07142551243305206], [-0.016633620485663414, 0.999321699142456, -0.03285566344857216], [0.0709087923169136, 0.03395646810531616, 0.996904730796814]], [[0.9930097460746765, 0.033261027187108994, 0.11324892938137054], [-0.05710477754473686, 0.9750897288322449, 0.21433427929878235], [-0.10329887270927429, -0.21930308640003204, 0.9701729416847229]], [[0.9853811264038086, -0.1094173714518547, -0.1305832415819168], [0.1344659924507141, 0.9701581001281738, 0.20177268981933594], [0.10460895299911499, -0.2163819968700409, 0.9706884026527405]], [[0.998664915561676, 0.03490382805466652, -0.038082003593444824], [-0.03480980545282364, 0.999389111995697, 0.0031292808707803488], [0.038167960941791534, -0.0017994754016399384, 0.9992698431015015]], [[0.9792247414588928, -0.19714179635047913, 0.0474768802523613], [0.1786445677280426, 0.9494826197624207, 0.2580096423625946], [-0.09594294428825378, -0.24416793882846832, 0.9649751782417297]], [[0.9400857090950012, 0.34085020422935486, 0.0077446214854717255], [-0.33247610926628113, 0.9114866256713867, 0.24218100309371948], [0.07548833638429642, -0.23024581372737885, 0.9702001214027405]], [[0.9661219120025635, 0.13002750277519226, -0.22293789684772491], [-0.07390125095844269, 0.9670181274414062, 0.24375100433826447], [0.2472793161869049, -0.21901778876781464, 0.9438666105270386]], [[0.9466369152069092, 0.26706334948539734, -0.18043214082717896], [-0.2665832042694092, 0.9634233117103577, 0.027365365996956825], [0.18114082515239716, 0.022195110097527504, 0.9832066893577576]], [[0.9883647561073303, -0.14227236807346344, 0.05379272252321243], [0.1376263052225113, 0.9870856404304504, 0.08198156952857971], [-0.06476173549890518, -0.07362440228462219, 0.9951810836791992]], [[0.9945386052131653, -0.015037880279123783, -0.10327979177236557], [0.019402744248509407, 0.9989547729492188, 0.041388679295778275], [0.10254942625761032, -0.04316655546426773, 0.993790864944458]], [[0.74020916223526, 0.6182017922401428, -0.2644181549549103], [-0.6101565957069397, 0.7828118205070496, 0.12212541699409485], [0.28248780965805054, 0.0709381252527237, 0.9566443562507629]], [[0.9302607178688049, -0.35718876123428345, 0.08385258167982101], [0.31580427289009094, 0.8958587646484375, 0.31257766485214233], [-0.1867693066596985, -0.2642976939678192, 0.946183979511261]], [[0.2707664966583252, -0.2140260934829712, -0.9385512471199036], [0.3367113173007965, 0.9344416260719299, -0.11594971269369125], [0.9018375873565674, -0.2846255600452423, 0.3250804841518402]], [[0.2527693808078766, 0.04352593421936035, 0.9665470123291016], [-0.5526983141899109, 0.8264418244361877, 0.10732387006282806], [-0.7941235303878784, -0.5613371133804321, 0.2329559028148651]], [[0.9625687003135681, -0.26370003819465637, -0.06264033168554306], [0.26301881670951843, 0.9646029472351074, -0.019031936302781105], [0.06544177234172821, 0.0018439600244164467, 0.9978546500205994]], [[0.9608041644096375, 0.26636308431625366, 0.07685018330812454], [-0.26798027753829956, 0.9633572697639465, 0.011369195766746998], [-0.07100585103034973, -0.03151790425181389, 0.9969777464866638]], [[0.9626491665840149, 0.2528109550476074, -0.09691858291625977], [-0.2372211515903473, 0.9600895047187805, 0.14816980063915253], [0.13050946593284607, -0.1196444034576416, 0.9842014908790588]], [[0.9678241610527039, -0.24278034269809723, 0.06613559275865555], [0.2307613641023636, 0.9611575603485107, 0.15141130983829498], [-0.10032641142606735, -0.13127802312374115, 0.9862558245658875]]]], "pred_betas": [[0.06009452044963837, 0.19949403405189514, 0.5917370319366455, 0.7199371457099915, 0.1844082623720169, 0.11555881798267365, -0.3577190637588501, 0.31198298931121826, 0.6627628803253174, -0.007788717746734619]], "pred_camera": [1.2064872980117798, 0.03928350284695625, 0.3304954469203949]}