{"pred_joints_img": [[384.6266174316406, 148.34434509277344, -45.14216232299805], [380.3968505859375, 181.26498413085938, -9.77087688446045], [342.023193359375, 206.90032958984375, -22.51104736328125], [306.22705078125, 257.06414794921875, -21.23705291748047], [280.1138916015625, 296.4149169921875, -60.65009689331055], [417.9410705566406, 195.2838897705078, 14.889632225036621], [463.7666320800781, 236.71592712402344, 29.0891056060791], [483.24853515625, 195.4283905029297, -9.870625495910645], [392.2454833984375, 301.0371398925781, 6.368422985076904], [383.62969970703125, 324.79571533203125, -4.175994396209717], [375.1849670410156, 370.9910888671875, -84.05543518066406], [336.9267883300781, 450.934326171875, -45.69965744018555], [411.6158447265625, 320.3238830566406, 11.954110145568848], [492.9298095703125, 327.1092529296875, -27.2081356048584], [515.01220703125, 416.83319091796875, 0.5465090274810791], [376.25872802734375, 140.90237426757812, -35.28618621826172], [392.43292236328125, 140.6758575439453, -35.30385971069336], [366.3267822265625, 149.99325561523438, -14.017379760742188], [402.03515625, 149.39854431152344, -13.698740005493164], [553.5567016601562, 413.958984375, -28.2584171295166], [553.5156860351562, 415.3988037109375, -8.199126243591309], [509.1179504394531, 427.8504638671875, 12.429125785827637], [348.03814697265625, 470.66748046875, -88.12042999267578], [328.3026428222656, 466.28106689453125, -81.62348175048828], [328.77630615234375, 457.8936462402344, -31.349483489990234], [336.9267883300781, 450.934326171875, -45.69965744018555], [375.1849670410156, 370.9910888671875, -84.05543518066406], [360.85345458984375, 300.2939758300781, -4.9779953956604], [417.0450134277344, 290.26263427734375, 26.342226028442383], [492.9298095703125, 327.1092529296875, -27.2081356048584], [515.01220703125, 416.83319091796875, 0.5465090274810791], [280.1138916015625, 296.4149169921875, -60.65009689331055], [306.22705078125, 257.06414794921875, -21.23705291748047], [342.023193359375, 206.90032958984375, -22.51104736328125], [417.9410705566406, 195.2838897705078, 14.889632225036621], [463.7666320800781, 236.71592712402344, 29.0891056060791], [483.24853515625, 195.4283905029297, -9.870625495910645], [381.4098205566406, 181.56031799316406, -10.985950469970703], [384.2716979980469, 117.03599548339844, -10.717944145202637], [387.11724853515625, 297.3430480957031, 14.565374374389648], [380.3653259277344, 195.26596069335938, -5.151883602142334], [379.2957763671875, 238.68338012695312, 7.916109085083008], [386.4778137207031, 159.73199462890625, -28.8956298828125], [383.79718017578125, 132.484375, -10.840892791748047], [384.6266174316406, 148.34434509277344, -45.14216232299805], [392.43292236328125, 140.6758575439453, -35.30385971069336], [376.25872802734375, 140.90237426757812, -35.28618621826172], [402.03515625, 149.39854431152344, -13.698740005493164], [366.3267822265625, 149.99325561523438, -14.017379760742188]], "pred_body_pose": [[2.7934343814849854, -0.3170858919620514, 0.6854885816574097, -0.9634082913398743, 0.023287924006581306, 0.5924572348594666, -0.6660228371620178, 0.027021102607250214, -0.5540539622306824, 0.5566217303276062, -0.026799308136105537, 0.025946369394659996, 1.297085165977478, 0.0010126209817826748, -0.14297889173030853, 1.3816577196121216, 0.18629270792007446, 0.0494062602519989, 0.007975229993462563, -0.020103998482227325, -0.023192238062620163, -0.176465705037117, 0.09105463325977325, -0.14581462740898132, -0.2144971638917923, -0.05553203076124191, 0.14574365317821503, -0.010166027583181858, 0.002005769172683358, -0.02189064212143421, -0.2401762157678604, 0.10284215211868286, 0.2726135551929474, -0.21359212696552277, -0.08204536885023117, -0.3342185914516449, -0.2272108942270279, -0.2860771715641022, -0.1384366750717163, -0.04048354551196098, -0.01374962367117405, -0.19511735439300537, 0.002518624300137162, 0.017223240807652473, 0.21804653108119965, -0.13604028522968292, -0.19847917556762695, 0.045828625559806824, -0.23737700283527374, -0.3365020453929901, -0.5724221467971802, -0.07707099616527557, -0.03899228945374489, 0.6392620205879211, -0.251792848110199, -1.6822501420974731, 0.7255935668945312, -0.2385532408952713, 0.6214681267738342, -0.1647336781024933, 0.035874318331480026, -0.10454189777374268, 0.3013135492801666, 0.011938945390284061, 0.05505157262086868, -0.16364789009094238, -0.15394945442676544, -0.09544868767261505, -0.26039189100265503, -0.15130795538425446, 0.09082480520009995, 0.21914424002170563]], "pred_rotmat": [[[[0.8658368587493896, -0.26643887162208557, 0.42348185181617737], [-0.15021000802516937, -0.9457935094833374, -0.28794345259666443], [0.4772457778453827, 0.18570083379745483, -0.8589246869087219]], [[0.8421893119812012, -0.48401039838790894, -0.2375943958759308], [0.4638674557209015, 0.42578163743019104, 0.7768764495849609], [-0.2748529613018036, -0.7644893527030945, 0.5831054449081421]], [[0.855541467666626, 0.47878894209861755, 0.19700272381305695], [-0.49568673968315125, 0.6476337313652039, 0.578675389289856], [0.1494777351617813, -0.592732310295105, 0.7914068698883057]], [[0.9993221163749695, -0.03188841789960861, -0.018394894897937775], [0.017354225739836693, 0.848734438419342, -0.528534471988678], [0.03246650844812393, 0.5278569459915161, 0.8487125039100647]], [[0.9911487102508545, 0.10628661513328552, -0.07954512536525726], [-0.1051492914557457, 0.26273417472839355, -0.9591217041015625], [-0.08104258030653, 0.9589962959289551, 0.2715846002101898]], [[0.9842503666877747, 0.07426255196332932, 0.16042526066303253], [0.14400285482406616, 0.1895720213651657, -0.971249520778656], [-0.10253959894180298, 0.9790543913841248, 0.17589230835437775]], [[0.9995290040969849, 0.023108189925551414, -0.020193101838231087], [-0.02326851151883602, 0.9996992945671082, -0.00774078443646431], [0.020008154213428497, 0.008207002654671669, 0.9997661113739014]], [[0.9852981567382812, 0.13635064661502838, 0.10293706506490707], [-0.15233756601810455, 0.9739311933517456, 0.16808104515075684], [-0.0773356631398201, -0.1812911182641983, 0.9803839325904846]], [[0.9879086017608643, -0.13812029361724854, -0.07042275369167328], [0.14996209740638733, 0.9665714502334595, 0.20796851813793182], [0.03934395685791969, -0.21601463854312897, 0.975597083568573]], [[0.9997584819793701, 0.021878303959965706, 0.0021168377716094255], [-0.021898699924349785, 0.9997087121009827, 0.010143081657588482], [-0.0018943077884614468, -0.010186986066401005, 0.9999463558197021]], [[0.9580546617507935, -0.2783854603767395, 0.06806514412164688], [0.25397729873657227, 0.9347791075706482, 0.2483617067337036], [-0.13276615738868713, -0.22065706551074982, 0.9662730693817139]], [[0.9415884017944336, 0.3337979018688202, -0.04461245238780975], [-0.31651192903518677, 0.9224077463150024, 0.22132383286952972], [0.11502829194068909, -0.19427557289600372, 0.9741794466972351]], [[0.9501366019248962, 0.16703052818775177, -0.26332706212997437], [-0.1028532087802887, 0.965053141117096, 0.24102620780467987], [0.29438334703445435, -0.20192381739616394, 0.9341119527816772]], [[0.9809335470199585, 0.19409984350204468, -0.009721966460347176], [-0.19354504346847534, 0.980211079120636, 0.04155181720852852], [0.017594780772924423, -0.0388779379427433, 0.9990890026092529]], [[0.9761748313903809, -0.21629029512405396, 0.017359718680381775], [0.21633346378803253, 0.9763193130493164, -0.0006283283000811934], [-0.016812726855278015, 0.00436884630471468, 0.9998491406440735]], [[0.9793564081192017, -0.03193849325180054, -0.19960200786590576], [0.058804918080568314, 0.9897478222846985, 0.13015861809253693], [0.193398579955101, -0.13920925557613373, 0.9711940288543701]], [[0.7885344624519348, 0.564459502696991, -0.2441287636756897], [-0.4878372848033905, 0.8158180117607117, 0.31057310104370117], [0.37447065114974976, -0.12580248713493347, 0.9186649918556213]], [[0.8019256591796875, -0.5943895578384399, -0.06013558804988861], [0.5972920060157776, 0.7997914552688599, 0.05979910492897034], [0.01255196612328291, -0.08387293666601181, 0.9963974356651306]], [[-0.25126710534095764, -0.21933981776237488, -0.9427380561828613], [0.5351554155349731, 0.7800938487052917, -0.32413312792778015], [0.8065194487571716, -0.5859553217887878, -0.07863102853298187]], [[0.8012938499450684, 0.08085561543703079, 0.5927820801734924], [-0.2233891785144806, 0.9595988392829895, 0.17107714712619781], [-0.5550004243850708, -0.269504189491272, 0.7869828939437866]], [[0.9495756030082703, -0.2980264723300934, -0.09739791601896286], [0.2943081855773926, 0.9543554186820984, -0.05087682604789734], [0.10811486095190048, 0.01964639127254486, 0.9939442276954651]], [[0.9851315021514893, 0.16315993666648865, 0.053802698850631714], [-0.16250431537628174, 0.9865720272064209, -0.016372736543416977], [-0.055751606822013855, 0.007386127952486277, 0.9984173774719238]], [[0.961864173412323, 0.2633330225944519, -0.07398002594709396], [-0.24876153469085693, 0.9546301364898682, 0.16370399296283722], [0.1137322261929512, -0.13905760645866394, 0.9837316274642944]], [[0.9720484018325806, -0.22309017181396484, 0.07316108793020248], [0.20943810045719147, 0.9647741317749023, 0.15920576453208923], [-0.10610117763280869, -0.13943299651145935, 0.9845307469367981]]]], "pred_betas": [[0.01918628066778183, 0.26729637384414673, 0.5448476076126099, 0.5340592861175537, 0.3055833578109741, 0.17281268537044525, -0.4559837877750397, 0.3662095069885254, 0.6679514646530151, -0.014715589582920074]], "pred_camera": [1.2159565687179565, -0.031381286680698395, 0.32575878500938416]}