{"pred_joints_img": [[384.36962890625, 147.63624572753906, -42.38495635986328], [381.1876525878906, 179.74032592773438, -6.303565979003906], [343.1039123535156, 203.94049072265625, -21.13663101196289], [310.42864990234375, 250.13995361328125, -44.61504364013672], [289.9089660644531, 259.03271484375, -101.66159057617188], [420.206298828125, 196.20126342773438, 15.863632202148438], [456.6285095214844, 246.53929138183594, 26.261667251586914], [488.67926025390625, 226.0679168701172, -19.934158325195312], [393.6577453613281, 300.0195007324219, 6.45129919052124], [385.8205261230469, 323.3992004394531, -5.311695575714111], [390.14129638671875, 367.55950927734375, -86.18895721435547], [347.0190734863281, 446.15899658203125, -51.34969711303711], [413.07989501953125, 319.24737548828125, 11.662415504455566], [494.7397155761719, 335.9465026855469, -22.437192916870117], [490.98443603515625, 424.2734069824219, 15.167684555053711], [375.4468078613281, 140.13319396972656, -33.14393997192383], [391.54144287109375, 139.23048400878906, -32.84079360961914], [365.2569274902344, 148.5498809814453, -11.58284854888916], [401.0314025878906, 146.34515380859375, -10.518851280212402], [531.9100952148438, 431.7035827636719, -8.701668739318848], [530.015869140625, 430.6422119140625, 11.236997604370117], [481.757568359375, 432.23443603515625, 27.21721649169922], [363.428955078125, 467.4776306152344, -91.11717987060547], [343.215576171875, 462.41571044921875, -87.66941833496094], [337.05999755859375, 452.6117858886719, -37.9390983581543], [347.0190734863281, 446.15899658203125, -51.34969711303711], [390.14129638671875, 367.55950927734375, -86.18895721435547], [362.583984375, 299.37152099609375, -5.808061122894287], [417.8392333984375, 289.72216796875, 27.026304244995117], [494.7397155761719, 335.9465026855469, -22.437192916870117], [490.98443603515625, 424.2734069824219, 15.167684555053711], [289.9089660644531, 259.03271484375, -101.66159057617188], [310.42864990234375, 250.13995361328125, -44.61504364013672], [343.1039123535156, 203.94049072265625, -21.13663101196289], [420.206298828125, 196.20126342773438, 15.863632202148438], [456.6285095214844, 246.53929138183594, 26.261667251586914], [488.67926025390625, 226.0679168701172, -19.934158325195312], [382.0262756347656, 179.9866943359375, -7.7506022453308105], [381.7804870605469, 114.55072021484375, -9.940450668334961], [388.2634582519531, 296.696533203125, 14.459474563598633], [381.6363525390625, 194.05032348632812, -3.1453399658203125], [380.11260986328125, 237.4633026123047, 9.495894432067871], [386.13775634765625, 158.09426879882812, -25.59436798095703], [381.98260498046875, 130.0510711669922, -9.25640869140625], [384.36962890625, 147.63624572753906, -42.38495635986328], [391.54144287109375, 139.23048400878906, -32.84079360961914], [375.4468078613281, 140.13319396972656, -33.14393997192383], [401.0314025878906, 146.34515380859375, -10.518851280212402], [365.2569274902344, 148.5498809814453, -11.58284854888916]], "pred_body_pose": [[2.7436821460723877, -0.3239392638206482, 0.7224909067153931, -0.8382173180580139, 0.06385006755590439, 0.5322582721710205, -0.6770747303962708, 0.0864977017045021, -0.46053773164749146, 0.5597338676452637, -0.0558825321495533, 0.02747952565550804, 1.4623854160308838, -0.0008984511368907988, -0.1509447991847992, 1.440995454788208, 0.23222412168979645, 0.040134795010089874, 0.015215984545648098, -0.02884361520409584, -0.02700136788189411, -0.21411876380443573, 0.09578420221805573, -0.08672398328781128, -0.20675967633724213, -0.07258887588977814, 0.13805437088012695, -0.006120976526290178, -0.008394560776650906, -0.03044728934764862, -0.23792946338653564, 0.08457623422145844, 0.21477149426937103, -0.22410942614078522, -0.07230676710605621, -0.33763763308525085, -0.23618854582309723, -0.29430437088012695, -0.08222324401140213, -0.02275267243385315, -0.12496775388717651, -0.2343076914548874, -0.044204920530319214, 0.106552354991436, 0.16207784414291382, -0.06085589900612831, -0.14299948513507843, 0.05072908103466034, -0.09866796433925629, -0.31999388337135315, -0.7010014653205872, -0.27224239706993103, 0.16860319674015045, 0.5042394399642944, -0.23956984281539917, -1.4430187940597534, 0.572341799736023, -0.48854362964630127, 0.7605474591255188, -0.26595211029052734, -0.0036046248860657215, -0.06563608348369598, 0.33258816599845886, -0.032131120562553406, 0.047219838947057724, -0.23788893222808838, -0.14386118948459625, -0.11204466968774796, -0.26048192381858826, -0.1335548609495163, 0.0804746076464653, 0.21586914360523224]], "pred_rotmat": [[[[0.8493629097938538, -0.2849188446998596, 0.4443015456199646], [-0.14219172298908234, -0.9341815114021301, -0.32724061608314514], [0.5082952976226807, 0.21477004885673523, -0.8339722156524658]], [[0.8677818775177002, -0.4733070731163025, -0.15144307911396027], [0.42405906319618225, 0.5463958978652954, 0.7222363948822021], [-0.25909173488616943, -0.6909644603729248, 0.6748626232147217]], [[0.8962761759757996, 0.38256725668907166, 0.2243463695049286], [-0.43789756298065186, 0.6832569241523743, 0.5842992663383484], [0.07024754583835602, -0.6219342350959778, 0.7799121737480164]], [[0.9981116652488708, -0.041280366480350494, -0.045485418289899826], [0.010819090530276299, 0.847078263759613, -0.5313579440116882], [0.06046436354517937, 0.5298625230789185, 0.8459253311157227]], [[0.9905170798301697, 0.1016063541173935, -0.0924769714474678], [-0.10269999504089355, 0.10047168284654617, -0.9896252751350403], [-0.09126090258359909, 0.9897381663322449, 0.10995388776063919]], [[0.9768267273902893, 0.11230539530515671, 0.18220065534114838], [0.16694308817386627, 0.13293257355690002, -0.9769641757011414], [-0.1339387595653534, 0.9847418069839478, 0.11110348254442215]], [[0.9992195963859558, 0.026773890480399132, -0.029040394350886345], [-0.027212712913751602, 0.9995197653770447, -0.014822088181972504], [0.02862960286438465, 0.015600789338350296, 0.9994683265686035]], [[0.9916955828666687, 0.07562156021595001, 0.1040252223610878], [-0.09602408111095428, 0.9734548330307007, 0.20776201784610748], [-0.08555256575345993, -0.21602560579776764, 0.9726323485374451]], [[0.9879037141799927, -0.1290537565946579, -0.08597251772880554], [0.1439785212278366, 0.9692680239677429, 0.19947326183319092], [0.0575876384973526, -0.20943859219551086, 0.9761244654655457]], [[0.9995012879371643, 0.030467726290225983, -0.008299936540424824], [-0.030416348949074745, 0.9995177388191223, 0.006247705314308405], [0.008486287668347359, -0.005992135498672724, 0.9999459981918335]], [[0.9736031293869019, -0.2208293080329895, 0.057718586176633835], [0.2008897364139557, 0.9491000175476074, 0.24259509146213531], [-0.10835282504558563, -0.22459624707698822, 0.9684090614318848]], [[0.9412233829498291, 0.33617109060287476, -0.03297926485538483], [-0.32019397616386414, 0.919040858745575, 0.22986885905265808], [0.10758455097675323, -0.2057981640100479, 0.9726626873016357]], [[0.9538896083831787, 0.11452013999223709, -0.2774523198604584], [-0.045868560671806335, 0.9691140055656433, 0.24231019616127014], [0.2966322898864746, -0.21841083467006683, 0.9296806454658508]], [[0.9649497270584106, 0.23295681178569794, -0.12084367126226425], [-0.23013024032115936, 0.9724547266960144, 0.037038251757621765], [0.12614332139492035, -0.007930264808237553, 0.9919803142547607]], [[0.9812506437301636, -0.1633581966161728, 0.102280393242836], [0.1586635559797287, 0.985934853553772, 0.05252036452293396], [-0.10942143201828003, -0.035307466983795166, 0.9933682084083557]], [[0.9885144233703613, -0.046161919832229614, -0.14390350878238678], [0.05484491586685181, 0.9968685507774353, 0.0569661408662796], [0.14082321524620056, -0.06420423090457916, 0.9879506826400757]], [[0.7177356481552124, 0.6475943326950073, -0.2558850049972534], [-0.6175774931907654, 0.7617822289466858, 0.19566769897937775], [0.3216419219970703, 0.017591144889593124, 0.9466979503631592]], [[0.8628106117248535, -0.49706050753593445, 0.0921332985162735], [0.45250821113586426, 0.8406374454498291, 0.29759860038757324], [-0.2253752201795578, -0.21508018672466278, 0.9502348899841309]], [[0.02330222725868225, -0.22426360845565796, -0.9742498993873596], [0.5044836401939392, 0.8439762592315674, -0.18220949172973633], [0.8631067872047424, -0.4872472584247589, 0.13280384242534637]], [[0.6987336874008179, 0.05587344989180565, 0.7131966352462769], [-0.40074434876441956, 0.8564097881317139, 0.32552456855773926], [-0.592600405216217, -0.5132644772529602, 0.620793342590332]], [[0.9430868029594421, -0.3261364698410034, -0.0649796724319458], [0.32637083530426025, 0.945213794708252, -0.00727477902546525], [0.06379225850105286, -0.014346720650792122, 0.9978600740432739]], [[0.9707359075546265, 0.2347680926322937, 0.05055299773812294], [-0.23627778887748718, 0.9713315963745117, 0.026222972199320793], [-0.04294741153717041, -0.03740013763308525, 0.9983769655227661]], [[0.9601351618766785, 0.2641066908836365, -0.09158693253993988], [-0.24812312424182892, 0.9560983777046204, 0.15591961145401], [0.12874551117420197, -0.1269790530204773, 0.983514666557312]], [[0.9736186265945435, -0.2186691015958786, 0.06519667059183121], [0.20798470079898834, 0.9679717421531677, 0.14061680436134338], [-0.09385708719491959, -0.12334723025560379, 0.9879151582717896]]]], "pred_betas": [[0.08139736950397491, 0.1959199756383896, 0.6456636786460876, 0.6862356662750244, 0.1984669268131256, 0.16009880602359772, -0.2912645637989044, 0.32438480854034424, 0.6044445037841797, -0.08409656584262848]], "pred_camera": [1.198277473449707, 0.05077332258224487, 0.3098457455635071]}