{"pred_joints_img": [[386.0418395996094, 148.41294860839844, -46.74993133544922], [379.7483215332031, 182.32591247558594, -12.818624496459961], [342.2341613769531, 209.54421997070312, -27.099727630615234], [317.8147277832031, 265.7822570800781, -19.725509643554688], [303.9933166503906, 317.6768493652344, -50.346927642822266], [415.48065185546875, 195.3372039794922, 13.213541030883789], [466.3245849609375, 231.71340942382812, 24.01679229736328], [481.1981506347656, 178.36083984375, 0.26481160521507263], [388.4148864746094, 301.3685302734375, 6.15159797668457], [379.498291015625, 325.3842468261719, -2.984635591506958], [368.0093078613281, 374.6860046386719, -81.17985534667969], [332.0489501953125, 455.167236328125, -40.405731201171875], [407.4010314941406, 320.5766296386719, 12.394682884216309], [489.56298828125, 328.376708984375, -26.090490341186523], [539.4435424804688, 409.4762268066406, -7.315722465515137], [376.753662109375, 141.5854034423828, -37.239158630371094], [392.7340393066406, 140.90887451171875, -35.90520095825195], [365.3564453125, 151.6700897216797, -17.39777183532715], [400.71331787109375, 150.17193603515625, -14.126547813415527], [573.3702392578125, 399.341064453125, -40.691619873046875], [575.802001953125, 400.807373046875, -20.5861759185791], [537.462646484375, 421.9004211425781, 4.54793119430542], [342.6265869140625, 475.37347412109375, -83.14376068115234], [323.095703125, 471.837646484375, -75.6447525024414], [324.2714538574219, 461.83404541015625, -25.825000762939453], [332.0489501953125, 455.167236328125, -40.405731201171875], [368.0093078613281, 374.6860046386719, -81.17985534667969], [356.96533203125, 300.66461181640625, -4.66890811920166], [412.9474792480469, 290.0235290527344, 25.100250244140625], [489.56298828125, 328.376708984375, -26.090490341186523], [539.4435424804688, 409.4762268066406, -7.315722465515137], [303.9933166503906, 317.6768493652344, -50.346927642822266], [317.8147277832031, 265.7822570800781, -19.725509643554688], [342.2341613769531, 209.54421997070312, -27.099727630615234], [415.48065185546875, 195.3372039794922, 13.213541030883789], [466.3245849609375, 231.71340942382812, 24.01679229736328], [481.1981506347656, 178.36083984375, 0.26481160521507263], [380.6573181152344, 182.59918212890625, -13.828051567077637], [382.0295715332031, 118.73274230957031, -11.672430038452148], [383.1885070800781, 297.179443359375, 14.206939697265625], [379.40771484375, 196.66574096679688, -8.21816635131836], [377.6555480957031, 239.3379364013672, 4.990340232849121], [386.8342590332031, 160.2974395751953, -30.698745727539062], [381.96954345703125, 133.9744415283203, -12.32917308807373], [386.0418395996094, 148.41294860839844, -46.74993133544922], [392.7340393066406, 140.90887451171875, -35.90520095825195], [376.753662109375, 141.5854034423828, -37.239158630371094], [400.71331787109375, 150.17193603515625, -14.126547813415527], [365.3564453125, 151.6700897216797, -17.39777183532715]], "pred_body_pose": [[2.8474154472351074, -0.3175623118877411, 0.6752278208732605, -0.9500423073768616, -0.01659335009753704, 0.6424533724784851, -0.6764896512031555, 0.007497377227991819, -0.5663288831710815, 0.5714523196220398, -0.0064741019159555435, -0.009926296770572662, 0.9818554520606995, -0.012234251946210861, -0.08829095214605331, 1.354028582572937, 0.15941981971263885, 0.05107014626264572, -0.031172236427664757, 0.002184961223974824, -0.015616577118635178, -0.09257268905639648, 0.06535486876964569, -0.2015593945980072, -0.2138744294643402, -0.005661573261022568, 0.13696466386318207, -0.031248461455106735, 0.014648819342255592, -0.016554920002818108, -0.20892371237277985, 0.1509326547384262, 0.3005449175834656, -0.1874457746744156, -0.15176089107990265, -0.2541152238845825, -0.2479071468114853, -0.2092597484588623, -0.11322573572397232, -0.07968994975090027, -0.0020331882406026125, -0.15567299723625183, 0.023440692573785782, 0.05793054774403572, 0.29110538959503174, -0.154324010014534, -0.22010427713394165, 0.027880961075425148, -0.34877511858940125, -0.385784775018692, -0.5275564193725586, 0.01270423922687769, 0.016732294112443924, 0.81880122423172, -0.42743170261383057, -1.6703797578811646, 0.8472437858581543, -0.17119605839252472, 0.5530139803886414, -0.16294966638088226, 0.05067780986428261, -0.06936526298522949, 0.33183813095092773, 0.005767629016190767, 0.02225497178733349, -0.14852389693260193, -0.17632454633712769, -0.09651967138051987, -0.25747451186180115, -0.16767913103103638, 0.08982495218515396, 0.20791974663734436]], "pred_rotmat": [[[[0.8727372288703918, -0.2518105208873749, 0.4182358384132385], [-0.16154979169368744, -0.9574054479598999, -0.2393248975276947], [0.4606858193874359, 0.14130182564258575, -0.8762432932853699]], [[0.815159797668457, -0.5035107731819153, -0.2863413095474243], [0.5176209211349487, 0.411349892616272, 0.7502398490905762], [-0.2599674165248871, -0.7597816586494446, 0.5959436297416687]], [[0.8497458100318909, 0.4932866096496582, 0.18601155281066895], [-0.4980379045009613, 0.6354164481163025, 0.5900883078575134], [0.17288784682750702, -0.5940659046173096, 0.7856178879737854]], [[0.9999316334724426, 0.007594570051878691, -0.008887126110494137], [-0.011194576509296894, 0.841070294380188, -0.5408099889755249], [0.0033674794249236584, 0.5408725142478943, 0.8410978317260742]], [[0.9963390827178955, 0.06913214176893234, -0.050291888415813446], [-0.08020242303609848, 0.5521876811981201, -0.8298532366752625], [-0.02959897741675377, 0.8308486938476562, 0.5557107329368591]], [[0.9880315065383911, 0.05555538460612297, 0.14390020072460175], [0.12882988154888153, 0.21585004031658173, -0.967890202999115], [-0.08483237773180008, 0.974844753742218, 0.2061094492673874]], [[0.9998757243156433, 0.01557935494929552, 0.0024278941564261913], [-0.01564745232462883, 0.9993922710418701, 0.031148837879300117], [-0.0019411399262025952, -0.03118295595049858, 0.9995118379592896]], [[0.9776511192321777, 0.19675645232200623, 0.07406198978424072], [-0.2027796506881714, 0.9755114316940308, 0.08519281446933746], [-0.055486083030700684, -0.09830711781978607, 0.9936080574989319]], [[0.990654706954956, -0.13489407300949097, -0.02016889490187168], [0.13609842956066132, 0.9679222702980042, 0.21119584143161774], [-0.00896714348345995, -0.2119671255350113, 0.9772356152534485]], [[0.9997557401657104, 0.016322031617164612, 0.014903868548572063], [-0.01677972637116909, 0.9993748068809509, 0.03111959435045719], [-0.0143866166472435, -0.03136207163333893, 0.9994045495986938]], [[0.944180965423584, -0.3083159625530243, 0.1160326600074768], [0.27719229459762573, 0.9338823556900024, 0.22589421272277832], [-0.17800763249397278, -0.18112164735794067, 0.9672167301177979]], [[0.956643283367157, 0.26302722096443176, -0.12510152161121368], [-0.2348700314760208, 0.9506525993347168, 0.20272062718868256], [0.17224913835525513, -0.16454870998859406, 0.97121262550354]], [[0.9719725251197815, 0.13669510185718536, -0.19126901030540466], [-0.08532651513814926, 0.9632250070571899, 0.25478824973106384], [0.2190633863210678, -0.2313268780708313, 0.9478919506072998]], [[0.9879117608070374, 0.15496137738227844, 0.004164152313023806], [-0.15479975938796997, 0.9847466945648193, 0.07944215834140778], [0.008209830150008202, -0.07912644743919373, 0.9968308210372925]], [[0.9562752842903137, -0.2861495018005371, 0.06046515703201294], [0.2874974310398102, 0.9576681852340698, -0.014726054854691029], [-0.05369170382618904, 0.031465739011764526, 0.9980616569519043]], [[0.9755378365516663, -0.010662232525646687, -0.219572976231575], [0.044423360377550125, 0.9877780675888062, 0.14940251410007477], [0.21529638767242432, -0.15550196170806885, 0.9640885591506958]], [[0.7960174679756165, 0.5448654890060425, -0.26358649134635925], [-0.41635528206825256, 0.8090000152587891, 0.4149304926395416], [0.43932273983955383, -0.22054627537727356, 0.8708357810974121]], [[0.6829766631126404, -0.730170726776123, 0.019839946180582047], [0.7303716540336609, 0.6830326914787292, -0.004854935221374035], [-0.010006400756537914, 0.017806341871619225, 0.9997913837432861]], [[-0.27670708298683167, -0.1543850302696228, -0.94847172498703], [0.6740755438804626, 0.6722624897956848, -0.30608057975769043], [0.6848761439323425, -0.7240362763404846, -0.08195261657238007]], [[0.838760495185852, 0.10737582296133041, 0.5338083505630493], [-0.19923029839992523, 0.9729014039039612, 0.11734628677368164], [-0.5067427158355713, -0.20477622747421265, 0.8374238014221191]], [[0.943096399307251, -0.327118456363678, -0.05968845263123512], [0.323637455701828, 0.9442071318626404, -0.06108798831701279], [0.07634126394987106, 0.03829444199800491, 0.996346116065979]], [[0.9887438416481018, 0.1480294018983841, 0.02174377255141735], [-0.14790132641792297, 0.9889744520187378, -0.007395528256893158], [-0.022598791867494583, 0.004096352029591799, 0.9997361302375793]], [[0.9625303745269775, 0.26135414838790894, -0.07231394946575165], [-0.24448618292808533, 0.9517396688461304, 0.185521200299263], [0.11731079965829849, -0.16089002788066864, 0.9799758195877075]], [[0.9745197296142578, -0.2126598209142685, 0.07132390886545181], [0.1976974606513977, 0.9645620584487915, 0.1747450977563858], [-0.10595759004354477, -0.15619198977947235, 0.9820270538330078]]]], "pred_betas": [[0.22664740681648254, 0.42587167024612427, 0.5635538697242737, 0.3952690064907074, 0.29242098331451416, 0.08994113653898239, -0.21316008269786835, 0.23375461995601654, 0.5912918448448181, -0.289613276720047]], "pred_camera": [1.1630250215530396, -0.12452517449855804, 0.2883668541908264]}