{"pred_joints_img": [[389.39080810546875, 150.02537536621094, -46.0936164855957], [385.8034362792969, 180.1572265625, -10.017547607421875], [345.112060546875, 200.15335083007812, -14.574548721313477], [300.32623291015625, 227.7061309814453, -43.58349609375], [302.1499938964844, 173.41941833496094, -69.42518615722656], [426.3259582519531, 203.6880645751953, 0.5099716782569885], [441.3640441894531, 262.8919372558594, 9.801589965820312], [449.17999267578125, 313.9249572753906, -18.220075607299805], [394.2903747558594, 296.9951171875, 5.958644866943359], [385.63922119140625, 320.0301208496094, -3.164440155029297], [402.28228759765625, 377.5443420410156, -71.03042602539062], [361.1611022949219, 442.8621520996094, -16.88005828857422], [412.04779052734375, 315.9033203125, 12.485981941223145], [486.7664489746094, 342.1959228515625, -26.854524612426758], [456.4263610839844, 425.6148986816406, 4.766868591308594], [381.30804443359375, 141.49453735351562, -37.73448181152344], [396.9838562011719, 141.9748992919922, -37.23187255859375], [370.7349548339844, 147.75302124023438, -16.48251724243164], [405.1887512207031, 148.4375, -15.206143379211426], [491.9591979980469, 444.8829345703125, -18.0374755859375], [490.8686828613281, 443.4456787109375, 1.1819208860397339], [445.5693054199219, 429.6131591796875, 16.36907958984375], [378.2813720703125, 474.6053466796875, -46.452754974365234], [358.6311340332031, 469.44403076171875, -45.50374221801758], [351.1731872558594, 444.56939697265625, -3.0718576908111572], [361.1611022949219, 442.8621520996094, -16.88005828857422], [402.28228759765625, 377.5443420410156, -71.03042602539062], [364.584716796875, 296.0831604003906, -6.173819065093994], [418.05126953125, 286.73553466796875, 24.321882247924805], [486.7664489746094, 342.1959228515625, -26.854524612426758], [456.4263610839844, 425.6148986816406, 4.766868591308594], [302.1499938964844, 173.41941833496094, -69.42518615722656], [300.32623291015625, 227.7061309814453, -43.58349609375], [345.112060546875, 200.15335083007812, -14.574548721313477], [426.3259582519531, 203.6880645751953, 0.5099716782569885], [441.3640441894531, 262.8919372558594, 9.801589965820312], [449.17999267578125, 313.9249572753906, -18.220075607299805], [386.5044250488281, 180.72259521484375, -11.26042366027832], [389.0068054199219, 116.08990478515625, -16.607166290283203], [389.3641052246094, 292.8322448730469, 13.026015281677246], [386.05615234375, 195.08746337890625, -7.028543472290039], [383.7732849121094, 235.67803955078125, 6.287137508392334], [390.0692138671875, 159.43115234375, -29.139760971069336], [388.169677734375, 131.19473266601562, -15.190716743469238], [389.39080810546875, 150.02537536621094, -46.0936164855957], [396.9838562011719, 141.9748992919922, -37.23187255859375], [381.30804443359375, 141.49453735351562, -37.73448181152344], [405.1887512207031, 148.4375, -15.206143379211426], [370.7349548339844, 147.75302124023438, -16.48251724243164]], "pred_body_pose": [[2.8422093391418457, -0.29812654852867126, 0.7240538597106934, -0.8808810710906982, 0.12945616245269775, 0.3870154321193695, -0.6325240731239319, 0.10092693567276001, -0.25174495577812195, 0.5079997181892395, -0.07246407121419907, 0.016533395275473595, 1.5859375, 0.11829350143671036, -0.24744002521038055, 1.5587564706802368, 0.18074998259544373, 0.06502455472946167, 0.001883094315417111, -0.14241918921470642, -0.00584960263222456, -0.1670759916305542, 0.07892650365829468, -0.018218185752630234, -0.1701406091451645, -0.10302645713090897, 0.08388452976942062, -0.03634724020957947, -0.07760787010192871, -0.05015762150287628, -0.23568786680698395, 0.08198963850736618, 0.16228537261486053, -0.22656993567943573, -0.061321694403886795, -0.22184452414512634, -0.25729554891586304, -0.1590224802494049, -0.030760444700717926, 0.06196693331003189, -0.29278603196144104, -0.41881659626960754, -0.15025879442691803, 0.07106081396341324, 0.14023026823997498, 0.005550328642129898, -0.040522877126932144, -0.035172659903764725, 0.12257841974496841, -0.2905324101448059, -0.8171278834342957, -0.39409583806991577, 0.3021247088909149, 0.24593207240104675, 0.13856835663318634, -0.5370864272117615, 0.08649055659770966, -0.5254679322242737, 1.6106722354888916, -0.7168850898742676, 0.21397176384925842, -0.033445458859205246, 0.19373758137226105, 0.05907207354903221, 0.08459838479757309, -0.3096778988838196, -0.21622325479984283, -0.11407901346683502, -0.24596162140369415, -0.1647908091545105, 0.09626948088407516, 0.25303539633750916]], "pred_rotmat": [[[[0.8602249622344971, -0.24039238691329956, 0.4496937692165375], [-0.14594011008739471, -0.9610767364501953, -0.23459118604660034], [0.48858413100242615, 0.1361728459596634, -0.8618251085281372]], [[0.9230681657791138, -0.38170161843299866, -0.04742501676082611], [0.2763458788394928, 0.5723646283149719, 0.7720310091972351], [-0.2675410509109497, -0.7257428765296936, 0.6338132619857788]], [[0.9646480679512024, 0.20165805518627167, 0.1696702092885971], [-0.2630164325237274, 0.7772723436355591, 0.5715506076812744], [-0.01662217639386654, -0.5959713459014893, 0.8028336763381958]], [[0.9972979426383972, -0.033821675926446915, -0.06521428376436234], [-0.0021885244641453028, 0.8736439347267151, -0.4865608811378479], [0.0734303668141365, 0.4853888750076294, 0.8712092638015747]], [[0.9698392748832703, 0.2288481742143631, -0.08390603214502335], [-0.07840055227279663, -0.03306043893098831, -0.9963735342025757], [-0.23079225420951843, 0.9729005098342896, -0.01412148866802454]], [[0.9850444793701172, 0.07279232889413834, 0.1561686247587204], [0.1555972546339035, 0.01349010318517685, -0.9877285361289978], [-0.07400579005479813, 0.9972559213638306, 0.001962064765393734]], [[0.9898584485054016, 0.005695943254977465, -0.1419428288936615], [-0.005963678937405348, 0.999981164932251, -0.0014608801575377584], [0.14193181693553925, 0.0022925660014152527, 0.9898737668991089]], [[0.996728777885437, 0.011539251543581486, 0.07999132573604584], [-0.024688120931386948, 0.9859173893928528, 0.16540074348449707], [-0.07695624232292175, -0.1668345183134079, 0.9829770922660828]], [[0.9912087321281433, -0.074504055082798, -0.10933658480644226], [0.09196506440639496, 0.9820775389671326, 0.16451789438724518], [0.09511975944042206, -0.1731267124414444, 0.9802955985069275]], [[0.9957340955734253, 0.05148448795080185, -0.07656959444284439], [-0.048665981739759445, 0.9980831146240234, 0.03823224827647209], [0.0783911868929863, -0.034342821687459946, 0.9963309168815613]], [[0.9835922718048096, -0.16949018836021423, 0.06180062144994736], [0.1503085047006607, 0.9593587517738342, 0.23882648348808289], [-0.09976772218942642, -0.22561873495578766, 0.9690936803817749]], [[0.9737418293952942, 0.22489450871944427, -0.035347215831279755], [-0.21112121641635895, 0.9501610398292542, 0.2293945699930191], [0.08517512679100037, -0.21590851247310638, 0.972691535949707]], [[0.986983597278595, 0.05058952420949936, -0.15265701711177826], [-0.009987950325012207, 0.9666842222213745, 0.2557770013809204], [0.16051076352596283, -0.25092294812202454, 0.9546067714691162]], [[0.872292160987854, 0.3916914165019989, -0.29271867871284485], [-0.4094373881816864, 0.9123378992080688, 0.0007035129819996655], [0.2673339247703552, 0.1192362979054451, 0.9561982750892639]], [[0.9876915812492371, -0.14444535970687866, 0.060008078813552856], [0.13380983471870422, 0.9789620041847229, 0.15404009819030762], [-0.08099599927663803, -0.1441144198179245, 0.9862407445907593]], [[0.9985607266426086, 0.03504317253828049, -0.04060081019997597], [-0.03526803106069565, 0.9993661642074585, -0.004835160914808512], [0.04040563851594925, 0.00626011285930872, 0.9991636872291565]], [[0.6473803520202637, 0.6998915672302246, -0.30174559354782104], [-0.7332853078842163, 0.6799103021621704, 0.0038078143261373043], [0.20782503485679626, 0.21880054473876953, 0.9533807635307312]], [[0.9260410070419312, -0.2915624976158142, 0.23966500163078308], [0.17551223933696747, 0.894835889339447, 0.41044390201568604], [-0.3341308832168579, -0.33802375197410583, 0.8798274993896484]], [[0.8558741807937622, -0.11826333403587341, -0.5034810304641724], [0.045774221420288086, 0.9870057702064514, -0.15402689576148987], [0.5151544213294983, 0.10878120362758636, 0.8501661419868469]], [[-0.1623658984899521, 0.05917607247829437, 0.9849544763565063], [-0.6921980381011963, 0.7045493125915527, -0.15643544495105743], [-0.7032063007354736, -0.7071833610534668, -0.07343322038650513]], [[0.9808091521263123, -0.1945757269859314, -0.012395023368299007], [0.18746954202651978, 0.9586332440376282, -0.21419034898281097], [0.05355852097272873, 0.2077561765909195, 0.9767132997512817]], [[0.9489272832870483, 0.3066844642162323, 0.07403834909200668], [-0.30173128843307495, 0.9507447481155396, -0.07101187855005264], [-0.09216980636119843, 0.04504542052745819, 0.994723916053772]], [[0.963611364364624, 0.25327131152153015, -0.08548026531934738], [-0.22885099053382874, 0.9469105005264282, 0.22580479085445404], [0.1381320208311081, -0.19802580773830414, 0.9704151153564453]], [[0.9636583924293518, -0.25668632984161377, 0.0739908292889595], [0.24095436930656433, 0.954788863658905, 0.17412392795085907], [-0.11534085869789124, -0.14996756613254547, 0.981939971446991]]]], "pred_betas": [[0.08814404904842377, 0.4109805226325989, 0.3681677579879761, 0.6014665961265564, 0.053678736090660095, 0.024805232882499695, -0.47100740671157837, 0.30236443877220154, 0.5944008231163025, -0.06788135319948196]], "pred_camera": [1.1784907579421997, 0.009228276088833809, 0.3163784444332123]}