{"pred_joints_img": [[396.56451416015625, 153.83831787109375, -50.40616226196289], [387.6986999511719, 178.21554565429688, -10.214424133300781], [346.41552734375, 198.6588592529297, -18.399808883666992], [312.17889404296875, 237.41900634765625, -51.760562896728516], [315.0387268066406, 181.47903442382812, -77.36427307128906], [427.3415832519531, 202.1522216796875, 4.774237632751465], [439.47381591796875, 263.44329833984375, 15.20895004272461], [448.66741943359375, 313.4277648925781, -16.884157180786133], [392.4828186035156, 296.6462707519531, 6.012625217437744], [384.2733459472656, 319.67718505859375, -5.171705722808838], [400.8211669921875, 372.643798828125, -79.6175765991211], [360.1059265136719, 443.77093505859375, -28.318870544433594], [410.7392272949219, 316.20587158203125, 11.973189353942871], [488.40960693359375, 337.6268310546875, -29.772968292236328], [465.80255126953125, 426.4684753417969, 0.8035166263580322], [387.96710205078125, 143.53419494628906, -44.4126091003418], [403.8565979003906, 144.44642639160156, -42.14162063598633], [374.7652282714844, 145.6364288330078, -23.207719802856445], [409.6144714355469, 147.076171875, -18.0859317779541], [502.25213623046875, 442.57427978515625, -24.948827743530273], [502.2622375488281, 441.808349609375, -5.243224620819092], [455.80010986328125, 431.51123046875, 12.958815574645996], [377.6885070800781, 473.8780212402344, -60.92841720581055], [357.64447021484375, 469.10540771484375, -59.11955642700195], [349.8768310546875, 446.3231201171875, -14.465303421020508], [360.1059265136719, 443.77093505859375, -28.318870544433594], [400.8211669921875, 372.643798828125, -79.6175765991211], [362.4859313964844, 295.2064514160156, -7.22731351852417], [416.0500793457031, 287.1610412597656, 26.297555923461914], [488.40960693359375, 337.6268310546875, -29.772968292236328], [465.80255126953125, 426.4684753417969, 0.8035166263580322], [315.0387268066406, 181.47903442382812, -77.36427307128906], [312.17889404296875, 237.41900634765625, -51.760562896728516], [346.41552734375, 198.6588592529297, -18.399808883666992], [427.3415832519531, 202.1522216796875, 4.774237632751465], [439.47381591796875, 263.44329833984375, 15.20895004272461], [448.66741943359375, 313.4277648925781, -16.884157180786133], [388.648681640625, 179.26397705078125, -11.994346618652344], [394.9376220703125, 114.28057861328125, -26.89563751220703], [387.18621826171875, 293.0021667480469, 13.459773063659668], [387.3625793457031, 193.74734497070312, -7.079313278198242], [382.730224609375, 234.48658752441406, 7.909793853759766], [395.0531921386719, 160.29721069335938, -31.889055252075195], [393.1702880859375, 129.2784881591797, -22.943771362304688], [396.56451416015625, 153.83831787109375, -50.40616226196289], [403.8565979003906, 144.44642639160156, -42.14162063598633], [387.96710205078125, 143.53419494628906, -44.4126091003418], [409.6144714355469, 147.076171875, -18.0859317779541], [374.7652282714844, 145.6364288330078, -23.207719802856445]], "pred_body_pose": [[2.7619216442108154, -0.2929631769657135, 0.7604009509086609, -0.8924133777618408, 0.07825630158185959, 0.39387980103492737, -0.632087767124176, 0.09445652365684509, -0.2947337031364441, 0.5799816846847534, -0.05042003095149994, 0.0032416279427707195, 1.565307855606079, 0.0848160907626152, -0.20887887477874756, 1.5652389526367188, 0.14205455780029297, 0.07137436419725418, 0.04701802879571915, -0.12706691026687622, 0.004177465569227934, -0.16385452449321747, 0.0362212099134922, 0.005515110678970814, -0.16064251959323883, -0.05260356515645981, 0.04904847964644432, -0.035410888493061066, -0.06438450515270233, -0.04487781599164009, -0.22020752727985382, 0.09772353619337082, 0.11174646764993668, -0.2294248640537262, -0.11888976395130157, -0.14559026062488556, -0.15859711170196533, -0.12771637737751007, -0.02526889368891716, 0.06596678495407104, -0.2852405607700348, -0.3857746720314026, -0.12437085807323456, 0.08816906809806824, 0.17151257395744324, 0.04789382964372635, -0.05709517374634743, -0.03130462020635605, 0.08786298334598541, -0.33484530448913574, -0.8546847105026245, -0.3915574252605438, 0.37549737095832825, 0.42777395248413086, 0.14838680624961853, -0.6019477248191833, 0.12781880795955658, -0.5032303929328918, 1.746978759765625, -0.7885254621505737, 0.19987307488918304, -0.0224166177213192, 0.22707338631153107, -0.018675759434700012, 0.07654101401567459, -0.3468993604183197, -0.18309710919857025, -0.11312023550271988, -0.2390444129705429, -0.12414728105068207, 0.09464617818593979, 0.2406424582004547]], "pred_rotmat": [[[[0.8425735831260681, -0.2602139413356781, 0.47154906392097473], [-0.12344004213809967, -0.9455351233482361, -0.3012074828147888], [0.5242445468902588, 0.19558140635490417, -0.8288037180900574]], [[0.9256002902984619, -0.36617404222488403, -0.09581562131643295], [0.301735520362854, 0.5610062479972839, 0.7708616852760315], [-0.2285163402557373, -0.7424207925796509, 0.6297552585601807]], [[0.9540496468544006, 0.24235740303993225, 0.17621640861034393], [-0.29963812232017517, 0.7666729092597961, 0.567828893661499], [0.0025172061286866665, -0.5945380926132202, 0.8040635585784912]], [[0.9987592697143555, -0.017274606972932816, -0.04670596495270729], [-0.01115142460912466, 0.8365024924278259, -0.5478495955467224], [0.048533547669649124, 0.547690749168396, 0.835271954536438]], [[0.9794618487358093, 0.18572215735912323, -0.07849640399217606], [-0.07842250168323517, -0.0077558113262057304, -0.9968900084495544], [-0.18575337529182434, 0.9825717210769653, 0.006968275178223848]], [[0.9897638559341431, 0.0446871779859066, 0.13553769886493683], [0.13541942834854126, 0.005677510518580675, -0.990772008895874], [-0.04504432901740074, 0.9989848732948303, -0.00043211726006120443]], [[0.9919306635856628, -0.007147330790758133, -0.12658008933067322], [0.0011820371728390455, 0.9988875985145569, -0.04713917523622513], [0.12677620351314545, 0.046609170734882355, 0.9908356666564941]], [[0.9993303418159485, -0.008449779823422432, 0.03560049459338188], [0.0025286900345236063, 0.9865922331809998, 0.16318538784980774], [-0.03650204464793205, -0.16298609972000122, 0.9859529137611389]], [[0.9974201917648315, -0.0445813350379467, -0.05626186355948448], [0.05300992354750633, 0.9859305620193481, 0.15852764248847961], [0.04840290546417236, -0.16110111773014069, 0.9857503175735474]], [[0.9969222545623779, 0.045961637049913406, -0.06351089477539062], [-0.04368313401937485, 0.9983670115470886, 0.0368109792470932], [0.0650990754365921, -0.033923327922821045, 0.9973020553588867]], [[0.989046037197113, -0.1211341843008995, 0.08434730768203735], [0.0997409000992775, 0.9696894288063049, 0.22305627167224884], [-0.1088104322552681, -0.21220004558563232, 0.9711495041847229]], [[0.982463538646698, 0.15700355172157288, -0.10057540237903595], [-0.1299266368150711, 0.9633536338806152, 0.2346673160791397], [0.13373328745365143, -0.21748462319374084, 0.9668587446212769]], [[0.9915547370910645, 0.03518419340252876, -0.12482529133558273], [-0.014999709092080593, 0.9871494174003601, 0.15909452736377716], [0.1288188248872757, -0.15587857365608215, 0.9793404340744019]], [[0.8871397376060486, 0.3616451621055603, -0.2866981625556946], [-0.3800966441631317, 0.9248983263969421, -0.009465917013585567], [0.26174333691596985, 0.11737060546875, 0.9579741954803467]], [[0.9814862012863159, -0.17547005414962769, 0.07677842676639557], [0.1645524650812149, 0.9776559472084045, 0.13081012666225433], [-0.0980161502957344, -0.11575426906347275, 0.988429844379425]], [[0.9978812336921692, 0.02990403212606907, -0.05778225511312485], [-0.03263704851269722, 0.9983639717102051, -0.04694850370287895], [0.056283775717020035, 0.0487348735332489, 0.9972246289253235]], [[0.6077166199684143, 0.724907636642456, -0.32432907819747925], [-0.7523015737533569, 0.6563217043876648, 0.057307228446006775], [0.2544066607952118, 0.2091667354106903, 0.9442067742347717]], [[0.844347357749939, -0.4651835262775421, 0.26586058735847473], [0.3239106237888336, 0.8384289741516113, 0.43831348419189453], [-0.426801472902298, -0.283973753452301, 0.8586031794548035]], [[0.8168991208076477, -0.16264115273952484, -0.5533747673034668], [0.07626305520534515, 0.9814537763595581, -0.17587634921073914], [0.5717164874076843, 0.1014711782336235, 0.8141522407531738]], [[-0.3091505169868469, 0.051513370126485825, 0.9496169090270996], [-0.6780833005905151, 0.688183069229126, -0.2580834925174713], [-0.6668049693107605, -0.723706066608429, -0.1778218001127243]], [[0.9741666316986084, -0.22583016753196716, 0.00044503097888082266], [0.22138391435146332, 0.9545940160751343, -0.1993476003408432], [0.044593870639801025, 0.19429628551006317, 0.9799287915229797]], [[0.9375638365745544, 0.33892184495925903, 0.07814215868711472], [-0.34033629298210144, 0.9402896761894226, 0.005147750489413738], [-0.0717315822839737, -0.03142095357179642, 0.9969289898872375]], [[0.9653312563896179, 0.2452106773853302, -0.08948353677988052], [-0.22467665374279022, 0.9550561308860779, 0.1933603286743164], [0.13287581503391266, -0.16655190289020538, 0.9770386219024658]], [[0.9667953252792358, -0.24319085478782654, 0.07851818948984146], [0.2315211296081543, 0.9635900259017944, 0.13376186788082123], [-0.10818900167942047, -0.11114171892404556, 0.9878981709480286]]]], "pred_betas": [[0.05647555738687515, 0.4892675280570984, 0.42327892780303955, 0.5431153178215027, 0.062355540692806244, 0.08020298182964325, -0.517366349697113, 0.3339100480079651, 0.6502175331115723, -0.03775826096534729]], "pred_camera": [1.2329590320587158, -0.03574250265955925, 0.31659090518951416]}