{"pred_joints_img": [[392.4352111816406, 149.9480743408203, -46.15074920654297], [387.3509826660156, 177.6278076171875, -5.606151580810547], [345.1503601074219, 197.82467651367188, -13.37690544128418], [304.77294921875, 229.49310302734375, -50.64303207397461], [312.9736022949219, 171.21942138671875, -74.414306640625], [428.93994140625, 203.2956085205078, 5.506137371063232], [439.1091003417969, 267.61578369140625, 10.604867935180664], [434.6496276855469, 316.381103515625, -27.34555435180664], [395.80810546875, 299.4848327636719, 6.104490280151367], [388.02349853515625, 322.7822570800781, -6.5669636726379395], [402.63568115234375, 370.7176208496094, -88.26766967773438], [360.543212890625, 443.40130615234375, -34.43233108520508], [415.47918701171875, 319.1695251464844, 10.56118392944336], [498.2054443359375, 331.7056884765625, -31.5482120513916], [474.2424621582031, 423.6556396484375, -1.2887877225875854], [384.1098937988281, 139.93348693847656, -38.42825698852539], [400.638916015625, 140.81069946289062, -37.75837326049805], [372.7837829589844, 143.8157501220703, -15.65710735321045], [408.88134765625, 145.25564575195312, -13.886691093444824], [513.0833129882812, 438.8248291015625, -26.37261962890625], [511.947021484375, 438.93048095703125, -6.156799793243408], [463.4776611328125, 429.1581726074219, 10.656572341918945], [376.450927734375, 473.34375, -69.91928100585938], [356.099365234375, 468.30560302734375, -66.66165161132812], [350.6928405761719, 446.30364990234375, -19.740707397460938], [360.543212890625, 443.40130615234375, -34.43233108520508], [402.63568115234375, 370.7176208496094, -88.26766967773438], [364.5547180175781, 298.5163269042969, -6.466252326965332], [419.9551696777344, 289.9432067871094, 26.96530532836914], [498.2054443359375, 331.7056884765625, -31.5482120513916], [474.2424621582031, 423.6556396484375, -1.2887877225875854], [312.9736022949219, 171.21942138671875, -74.414306640625], [304.77294921875, 229.49310302734375, -50.64303207397461], [345.1503601074219, 197.82467651367188, -13.37690544128418], [428.93994140625, 203.2956085205078, 5.506137371063232], [439.1091003417969, 267.61578369140625, 10.604867935180664], [434.6496276855469, 316.381103515625, -27.34555435180664], [388.1903991699219, 178.6349334716797, -7.652732849121094], [392.8368835449219, 111.12701416015625, -19.05059242248535], [390.33990478515625, 296.4747314453125, 14.183269500732422], [387.425048828125, 193.59097290039062, -3.528032064437866], [383.4887390136719, 235.9476318359375, 11.374074935913086], [392.7917785644531, 157.93405151367188, -27.5311336517334], [391.48394775390625, 126.82106018066406, -15.927115440368652], [392.4352111816406, 149.9480743408203, -46.15074920654297], [400.638916015625, 140.81069946289062, -37.75837326049805], [384.1098937988281, 139.93348693847656, -38.42825698852539], [408.88134765625, 145.25564575195312, -13.886691093444824], [372.7837829589844, 143.8157501220703, -15.65710735321045]], "pred_body_pose": [[2.697679042816162, -0.3147539794445038, 0.7116045951843262, -0.9050571918487549, 0.09269776940345764, 0.4596831500530243, -0.6408030986785889, 0.08470707386732101, -0.3245668411254883, 0.59504234790802, -0.06551273167133331, 0.009884788654744625, 1.6626425981521606, 0.07674237340688705, -0.22300273180007935, 1.6506483554840088, 0.1751956343650818, 0.05500516667962074, 0.06294131278991699, -0.13842402398586273, -0.009204189293086529, -0.17591653764247894, 0.04579179733991623, -0.020384885370731354, -0.18401308357715607, -0.06299324333667755, 0.06364550441503525, -0.03050532378256321, -0.07355345040559769, -0.052001871168613434, -0.26025256514549255, 0.10577419400215149, 0.13939496874809265, -0.2563196122646332, -0.12934020161628723, -0.17492246627807617, -0.16785891354084015, -0.17767125368118286, -0.02626996487379074, 0.0740099847316742, -0.35470086336135864, -0.4035515785217285, -0.129281684756279, 0.11961175501346588, 0.12910780310630798, 0.016863273456692696, -0.05394677445292473, -0.023129044100642204, 0.1322387158870697, -0.38935714960098267, -0.8641445636749268, -0.39544567465782166, 0.3699135482311249, 0.3168274164199829, 0.2710750699043274, -0.655491292476654, 0.1068628653883934, -0.47094613313674927, 1.6842398643493652, -0.7752077579498291, 0.2365015596151352, -0.014755139127373695, 0.21647588908672333, 0.05854646861553192, 0.05575680360198021, -0.3340103328227997, -0.20082108676433563, -0.11708161234855652, -0.24283066391944885, -0.15120625495910645, 0.0992521196603775, 0.24486249685287476]], "pred_rotmat": [[[[0.8506320118904114, -0.2925516664981842, 0.436850905418396], [-0.1264057755470276, -0.9203177094459534, -0.370184987783432], [0.5103398561477661, 0.2596707046031952, -0.819831907749176]], [[0.8992457985877991, -0.42255353927612305, -0.11316182464361191], [0.3456740379333496, 0.5278753638267517, 0.7757945656776428], [-0.26807937026023865, -0.7367470264434814, 0.6207554936408997]], [[0.9461508989334106, 0.27102094888687134, 0.17704859375953674], [-0.3229760229587555, 0.7530665993690491, 0.573216438293457], [0.02202429063618183, -0.5995316505432129, 0.8000479340553284]], [[0.9978699088096619, -0.028220808133482933, -0.0588141568005085], [-0.009611357003450394, 0.8281406164169312, -0.5604379773139954], [0.0645224079489708, 0.5598095655441284, 0.8261053562164307]], [[0.978141188621521, 0.1821611076593399, -0.10028554499149323], [-0.08186984062194824, -0.1059618592262268, -0.9909941554069519], [-0.19114702939987183, 0.977542519569397, -0.08873216062784195]], [[0.9866765737533569, 0.08128157258033752, 0.14093507826328278], [0.1472514122724533, -0.07778508961200714, -0.9860358238220215], [-0.06918389350175858, 0.993651270866394, -0.08871755003929138]], [[0.9903956055641174, 0.004820751026272774, -0.13817834854125977], [-0.013516508042812347, 0.9979807138442993, -0.0620623342692852], [0.1376001387834549, 0.06333395838737488, 0.988460898399353]], [[0.9987472891807556, 0.0162548515945673, 0.04732489213347435], [-0.02428794465959072, 0.9843626022338867, 0.17447176575660706], [-0.04374884441494942, -0.17540262639522552, 0.9835242629051208]], [[0.9960045218467712, -0.057426586747169495, -0.06838986277580261], [0.06897778064012527, 0.9811102747917175, 0.18073372542858124], [0.05671907588839531, -0.18472899496555328, 0.9811514019966125]], [[0.9959458708763123, 0.053044553846120834, -0.07265005260705948], [-0.050802476704120636, 0.9981839656829834, 0.03237037733197212], [0.07423519343137741, -0.0285483431071043, 0.996832013130188]], [[0.9848154783248901, -0.150772824883461, 0.0860581025481224], [0.12346968054771423, 0.9567748308181763, 0.2633194923400879], [-0.12203964591026306, -0.24869556725025177, 0.9608625173568726]], [[0.9765586853027344, 0.18806657195091248, -0.10470979660749435], [-0.1552252173423767, 0.9523029923439026, 0.26272445917129517], [0.1491251289844513, -0.24031223356723785, 0.9591724276542664]], [[0.9839524626731873, 0.040843065828084946, -0.17369334399700165], [-0.011169257573783398, 0.985639214515686, 0.16849525272846222], [0.17808082699775696, -0.1638513058423996, 0.9702783226966858]], [[0.859170138835907, 0.3712497055530548, -0.3521369397640228], [-0.3968638777732849, 0.9178772568702698, -0.0006018801941536367], [0.32299503684043884, 0.14026755094528198, 0.9359483122825623]], [[0.9845735430717468, -0.13578517735004425, 0.11035078763961792], [0.12038293480873108, 0.9833749532699585, 0.1359473466873169], [-0.12697583436965942, -0.12056580930948257, 0.984551191329956]], [[0.998278021812439, 0.022659944370388985, -0.05410819500684738], [-0.023569392040371895, 0.9995903968811035, -0.016229119151830673], [0.053718287497758865, 0.017476467415690422, 0.9984031915664673]], [[0.5840784907341003, 0.7143144011497498, -0.3854960799217224], [-0.7619909644126892, 0.6461705565452576, 0.042818453162908554], [0.2796820402145386, 0.26873520016670227, 0.9217154383659363]], [[0.8852317929267883, -0.36722174286842346, 0.28550463914871216], [0.225676491856575, 0.8757773637771606, 0.42671307921409607], [-0.4067368805408478, -0.3133082985877991, 0.8581392765045166]], [[0.7887520790100098, -0.18302978575229645, -0.5868305563926697], [0.012832311913371086, 0.9593386650085449, -0.28196555376052856], [0.6145774126052856, 0.21487054228782654, 0.7590290904045105]], [[-0.2545788884162903, 0.09227113425731659, 0.9626399874687195], [-0.671228289604187, 0.6997366547584534, -0.24458372592926025], [-0.6961625218391418, -0.7084170579910278, -0.1162031814455986]], [[0.9766616821289062, -0.21450825035572052, 0.010876337997615337], [0.21104849874973297, 0.9490422606468201, -0.23404541611671448], [0.03988256677985191, 0.23087859153747559, 0.9721648693084717]], [[0.943226158618927, 0.3290908634662628, 0.04498407989740372], [-0.325858473777771, 0.9430683851242065, -0.06662126630544662], [-0.06434750556945801, 0.048180483281612396, 0.9967638254165649]], [[0.9640035033226013, 0.24992892146110535, -0.09073491394519806], [-0.22663705050945282, 0.9508178234100342, 0.21114227175712585], [0.1390429437160492, -0.18297798931598663, 0.9732348918914795]], [[0.965364396572113, -0.24854400753974915, 0.07935637980699539], [0.2336519956588745, 0.9589083194732666, 0.16093961894512177], [-0.11609607189893723, -0.1368236094713211, 0.9837687611579895]]]], "pred_betas": [[0.054349903017282486, 0.561048150062561, 0.4394177198410034, 0.5237044095993042, 0.021893873810768127, 0.07843480259180069, -0.5414879322052002, 0.32938581705093384, 0.6840351819992065, 0.03362797200679779]], "pred_camera": [1.244410514831543, -0.013152332976460457, 0.34219270944595337]}