{"pred_joints_img": [[399.4919738769531, 152.57106018066406, -46.045989990234375], [387.2939147949219, 178.65213012695312, -6.8158159255981445], [346.94671630859375, 200.07980346679688, -19.031375885009766], [317.7989196777344, 243.7024383544922, -53.364715576171875], [311.7879638671875, 191.21665954589844, -87.11642456054688], [426.7991027832031, 201.21295166015625, 10.011637687683105], [443.9728698730469, 263.3751220703125, 12.16833209991455], [460.5837707519531, 303.1149597167969, -31.210432052612305], [393.3662109375, 298.9173278808594, 6.040925025939941], [386.1225891113281, 322.09521484375, -6.626809597015381], [400.5779724121094, 371.3121032714844, -86.14151763916016], [359.5809020996094, 449.6373291015625, -42.59902572631836], [412.24896240234375, 318.5685729980469, 12.160762786865234], [494.81719970703125, 337.50982666015625, -24.976158142089844], [484.2440490722656, 429.94622802734375, 7.376885414123535], [390.36578369140625, 142.40255737304688, -40.07045364379883], [406.3001403808594, 143.4913330078125, -36.73529815673828], [375.5180358886719, 145.49832153320312, -19.66140365600586], [410.4026184082031, 147.39373779296875, -12.151908874511719], [523.7816162109375, 441.78033447265625, -17.717098236083984], [522.8993530273438, 441.0308532714844, 2.239145517349243], [474.5422668457031, 436.51531982421875, 19.591508865356445], [377.16436767578125, 476.68170166015625, -78.94442749023438], [356.88018798828125, 472.36566162109375, -75.9181900024414], [349.33209228515625, 453.83636474609375, -28.633182525634766], [359.5809020996094, 449.6373291015625, -42.59902572631836], [400.5779724121094, 371.3121032714844, -86.14151763916016], [363.4898681640625, 297.6711730957031, -8.637710571289062], [416.1425476074219, 289.37835693359375, 27.963895797729492], [494.81719970703125, 337.50982666015625, -24.976158142089844], [484.2440490722656, 429.94622802734375, 7.376885414123535], [311.7879638671875, 191.21665954589844, -87.11642456054688], [317.7989196777344, 243.7024383544922, -53.364715576171875], [346.94671630859375, 200.07980346679688, -19.031375885009766], [426.7991027832031, 201.21295166015625, 10.011637687683105], [443.9728698730469, 263.3751220703125, 12.16833209991455], [460.5837707519531, 303.1149597167969, -31.210432052612305], [388.5837097167969, 179.65309143066406, -8.715452194213867], [396.29071044921875, 113.70364379882812, -20.331453323364258], [387.5843200683594, 295.62371826171875, 13.488409042358398], [387.2073974609375, 194.28140258789062, -4.479274272918701], [381.9873352050781, 236.27598571777344, 9.837410926818848], [396.6727600097656, 160.0067596435547, -27.69581413269043], [394.15484619140625, 129.0352325439453, -17.190593719482422], [399.4919738769531, 152.57106018066406, -46.045989990234375], [406.3001403808594, 143.4913330078125, -36.73529815673828], [390.36578369140625, 142.40255737304688, -40.07045364379883], [410.4026184082031, 147.39373779296875, -12.151908874511719], [375.5180358886719, 145.49832153320312, -19.66140365600586]], "pred_body_pose": [[2.6989316940307617, -0.3199637830257416, 0.8095515966415405, -0.852787435054779, 0.04427166283130646, 0.44044411182403564, -0.6259920597076416, 0.0717940405011177, -0.37251150608062744, 0.5890606045722961, -0.0430692657828331, -0.006108476780354977, 1.4808499813079834, 0.03049359656870365, -0.16705790162086487, 1.507115125656128, 0.15540403127670288, 0.06538129597902298, 0.06273393332958221, -0.10875282436609268, 0.005877150222659111, -0.15429380536079407, 0.037604328244924545, -0.02412148006260395, -0.14407844841480255, -0.05309968441724777, 0.08414137363433838, -0.03427772969007492, -0.05583101511001587, -0.04290670156478882, -0.22807854413986206, 0.11481954902410507, 0.13273075222969055, -0.24029141664505005, -0.1473567634820938, -0.18669722974300385, -0.1401418149471283, -0.11889143288135529, -0.05363664776086807, 0.036014266312122345, -0.3068149983882904, -0.32526588439941406, -0.11357555538415909, 0.10116881132125854, 0.17520835995674133, 0.01070585660636425, -0.08302243798971176, -0.027344487607479095, 0.03121338039636612, -0.4212890565395355, -0.8386754989624023, -0.3667484223842621, 0.34948021173477173, 0.5030375719070435, 0.02570212073624134, -0.6932556629180908, 0.17175208032131195, -0.6125208735466003, 1.6230976581573486, -0.7563849687576294, 0.10620997101068497, -0.011761495843529701, 0.2176661342382431, -0.11308339983224869, 0.05102003738284111, -0.3334733247756958, -0.12877340614795685, -0.10733746737241745, -0.21871750056743622, -0.10160791128873825, 0.08722495287656784, 0.2247893363237381]], "pred_rotmat": [[[[0.8159213662147522, -0.29571306705474854, 0.49681591987609863], [-0.12385237962007523, -0.9287502765655518, -0.34940457344055176], [0.5647413730621338, 0.2235548496246338, -0.7944119572639465]], [[0.9093338847160339, -0.39320382475852966, -0.1360243558883667], [0.35826611518859863, 0.5737454295158386, 0.7365199327468872], [-0.21155908703804016, -0.7184754610061646, 0.6625977754592896]], [[0.9311964511871338, 0.3186413049697876, 0.17703349888324738], [-0.3616127073764801, 0.7463209629058838, 0.5587854385375977], [0.04592832550406456, -0.5843566060066223, 0.8101961612701416]], [[0.9990811347961426, -0.006561236921697855, -0.042355652898550034], [-0.0180800948292017, 0.8314715027809143, -0.5552731156349182], [0.03886079788208008, 0.5555285811424255, 0.8305888772010803]], [[0.9880605340003967, 0.13041256368160248, -0.08203072100877762], [-0.09302147477865219, 0.08054015785455704, -0.9924013018608093], [-0.12281482666730881, 0.9881830811500549, 0.09170971810817719]], [[0.9883108139038086, 0.05326467007398605, 0.14284449815750122], [0.1393633335828781, 0.06418478488922119, -0.9881589412689209], [-0.061802398413419724, 0.9965155124664307, 0.0560113750398159]], [[0.9940769076347351, -0.009268447756767273, -0.10828260332345963], [0.0024549285881221294, 0.9980175495147705, -0.06288804113864899], [0.1086508184671402, 0.06224972754716873, 0.9921289682388306]], [[0.9990041851997375, 0.021123060956597328, 0.03929971531033516], [-0.02691269852221012, 0.9878319501876831, 0.15317855775356293], [-0.0355859212577343, -0.15408368408679962, 0.9874167442321777]], [[0.9950630068778992, -0.07989658415317535, -0.05887478217482567], [0.08752758055925369, 0.9861162900924683, 0.14111514389514923], [0.04678276926279068, -0.14557160437107086, 0.9882410168647766]], [[0.9975221753120422, 0.043819230049848557, -0.05503895878791809], [-0.04190647229552269, 0.9984927773475647, 0.03543984517455101], [0.056508950889110565, -0.03304554894566536, 0.997855007648468]], [[0.9847055077552795, -0.1439100056886673, 0.09820884466171265], [0.11790239065885544, 0.9654209613800049, 0.23251086473464966], [-0.12827353179454803, -0.21737568080425262, 0.967622697353363]], [[0.9719834327697754, 0.20069687068462372, -0.12234736233949661], [-0.16562435030937195, 0.9541414380073547, 0.24936456978321075], [0.1667833924293518, -0.22211454808712006, 0.9606499671936035]], [[0.9915199279785156, 0.06161501631140709, -0.11441958695650101], [-0.04500418156385422, 0.9887760281562805, 0.14246603846549988], [0.12191339582204819, -0.13610856235027313, 0.9831640720367432]], [[0.9016984701156616, 0.30903342366218567, -0.3023875057697296], [-0.3198990523815155, 0.9473444819450378, 0.01424857322126627], [0.2908684313297272, 0.0838855728507042, 0.95307856798172]], [[0.9796251058578491, -0.1793600469827652, 0.0903584286570549], [0.16792120039463043, 0.9782989621162415, 0.12138241529464722], [-0.1101687029004097, -0.10373616218566895, 0.9884845614433289]], [[0.9961822628974915, 0.026865027844905853, -0.08306144922971725], [-0.02775328978896141, 0.9995691776275635, -0.009557655081152916], [0.08276888728141785, 0.011826394125819206, 0.996498703956604]], [[0.5909985303878784, 0.7146295309066772, -0.3741995096206665], [-0.7268410921096802, 0.6729557514190674, 0.13723184168338776], [0.3498896658420563, 0.1908797323703766, 0.9171379804611206]], [[0.8202420473098755, -0.5227909684181213, 0.2321479469537735], [0.3999719023704529, 0.8143162727355957, 0.4206084609031677], [-0.4089321494102478, -0.2521480619907379, 0.8770381212234497]], [[0.7556217312812805, -0.166036456823349, -0.6336148381233215], [0.14896392822265625, 0.9855513572692871, -0.0806121826171875], [0.6378445029258728, -0.033473435789346695, 0.7694374918937683]], [[-0.1783580780029297, 0.013809888623654842, 0.9838687181472778], [-0.7444992661476135, 0.6518832445144653, -0.1441146284341812], [-0.6433578729629517, -0.7581934928894043, -0.10598719120025635]], [[0.9763577580451965, -0.21616092324256897, -0.0001439448242308572], [0.2149178385734558, 0.9708138704299927, -0.10644600540399551], [0.02314920909702778, 0.10389844328165054, 0.9943184852600098]], [[0.9436939358711243, 0.3236272633075714, 0.06860741972923279], [-0.32933616638183594, 0.9386551976203918, 0.1022949293255806], [-0.031293269246816635, -0.11913003027439117, 0.9923853874206543]], [[0.9705080389976501, 0.22282721102237701, -0.09199046343564987], [-0.20909224450588226, 0.9679933786392212, 0.13881391286849976], [0.119977667927742, -0.11548551917076111, 0.9860367774963379]], [[0.9710962772369385, -0.2266392707824707, 0.07487789541482925], [0.2178269922733307, 0.9697459936141968, 0.11020028591156006], [-0.09758824855089188, -0.09070465713739395, 0.9910848736763]]]], "pred_betas": [[0.09107276797294617, 0.5657345652580261, 0.47375667095184326, 0.40478765964508057, 0.1576361209154129, 0.08677008748054504, -0.500810980796814, 0.32103338837623596, 0.7431236505508423, -0.08925198763608932]], "pred_camera": [1.224961757659912, -0.05582345649600029, 0.31467002630233765]}