{"pred_joints_img": [[393.4490661621094, 151.74830627441406, -50.992958068847656], [386.94952392578125, 177.83853149414062, -10.674552917480469], [345.4095458984375, 198.45816040039062, -17.456254959106445], [309.93994140625, 233.58636474609375, -54.43305206298828], [315.14984130859375, 174.8770751953125, -74.30174255371094], [428.04791259765625, 201.86720275878906, 1.9944615364074707], [437.58685302734375, 264.1297302246094, 13.177488327026367], [439.0330810546875, 315.27545166015625, -19.55418586730957], [394.3748474121094, 297.39373779296875, 6.077694892883301], [385.99554443359375, 320.78643798828125, -4.818569183349609], [402.1774597167969, 374.4768981933594, -80.02952575683594], [358.3658447265625, 445.3599853515625, -29.05251121520996], [413.10369873046875, 316.95855712890625, 11.682583808898926], [491.17486572265625, 339.82696533203125, -30.554784774780273], [469.7598571777344, 428.48077392578125, 4.3063507080078125], [384.95880126953125, 141.7039337158203, -44.05405044555664], [401.1182556152344, 142.55821228027344, -42.55921936035156], [372.6801452636719, 144.9741973876953, -22.165950775146484], [408.08880615234375, 146.2847900390625, -18.67826271057129], [506.5794677734375, 445.0264892578125, -21.529834747314453], [506.6447448730469, 443.68658447265625, -1.6644079685211182], [459.8489074707031, 433.32196044921875, 16.873432159423828], [376.2962951660156, 475.4667053222656, -62.2154541015625], [356.1231689453125, 470.39410400390625, -60.55237579345703], [347.7650451660156, 448.0267333984375, -15.28050422668457], [358.3658447265625, 445.3599853515625, -29.05251121520996], [402.1774597167969, 374.4768981933594, -80.02952575683594], [363.7332763671875, 296.31317138671875, -6.4329962730407715], [418.6199951171875, 287.3926696777344, 25.63994598388672], [491.17486572265625, 339.82696533203125, -30.554784774780273], [469.7598571777344, 428.48077392578125, 4.3063507080078125], [315.14984130859375, 174.8770751953125, -74.30174255371094], [309.93994140625, 233.58636474609375, -54.43305206298828], [345.4095458984375, 198.45816040039062, -17.456254959106445], [428.04791259765625, 201.86720275878906, 1.9944615364074707], [437.58685302734375, 264.1297302246094, 13.177488327026367], [439.0330810546875, 315.27545166015625, -19.55418586730957], [387.8216857910156, 178.78981018066406, -12.53391170501709], [392.5921936035156, 112.96112060546875, -25.389036178588867], [389.2054443359375, 293.6642761230469, 13.64421558380127], [387.0433349609375, 193.40261840820312, -7.808717727661133], [383.66448974609375, 234.51158142089844, 7.817821025848389], [392.9028625488281, 159.12171936035156, -32.480472564697266], [391.12518310546875, 128.26126098632812, -21.98863983154297], [393.4490661621094, 151.74830627441406, -50.992958068847656], [401.1182556152344, 142.55821228027344, -42.55921936035156], [384.95880126953125, 141.7039337158203, -44.05405044555664], [408.08880615234375, 146.2847900390625, -18.67826271057129], [372.6801452636719, 144.9741973876953, -22.165950775146484]], "pred_body_pose": [[2.7732579708099365, -0.3016563057899475, 0.7192859053611755, -0.863044261932373, 0.07718517631292343, 0.41041985154151917, -0.6320523619651794, 0.11608486622571945, -0.28955572843551636, 0.5753172636032104, -0.06228087097406387, 0.014192234724760056, 1.563607096672058, 0.07753672450780869, -0.19658614695072174, 1.5699567794799805, 0.17586299777030945, 0.04945570230484009, 0.041618913412094116, -0.13444188237190247, 0.0005456944345496595, -0.16948451101779938, 0.03490576893091202, -0.0035048790741711855, -0.17968395352363586, -0.05246381461620331, 0.05294039845466614, -0.0373472198843956, -0.06883236765861511, -0.047665566205978394, -0.2289423644542694, 0.11160629987716675, 0.12086621671915054, -0.22678548097610474, -0.12787501513957977, -0.15183280408382416, -0.17271190881729126, -0.1419232189655304, -0.0246164221316576, 0.06890925019979477, -0.3091895878314972, -0.3958497941493988, -0.13915428519248962, 0.11398033797740936, 0.1422043740749359, 0.016299832612276077, -0.0419781319797039, -0.042923398315906525, 0.13070985674858093, -0.3376126289367676, -0.90781170129776, -0.41123175621032715, 0.41961467266082764, 0.3760133683681488, 0.2346714735031128, -0.6265755891799927, 0.13586504757404327, -0.4771789312362671, 1.7460973262786865, -0.8319621682167053, 0.213242769241333, -0.016994787380099297, 0.23935282230377197, 0.03983648121356964, 0.07174985855817795, -0.37512487173080444, -0.1945265680551529, -0.1180088147521019, -0.24677225947380066, -0.14025351405143738, 0.09646228700876236, 0.2520354390144348]], "pred_rotmat": [[[[0.8558709621429443, -0.2625577747821808, 0.44558775424957275], [-0.13382749259471893, -0.944642186164856, -0.29956865310668945], [0.49957507848739624, 0.19676019251346588, -0.8436292409896851]], [[0.919277548789978, -0.38120055198669434, -0.09805569797754288], [0.31953540444374084, 0.5772814154624939, 0.7514275908470154], [-0.22983884811401367, -0.7221027612686157, 0.6524889469146729]], [[0.9533223509788513, 0.23097671568393707, 0.19448977708816528], [-0.3013606667518616, 0.7681744694709778, 0.5648802518844604], [-0.01892790198326111, -0.5971245169639587, 0.8019251823425293]], [[0.9980161786079407, -0.030833769589662552, -0.05489080771803856], [-0.004008090123534203, 0.8389769196510315, -0.5441523194313049], [0.0628303810954094, 0.5432928204536438, 0.8371889591217041]], [[0.9819356203079224, 0.1736312210559845, -0.07519792765378952], [-0.07554920017719269, -0.004594673402607441, -0.9971315264701843], [-0.17347867786884308, 0.9847999811172485, 0.008606025949120522]], [[0.9865102767944336, 0.08031050860881805, 0.14264529943466187], [0.1428878903388977, 0.002747688675299287, -0.9897351264953613], [-0.079878069460392, 0.9967661499977112, -0.008764776401221752]], [[0.9909774661064148, -0.003336942521855235, -0.1339871734380722], [-0.0022491528652608395, 0.9991351962089539, -0.041518278419971466], [0.13400983810424805, 0.041445035487413406, 0.9901129603385925]], [[0.999386191368103, 0.0005367948324419558, 0.03502802923321724], [-0.006438019219785929, 0.9856672286987305, 0.1685786098241806], [-0.034435488283634186, -0.16870063543319702, 0.9850656986236572]], [[0.9972311854362488, -0.04790852963924408, -0.0568748414516449], [0.05730573832988739, 0.9825108051300049, 0.17716848850250244], [0.047392260283231735, -0.1799371838569641, 0.9825358390808105]], [[0.9964975118637085, 0.04888328164815903, -0.06784651428461075], [-0.046314362436532974, 0.998167872428894, 0.038934241980314255], [0.06962544471025467, -0.03565560281276703, 0.9969357848167419]], [[0.986557126045227, -0.1319628208875656, 0.09638946503400803], [0.10658018290996552, 0.9667097330093384, 0.23262184858322144], [-0.12387806922197342, -0.21922151744365692, 0.9677789807319641]], [[0.9804461598396301, 0.16393524408340454, -0.1088610291481018], [-0.1351538896560669, 0.9630386829376221, 0.2330022007226944], [0.14303463697433472, -0.21373307704925537, 0.9663640856742859]], [[0.9896695613861084, 0.036613788455724716, -0.13861306011676788], [-0.0122050940990448, 0.9848463535308838, 0.17299917340278625], [0.1428467184305191, -0.16952022910118103, 0.9751193523406982]], [[0.8765314817428589, 0.3686811923980713, -0.3094620704650879], [-0.38953474164009094, 0.9209915995597839, -0.006098197773098946], [0.28276368975639343, 0.12589149177074432, 0.9508922696113586]], [[0.9834657907485962, -0.1488572657108307, 0.10313326865434647], [0.13306580483913422, 0.9802936315536499, 0.14600689709186554], [-0.12283506244421005, -0.12986929714679718, 0.9838930368423462]], [[0.9981982707977295, 0.04255371168255806, -0.04230077192187309], [-0.04323772341012955, 0.9989463090896606, -0.015388689003884792], [0.04160135239362717, 0.017189953476190567, 0.9989864230155945]], [[0.5671151280403137, 0.7496737837791443, -0.3411298394203186], [-0.7904003858566284, 0.611828088760376, 0.030555488541722298], [0.2316194325685501, 0.2523006796836853, 0.9395194053649902]], [[0.8476014733314514, -0.4290908873081207, 0.3121742904186249], [0.2634164094924927, 0.8509449362754822, 0.4544275999069214], [-0.46063390374183655, -0.3029416501522064, 0.8342917561531067]], [[0.80233234167099, -0.1962611824274063, -0.5636880993843079], [0.05484534427523613, 0.9646410942077637, -0.257797509431839], [0.5943523645401001, 0.17592363059520721, 0.7847267389297485]], [[-0.32816869020462036, 0.08527830243110657, 0.9407618641853333], [-0.6768988966941833, 0.6734229326248169, -0.29716911911964417], [-0.6588726043701172, -0.7343223094940186, -0.16327153146266937]], [[0.9714571237564087, -0.2370595633983612, 0.008597330190241337], [0.23346655070781708, 0.9490585923194885, -0.21161560714244843], [0.042006127536296844, 0.20758265256881714, 0.9773151874542236]], [[0.9279584288597107, 0.3673853576183319, 0.06261906027793884], [-0.3645620346069336, 0.9297172427177429, -0.0521576963365078], [-0.0773799866437912, 0.025571642443537712, 0.9966737031936646]], [[0.9629385471343994, 0.2535351514816284, -0.09202800691127777], [-0.23079407215118408, 0.9510931372642517, 0.205318883061409], [0.1395827829837799, -0.17646998167037964, 0.9743586778640747]], [[0.9638663530349731, -0.25488054752349854, 0.0774434432387352], [0.2414553314447403, 0.9587231874465942, 0.15016384422779083], [-0.11252066493034363, -0.12603875994682312, 0.985623300075531]]]], "pred_betas": [[0.054064713418483734, 0.49238666892051697, 0.41862940788269043, 0.5574073195457458, 0.0010438263416290283, 0.09920898079872131, -0.48812538385391235, 0.30707061290740967, 0.6835693120956421, 0.015857666730880737]], "pred_camera": [1.2456783056259155, -0.015647757798433304, 0.32336530089378357]}