{"pred_joints_img": [[403.5489501953125, 151.48716735839844, -44.500732421875], [387.8270568847656, 179.05453491210938, -8.96516227722168], [352.7066650390625, 199.94488525390625, -31.45173454284668], [326.7762145996094, 244.91867065429688, -63.93973159790039], [325.98724365234375, 238.45091247558594, -124.7402114868164], [419.898681640625, 199.53988647460938, 19.352903366088867], [444.0315856933594, 255.80093383789062, 34.10459899902344], [481.9391784667969, 272.6121826171875, -8.773480415344238], [389.0908203125, 297.1126708984375, 6.086065292358398], [383.282958984375, 320.382568359375, -6.208841323852539], [409.89984130859375, 372.86163330078125, -76.41278076171875], [359.29498291015625, 430.2352294921875, -19.3985595703125], [406.5278625488281, 316.21044921875, 15.380447387695312], [488.1114501953125, 329.2392578125, -18.970733642578125], [470.7218933105469, 414.33856201171875, 20.418140411376953], [394.5042419433594, 141.78839111328125, -38.180335998535156], [410.03558349609375, 143.35897827148438, -34.378841400146484], [379.0500793457031, 145.95608520507812, -18.9681396484375], [413.06396484375, 148.9969940185547, -10.296420097351074], [509.1371154785156, 431.1029052734375, -0.6677250862121582], [507.5045166015625, 428.4361267089844, 18.826366424560547], [460.0335388183594, 418.3774108886719, 32.43585205078125], [378.6990051269531, 465.51873779296875, -44.33627700805664], [359.00103759765625, 459.6021423339844, -45.75291442871094], [347.2164001464844, 429.91253662109375, -6.905996799468994], [359.29498291015625, 430.2352294921875, -19.3985595703125], [409.89984130859375, 372.86163330078125, -76.41278076171875], [361.79290771484375, 296.52764892578125, -12.20846176147461], [408.9164123535156, 287.17071533203125, 30.4063720703125], [488.1114501953125, 329.2392578125, -18.970733642578125], [470.7218933105469, 414.33856201171875, 20.418140411376953], [325.98724365234375, 238.45091247558594, -124.7402114868164], [326.7762145996094, 244.91867065429688, -63.93973159790039], [352.7066650390625, 199.94488525390625, -31.45173454284668], [419.898681640625, 199.53988647460938, 19.352903366088867], [444.0315856933594, 255.80093383789062, 34.10459899902344], [481.9391784667969, 272.6121826171875, -8.773480415344238], [389.3075256347656, 179.7510528564453, -10.2296724319458], [400.22198486328125, 115.1668701171875, -16.337888717651367], [382.64874267578125, 293.8545227050781, 12.621840476989746], [386.7518615722656, 193.59811401367188, -6.157767295837402], [378.6163330078125, 235.7262420654297, 5.461214542388916], [400.0591125488281, 159.9347381591797, -27.18163299560547], [397.58111572265625, 130.28512573242188, -14.477553367614746], [403.5489501953125, 151.48716735839844, -44.500732421875], [410.03558349609375, 143.35897827148438, -34.378841400146484], [394.5042419433594, 141.78839111328125, -38.180335998535156], [413.06396484375, 148.9969940185547, -10.296420097351074], [379.0500793457031, 145.95608520507812, -18.9681396484375]], "pred_body_pose": [[2.6988143920898438, -0.3587783873081207, 0.9946264028549194, -0.9709877371788025, -0.030204765498638153, 0.39668476581573486, -0.6301822066307068, 0.05705985054373741, -0.3217565715312958, 0.5974605679512024, -0.015348843298852444, -0.010566075332462788, 1.6415349245071411, -0.001675256877206266, -0.19224406778812408, 1.755990743637085, 0.14920493960380554, 0.0923510417342186, 0.023114407435059547, -0.052403248846530914, -0.03872543200850487, -0.12576617300510406, 0.061873745173215866, -0.033828217536211014, -0.17718087136745453, -0.033228177577257156, 0.03232389688491821, -0.025023020803928375, -0.013903731480240822, -0.044296059757471085, -0.27486953139305115, 0.05889739468693733, 0.1414831131696701, -0.26805374026298523, -0.12211836129426956, -0.1493382602930069, -0.17713817954063416, -0.26462671160697937, -0.1136070117354393, 0.001354197389446199, -0.17560526728630066, -0.2788008451461792, -0.0700354278087616, 0.11590065062046051, 0.170587956905365, -1.6370217053918168e-05, -0.17012625932693481, 0.029083803296089172, 0.012582398019731045, -0.3628944158554077, -0.735729992389679, -0.25161343812942505, 0.23315595090389252, 0.5274836421012878, -0.007937530986964703, -1.0725429058074951, 0.3208349645137787, -0.5471600890159607, 0.9655678272247314, -0.3880087435245514, 0.09765518456697464, -0.03878660500049591, 0.2738814353942871, -0.023728210479021072, 0.024106649681925774, -0.2695584297180176, -0.1352161467075348, -0.10260171443223953, -0.23136520385742188, -0.1085929349064827, 0.09100823849439621, 0.20584790408611298]], "pred_rotmat": [[[[0.7377702593803406, -0.3096907138824463, 0.5998221039772034], [-0.14453108608722687, -0.9404187202453613, -0.30777156352996826], [0.6593980193138123, 0.14037175476551056, -0.738572895526886]], [[0.9278643727302551, -0.3144245147705078, -0.20051169395446777], [0.3411587178707123, 0.49856996536254883, 0.7968931794166565], [-0.1505936235189438, -0.8078150749206543, 0.5698739886283875]], [[0.9488131999969482, 0.27816981077194214, 0.1495831459760666], [-0.3126430809497833, 0.7600085735321045, 0.5697731375694275], [0.04480922594666481, -0.5873743891716003, 0.8080740571022034]], [[0.9998314380645752, 0.005497748497873545, -0.017514530569314957], [-0.014398251660168171, 0.826717734336853, -0.5624327063560486], [0.011387460865080357, 0.5625901222229004, 0.8266575336456299]], [[0.9853615760803223, 0.11483777314424515, -0.12599581480026245], [-0.11701607704162598, -0.08186536282300949, -0.9897502064704895], [-0.12397538870573044, 0.9900052547454834, -0.06722911447286606]], [[0.9882075786590576, 0.04899263009428978, 0.14507059752941132], [0.15169315040111542, -0.1842004656791687, -0.9711124300956726], [-0.020855264738202095, 0.9816669225692749, -0.1894601434469223]], [[0.9978780150413513, 0.03808920085430145, -0.052808888256549835], [-0.03929998353123665, 0.9989834427833557, -0.022081734612584114], [0.05191412940621376, 0.02411026321351528, 0.9983605146408081]], [[0.9975179433822632, 0.029827043414115906, 0.06378312408924103], [-0.03759521618485451, 0.9915339946746826, 0.12428613007068634], [-0.05953603982925415, -0.12637558579444885, 0.9901943206787109]], [[0.9989284873008728, -0.029208024963736534, -0.03589832782745361], [0.035078976303339005, 0.9838263392448425, 0.1756564974784851], [0.03018714115023613, -0.1767275631427765, 0.9837967157363892]], [[0.99892258644104, 0.04444945231080055, -0.013343204744160175], [-0.04410159960389137, 0.9987061023712158, 0.02531929314136505], [0.01445136871188879, -0.024703552946448326, 0.9995903968811035]], [[0.988353431224823, -0.1471872478723526, 0.03864526376128197], [0.13113129138946533, 0.9526077508926392, 0.2744870185852051], [-0.07721475511789322, -0.2662225663661957, 0.9608139991760254]], [[0.9815610647201538, 0.1628572791814804, -0.10007648169994354], [-0.13041944801807404, 0.9533489346504211, 0.2722434401512146], [0.13974465429782867, -0.2541716694831848, 0.9570099711418152]], [[0.9589266180992126, 0.13467024266719818, -0.24964718520641327], [-0.08823959529399872, 0.9780678749084473, 0.18867166340351105], [0.2695803642272949, -0.15889349579811096, 0.9497785568237305]], [[0.9462057948112488, 0.2736654579639435, -0.17263199388980865], [-0.2739011347293854, 0.961484432220459, 0.02292894572019577], [0.17225785553455353, 0.02558859810233116, 0.9847193956375122]], [[0.978817343711853, -0.17328496277332306, 0.10903643816709518], [0.16519984602928162, 0.9830644726753235, 0.07932962477207184], [-0.12093648314476013, -0.05963640660047531, 0.9908671975135803]], [[0.9851425290107727, -0.028938239440321922, -0.16928313672542572], [0.028941012918949127, 0.9995781183242798, -0.0024515357799828053], [0.16928265988826752, -0.002484113909304142, 0.9855644106864929]], [[0.6819620728492737, 0.6537635326385498, -0.32790401577949524], [-0.6580790877342224, 0.7441216707229614, 0.1149560734629631], [0.3191545307636261, 0.1373911052942276, 0.9376908540725708]], [[0.8391144275665283, -0.5217376947402954, 0.15387260913848877], [0.4649825990200043, 0.8347863554954529, 0.29482704401016235], [-0.2822730839252472, -0.17584554851055145, 0.9430802464485168]], [[0.43613412976264954, -0.2540619373321533, -0.8632726073265076], [0.2617224454879761, 0.9536600708961487, -0.1484382003545761], [0.8609810471534729, -0.16119882464408875, 0.48241740465164185]], [[0.5181271433830261, 0.06949929147958755, 0.8524752855300903], [-0.539699137210846, 0.7997811436653137, 0.2628211975097656], [-0.6635277271270752, -0.5962550044059753, 0.4518970251083374]], [[0.9620158672332764, -0.2718506157398224, -0.02495536580681801], [0.26808997988700867, 0.9580284953117371, -0.10153410583734512], [0.05151005834341049, 0.09098713099956512, 0.994519054889679]], [[0.9636032581329346, 0.2659705579280853, 0.026989653706550598], [-0.266539067029953, 0.9636122584342957, 0.020208263769745827], [-0.020632756873965263, -0.02666654624044895, 0.9994314312934875]], [[0.968190610408783, 0.23509234189987183, -0.08566432446241379], [-0.22131386399269104, 0.9643390774726868, 0.1451561450958252], [0.11673455685377121, -0.12158013135194778, 0.9856932163238525]], [[0.974803626537323, -0.2086278647184372, 0.07894521206617355], [0.1987963318824768, 0.973057746887207, 0.11678450554609299], [-0.10118275135755539, -0.0981479361653328, 0.9900146722793579]]]], "pred_betas": [[-0.015082893893122673, 0.338996559381485, 0.3234010934829712, 0.5848445296287537, 0.3980139493942261, 0.1454208493232727, -0.5485084652900696, 0.3165687322616577, 0.8841264247894287, -0.21374860405921936]], "pred_camera": [1.32505464553833, -0.09610405564308167, 0.40397343039512634]}