{"pred_joints_img": [[391.0122985839844, 149.84884643554688, -46.722599029541016], [387.0113830566406, 178.74209594726562, -7.480130195617676], [344.920166015625, 198.8278350830078, -13.059571266174316], [300.49249267578125, 227.36538696289062, -46.669349670410156], [308.3970031738281, 169.6552734375, -69.74095916748047], [428.68243408203125, 204.15805053710938, 2.7581918239593506], [438.3957824707031, 267.4866943359375, 9.673903465270996], [432.94268798828125, 317.0810546875, -25.694364547729492], [396.51422119140625, 299.5765380859375, 6.104750156402588], [388.39300537109375, 323.1034240722656, -5.184817314147949], [399.49212646484375, 375.1991271972656, -83.25129699707031], [358.2117004394531, 445.0111083984375, -27.543119430541992], [415.8880920410156, 318.96551513671875, 11.1090087890625], [497.6873474121094, 332.7365417480469, -29.5116024017334], [477.03912353515625, 423.5916442871094, 1.959004282951355], [382.7187805175781, 140.34326171875, -38.62360382080078], [399.0646057128906, 140.99412536621094, -38.14942932128906], [371.7866516113281, 145.21551513671875, -16.1285400390625], [407.55731201171875, 146.22872924804688, -14.844054222106934], [516.10302734375, 437.5317687988281, -22.521291732788086], [514.7413330078125, 437.31304931640625, -2.5234036445617676], [466.4708251953125, 429.5007019042969, 13.791922569274902], [373.1111755371094, 475.2956237792969, -62.3594970703125], [352.9728698730469, 470.0675964355469, -58.96915817260742], [348.8968200683594, 447.73028564453125, -12.65736198425293], [358.2117004394531, 445.0111083984375, -27.543119430541992], [399.49212646484375, 375.1991271972656, -83.25129699707031], [365.36712646484375, 298.8625793457031, -5.86647367477417], [420.7784729003906, 289.3320007324219, 25.918354034423828], [497.6873474121094, 332.7365417480469, -29.5116024017334], [477.03912353515625, 423.5916442871094, 1.959004282951355], [308.3970031738281, 169.6552734375, -69.74095916748047], [300.49249267578125, 227.36538696289062, -46.669349670410156], [344.920166015625, 198.8278350830078, -13.059571266174316], [428.68243408203125, 204.15805053710938, 2.7581918239593506], [438.3957824707031, 267.4866943359375, 9.673903465270996], [432.94268798828125, 317.0810546875, -25.694364547729492], [387.77862548828125, 179.58587646484375, -9.232460021972656], [391.1443176269531, 112.52017211914062, -18.462390899658203], [391.23492431640625, 296.0799865722656, 14.008018493652344], [387.17535400390625, 194.4861297607422, -4.9569172859191895], [384.20098876953125, 236.28897094726562, 9.73241138458252], [391.67413330078125, 158.4434356689453, -28.56623077392578], [390.06817626953125, 128.1502685546875, -15.955314636230469], [391.0122985839844, 149.84884643554688, -46.722599029541016], [399.0646057128906, 140.99412536621094, -38.14942932128906], [382.7187805175781, 140.34326171875, -38.62360382080078], [407.55731201171875, 146.22872924804688, -14.844054222106934], [371.7866516113281, 145.21551513671875, -16.1285400390625]], "pred_body_pose": [[2.7524776458740234, -0.3193095624446869, 0.6924529671669006, -0.9122418761253357, 0.10329999774694443, 0.4833635091781616, -0.6301156282424927, 0.07476141303777695, -0.33567216992378235, 0.5595579147338867, -0.06777815520763397, 0.013634632341563702, 1.6238560676574707, 0.08020544052124023, -0.22701019048690796, 1.6172983646392822, 0.18993055820465088, 0.05277775973081589, 0.04775246977806091, -0.14574548602104187, -0.01264446321874857, -0.1826399266719818, 0.058436937630176544, -0.04032273590564728, -0.19959762692451477, -0.08188415318727493, 0.08844877779483795, -0.029294678941369057, -0.07751600444316864, -0.05449727922677994, -0.2639414072036743, 0.10483404248952866, 0.1799706369638443, -0.2500300407409668, -0.10480251908302307, -0.22091299295425415, -0.2083355039358139, -0.16993798315525055, -0.02731439657509327, 0.07472216337919235, -0.3384236693382263, -0.4253310263156891, -0.13788747787475586, 0.09627340734004974, 0.12443847209215164, 0.013561165891587734, -0.038253914564847946, -0.026223545894026756, 0.14639589190483093, -0.3702293336391449, -0.8681841492652893, -0.4033162295818329, 0.34181708097457886, 0.26415348052978516, 0.2665361762046814, -0.65012127161026, 0.09702584892511368, -0.4823175370693207, 1.6783920526504517, -0.7687345743179321, 0.22240929305553436, -0.027848154306411743, 0.20073452591896057, 0.0683620423078537, 0.06827253848314285, -0.3185787796974182, -0.2057245522737503, -0.11532499641180038, -0.2435653954744339, -0.15815509855747223, 0.09924358874559402, 0.24973227083683014]], "pred_rotmat": [[[[0.8603296875953674, -0.2793871760368347, 0.42635151743888855], [-0.14285112917423248, -0.9350451231002808, -0.3244752585887909], [0.48931214213371277, 0.21825090050697327, -0.8443578481674194]], [[0.8884170055389404, -0.4442296326160431, -0.11565160006284714], [0.35815104842185974, 0.5132109522819519, 0.7799630761146545], [-0.2871290147304535, -0.7343531847000122, 0.6150466203689575]], [[0.9433634877204895, 0.2850167453289032, 0.1697959303855896], [-0.33013656735420227, 0.7558973431587219, 0.5653573870658875], [0.032788049429655075, -0.5893934369087219, 0.8071804046630859]], [[0.9976727366447449, -0.031389519572257996, -0.06052917242050171], [-0.005542210303246975, 0.8474603891372681, -0.5308297276496887], [0.06795856356620789, 0.5299298167228699, 0.8453141450881958]], [[0.9769682288169861, 0.18968772888183594, -0.09773273020982742], [-0.08618979901075363, -0.06819614768028259, -0.9939419627189636], [-0.19520357251167297, 0.9794732332229614, -0.050276320427656174]], [[0.9845057129859924, 0.09014188498258591, 0.15040965378284454], [0.15481829643249512, -0.044054239988327026, -0.9869603514671326], [-0.0823403000831604, 0.9949541091918945, -0.0573272630572319]], [[0.9893202781677246, 0.009121621958911419, -0.1454721987247467], [-0.016067607328295708, 0.9987822771072388, -0.04664459079504013], [0.1448695957660675, 0.04848382994532585, 0.9882621169090271]], [[0.9974876642227173, 0.034745775163173676, 0.061734169721603394], [-0.04538457468152046, 0.9825642108917236, 0.18029890954494476], [-0.05439316853880882, -0.182647705078125, 0.9816725850105286]], [[0.9927688241004944, -0.0795145332813263, -0.08993135392665863], [0.09578445553779602, 0.9762765765190125, 0.19418902695178986], [0.07235702872276306, -0.2013988196849823, 0.9768332242965698]], [[0.9955143928527832, 0.05554245412349701, -0.07659139484167099], [-0.05327349901199341, 0.998087465763092, 0.03135715052485466], [0.07818657159805298, -0.027136199176311493, 0.9965693950653076]], [[0.9785137176513672, -0.19030414521694183, 0.0793420597910881], [0.16289380192756653, 0.9494516253471375, 0.2683415710926056], [-0.126397967338562, -0.24965159595012665, 0.9600508213043213]], [[0.9704104065895081, 0.22940637171268463, -0.07534218579530716], [-0.20346856117248535, 0.9449061751365662, 0.2564232349395752], [0.13001641631126404, -0.2335059940814972, 0.9636237621307373]], [[0.9852774143218994, 0.044577740132808685, -0.16504913568496704], [-0.009388567879796028, 0.9780591726303101, 0.20811580121517181], [0.1707051396369934, -0.20350222289562225, 0.9640781283378601]], [[0.8559499979019165, 0.3919811546802521, -0.3371948301792145], [-0.41664087772369385, 0.9090707302093506, -0.0008457071962766349], [0.3062024712562561, 0.1412130445241928, 0.9414344429969788]], [[0.9876683354377747, -0.13014601171016693, 0.08702466636896133], [0.11691946536302567, 0.982813835144043, 0.14285211265087128], [-0.10412068665027618, -0.13091562688350677, 0.9859107136726379]], [[0.998924732208252, 0.025954008102416992, -0.03841681033372879], [-0.026472680270671844, 0.9995643496513367, -0.013054410926997662], [0.03806125372648239, 0.014057368040084839, 0.9991766214370728]], [[0.5874401330947876, 0.7169748544692993, -0.3753145635128021], [-0.7671778202056885, 0.6409953236579895, 0.023730438202619553], [0.2575889825820923, 0.2739928364753723, 0.9265936017036438]], [[0.9093764424324036, -0.3159896731376648, 0.27052727341651917], [0.1820954531431198, 0.8871231079101562, 0.42409175634384155], [-0.37399959564208984, -0.336397260427475, 0.8642691373825073]], [[0.7928711175918579, -0.1721605509519577, -0.5845648646354675], [0.006023922003805637, 0.9614307880401611, -0.27498099207878113], [0.6093595623970032, 0.21450310945510864, 0.7633277773857117]], [[-0.24583680927753448, 0.08426698297262192, 0.9656413197517395], [-0.6761338114738464, 0.6989247798919678, -0.23312470316886902], [-0.6945554614067078, -0.7102134227752686, -0.11484568566083908]], [[0.979619562625885, -0.2007928341627121, -0.005275139585137367], [0.1946457177400589, 0.9554574489593506, -0.22184249758720398], [0.04958455264568329, 0.21629445254802704, 0.9750682711601257]], [[0.9474115967750549, 0.3150389790534973, 0.05622928589582443], [-0.3104146420955658, 0.9474055767059326, -0.07788132131099701], [-0.07780758291482925, 0.056331269443035126, 0.9953757524490356]], [[0.9640345573425293, 0.25067541003227234, -0.08831367641687393], [-0.22717659175395966, 0.9496616125106812, 0.21571654081344604], [0.13794292509555817, -0.18789537250995636, 0.9724541902542114]], [[0.9641838669776917, -0.25348958373069763, 0.07805443555116653], [0.23792049288749695, 0.956663191318512, 0.16789673268795013], [-0.11723189055919647, -0.14331257343292236, 0.9827095866203308]]]], "pred_betas": [[0.05102667957544327, 0.4978957176208496, 0.42409172654151917, 0.5579938292503357, 0.02933841198682785, 0.06351930648088455, -0.5168615579605103, 0.33855557441711426, 0.6339617371559143, -0.003135979175567627]], "pred_camera": [1.229705572128296, 0.0003976859152317047, 0.3398379981517792]}