{"pred_joints_img": [[391.47491455078125, 149.78091430664062, -47.855350494384766], [386.57501220703125, 178.9877166748047, -8.813438415527344], [344.551025390625, 198.97674560546875, -14.00339126586914], [298.3079528808594, 225.8897247314453, -46.49822998046875], [308.21563720703125, 168.922119140625, -70.68595886230469], [428.4330749511719, 203.87188720703125, 1.1828454732894897], [440.3232727050781, 266.8565979003906, 7.792307376861572], [435.97808837890625, 316.9775390625, -27.02046012878418], [396.3370056152344, 299.4068603515625, 6.082387924194336], [388.2862854003906, 322.9293518066406, -5.325570583343506], [400.5370788574219, 374.86773681640625, -83.34107971191406], [359.2910461425781, 442.5821533203125, -25.08721923828125], [415.8438415527344, 318.7542724609375, 10.875828742980957], [497.24578857421875, 332.8089599609375, -30.46348762512207], [472.9908447265625, 423.2960205078125, -0.5564523935317993], [382.953369140625, 140.3757781982422, -39.8495979309082], [399.28485107421875, 141.08726501464844, -38.8563117980957], [371.2613220214844, 145.6158447265625, -17.788637161254883], [406.99169921875, 146.68212890625, -15.383405685424805], [511.66998291015625, 437.99285888671875, -25.286691665649414], [510.3442077636719, 438.093994140625, -5.2682785987854], [462.33062744140625, 428.8308410644531, 11.262677192687988], [374.32568359375, 473.5357971191406, -59.2857666015625], [354.1637878417969, 468.337646484375, -56.10129165649414], [349.850341796875, 444.84576416015625, -10.279031753540039], [359.2910461425781, 442.5821533203125, -25.08721923828125], [400.5370788574219, 374.86773681640625, -83.34107971191406], [365.0885009765625, 298.86651611328125, -5.67734432220459], [420.6721496582031, 289.2039794921875, 25.904294967651367], [497.24578857421875, 332.8089599609375, -30.46348762512207], [472.9908447265625, 423.2960205078125, -0.5564523935317993], [308.21563720703125, 168.922119140625, -70.68595886230469], [298.3079528808594, 225.8897247314453, -46.49822998046875], [344.551025390625, 198.97674560546875, -14.00339126586914], [428.4330749511719, 203.87188720703125, 1.1828454732894897], [440.3232727050781, 266.8565979003906, 7.792307376861572], [435.97808837890625, 316.9775390625, -27.02046012878418], [387.3746643066406, 179.7975311279297, -10.560197830200195], [390.7851257324219, 112.91456604003906, -19.010072708129883], [391.0632019042969, 296.08319091796875, 14.105381965637207], [386.8482971191406, 194.48388671875, -6.216400146484375], [383.97235107421875, 236.31353759765625, 9.13080883026123], [391.5389099121094, 158.6687469482422, -29.756010055541992], [389.6195983886719, 128.56686401367188, -16.76285171508789], [391.47491455078125, 149.78091430664062, -47.855350494384766], [399.28485107421875, 141.08726501464844, -38.8563117980957], [382.953369140625, 140.3757781982422, -39.8495979309082], [406.99169921875, 146.68212890625, -15.383405685424805], [371.2613220214844, 145.6158447265625, -17.788637161254883]], "pred_body_pose": [[2.745429039001465, -0.3226620554924011, 0.6848074793815613, -0.9096097946166992, 0.1166752353310585, 0.46791601181030273, -0.6289812922477722, 0.07412546128034592, -0.3203323185443878, 0.5889328122138977, -0.07135817408561707, 0.019074853509664536, 1.6472212076187134, 0.09857075661420822, -0.23375536501407623, 1.6573615074157715, 0.18546299636363983, 0.04722265526652336, 0.038512952625751495, -0.14513644576072693, -0.010880709625780582, -0.18863549828529358, 0.041794322431087494, -0.013449883088469505, -0.21419978141784668, -0.07154303789138794, 0.0627967119216919, -0.03356822207570076, -0.0781191810965538, -0.05345369130373001, -0.2513688802719116, 0.11911488324403763, 0.13112246990203857, -0.23652130365371704, -0.11028933525085449, -0.17188672721385956, -0.21215733885765076, -0.1518072932958603, -0.027628229930996895, 0.07075078040361404, -0.3480193614959717, -0.410683810710907, -0.13635794818401337, 0.09564678370952606, 0.11179905384778976, -0.009795968420803547, -0.02059837616980076, -0.03850493207573891, 0.13436897099018097, -0.3659627139568329, -0.8504981994628906, -0.40315255522727966, 0.32309889793395996, 0.2337370365858078, 0.29914551973342896, -0.638996958732605, 0.09657734632492065, -0.45591914653778076, 1.667784571647644, -0.770462155342102, 0.25866496562957764, -0.019396740943193436, 0.21868441998958588, 0.11526555567979813, 0.06041895970702171, -0.3414197564125061, -0.21776872873306274, -0.11768630146980286, -0.24160948395729065, -0.17294511198997498, 0.09941156208515167, 0.24835754930973053]], "pred_rotmat": [[[[0.86170893907547, -0.28338244557380676, 0.4208945631980896], [-0.14415404200553894, -0.932053804397583, -0.33240842819213867], [0.48649507761001587, 0.22576561570167542, -0.8440098166465759]], [[0.8936354517936707, -0.4380665421485901, -0.09753604233264923], [0.3409869074821472, 0.5214411020278931, 0.7821937203407288], [-0.2917936444282532, -0.7322546243667603, 0.6153532266616821]], [[0.9481775760650635, 0.27175888419151306, 0.16464024782180786], [-0.3164578676223755, 0.7611680030822754, 0.5661075115203857], [0.028525857254862785, -0.5888721346855164, 0.8077226877212524]], [[0.9973512291908264, -0.0383773073554039, -0.06178755685687065], [-0.002428480889648199, 0.8314343094825745, -0.5556178092956543], [0.07269541174173355, 0.5542961359024048, 0.8291388154029846]], [[0.9746131896972656, 0.20365972816944122, -0.09301495552062988], [-0.07556341588497162, -0.09186629951000214, -0.9929000735282898], [-0.21075871586799622, 0.974722146987915, -0.0741448849439621]], [[0.9855594635009766, 0.09301863610744476, 0.14149215817451477], [0.14935851097106934, -0.08386225253343582, -0.9852203726768494], [-0.07977800071239471, 0.9921263456344604, -0.09654436260461807]], [[0.9894284605979919, 0.008050109259784222, -0.1447979062795639], [-0.013629195280373096, 0.9992006421089172, -0.03757952153682709], [0.144379660487175, 0.03915572911500931, 0.9887472987174988]], [[0.9990391135215759, 0.00943630188703537, 0.04279812425374985], [-0.017295606434345245, 0.9821736812591553, 0.18717820942401886], [-0.0402689166367054, -0.1877385973930359, 0.9813931584358215]], [[0.995489776134491, -0.05459599941968918, -0.07758448272943497], [0.06985049694776535, 0.9752013683319092, 0.21000760793685913], [0.06419491022825241, -0.2144797444343567, 0.974616527557373]], [[0.9955237507820129, 0.0546739287674427, -0.07709149271249771], [-0.052053824067115784, 0.9980096220970154, 0.035597942769527435], [0.07888432592153549, -0.03142569586634636, 0.9963882565498352]], [[0.984432578086853, -0.14391885697841644, 0.10089574754238129], [0.11421225965023041, 0.9601259827613831, 0.2551736533641815], [-0.13359692692756653, -0.23967771232128143, 0.961616575717926]], [[0.9793146848678589, 0.18203991651535034, -0.08834052830934525], [-0.15616576373577118, 0.9576029777526855, 0.2420923411846161], [0.12866564095020294, -0.22328884899616241, 0.9662230610847473]], [[0.9881637096405029, 0.04332380369305611, -0.14715807139873505], [-0.011301049962639809, 0.977243959903717, 0.21181738376617432], [0.1529860645532608, -0.20764721930027008, 0.966166615486145]], [[0.8586350679397583, 0.378790020942688, -0.3453458249568939], [-0.40281373262405396, 0.9152787923812866, 0.0023989772889763117], [0.3169964551925659, 0.13705021142959595, 0.9384722709655762]], [[0.9892125725746155, -0.11755000054836273, 0.08740976452827454], [0.10455147922039032, 0.9845057725906372, 0.1407739520072937], [-0.10260340571403503, -0.1301165521144867, 0.986175537109375]], [[0.9990466833114624, 0.03859295696020126, -0.02040293626487255], [-0.03839121013879776, 0.9992108345031738, 0.010189201682806015], [0.020780066028237343, -0.009396195411682129, 0.9997398853302002]], [[0.6017305850982666, 0.708893895149231, -0.36795347929000854], [-0.754584014415741, 0.6555626392364502, 0.02899305708706379], [0.261769562959671, 0.26020580530166626, 0.9293920397758484]], [[0.9225949645042419, -0.28481268882751465, 0.2601926028728485], [0.15800777077674866, 0.8942961096763611, 0.41865018010139465], [-0.35192611813545227, -0.34513211250305176, 0.8700757026672363]], [[0.7998549938201904, -0.1802239865064621, -0.5724956393241882], [-0.002986115636304021, 0.9526454210281372, -0.3040687143802643], [0.6001858115196228, 0.24492043256759644, 0.7614400386810303]], [[-0.2401624619960785, 0.10670837759971619, 0.9648498892784119], [-0.6654969453811646, 0.7055040597915649, -0.24367579817771912], [-0.7067076563835144, -0.7006264328956604, -0.09842149168252945]], [[0.9761307239532471, -0.21699781715869904, 0.008985976688563824], [0.21202848851680756, 0.9431829452514648, -0.2558317184448242], [0.04703950136899948, 0.2516304850578308, 0.966679573059082]], [[0.9405567049980164, 0.3373170495033264, 0.039624519646167755], [-0.33042994141578674, 0.9357923865318298, -0.1229177713394165], [-0.07854257524013519, 0.10251802951097488, 0.9916254281997681]], [[0.9642460942268372, 0.24950717389583588, -0.08930724114179611], [-0.22413325309753418, 0.9476261734962463, 0.2275279313325882], [0.14139971137046814, -0.1993761658668518, 0.9696676731109619]], [[0.9645195007324219, -0.2527024447917938, 0.07644367218017578], [0.23565460741519928, 0.9545902013778687, 0.18227581679821014], [-0.11903392523527145, -0.1577942669391632, 0.9802713394165039]]]], "pred_betas": [[0.06457623094320297, 0.5037675499916077, 0.44316837191581726, 0.5702863931655884, 0.06432367861270905, 0.0804581493139267, -0.4744913876056671, 0.3012765049934387, 0.6365143656730652, -0.04816073551774025]], "pred_camera": [1.2293044328689575, 0.009560154750943184, 0.3395201563835144]}