{"pred_joints_img": [[390.6647644042969, 150.7898712158203, -47.18293762207031], [386.6252136230469, 180.27008056640625, -9.467016220092773], [345.1629943847656, 200.00985717773438, -13.24531364440918], [297.6645202636719, 224.98318481445312, -42.68098068237305], [307.041015625, 169.30630493164062, -66.59551239013672], [427.8516540527344, 205.18690490722656, -0.4992083013057709], [439.693603515625, 266.5778503417969, 7.223620414733887], [438.3289794921875, 318.2342834472656, -22.99852180480957], [396.34356689453125, 299.1192932128906, 5.987617015838623], [387.9588317871094, 322.49090576171875, -4.039132595062256], [401.978515625, 377.30718994140625, -77.18286895751953], [358.95654296875, 441.11859130859375, -19.36815071105957], [415.0301208496094, 318.2289123535156, 11.550518989562988], [493.6596374511719, 337.1690673828125, -28.747234344482422], [463.9466857910156, 423.1132507324219, 2.6494784355163574], [382.6803894042969, 141.5790557861328, -38.96194839477539], [398.6657409667969, 142.52243041992188, -38.46213912963867], [371.77978515625, 146.91615295410156, -17.092802047729492], [406.81915283203125, 148.53367614746094, -15.796907424926758], [501.177001953125, 440.71185302734375, -20.53910255432129], [499.5970764160156, 439.9749755859375, -0.9650312066078186], [453.0029602050781, 427.5738525390625, 14.254630088806152], [374.501708984375, 472.99920654296875, -51.02247619628906], [354.7115783691406, 467.4045104980469, -48.9798469543457], [349.19281005859375, 442.734619140625, -5.09547233581543], [358.95654296875, 441.11859130859375, -19.36815071105957], [401.978515625, 377.30718994140625, -77.18286895751953], [365.7526550292969, 298.4715576171875, -5.597609996795654], [420.47235107421875, 288.73211669921875, 24.783294677734375], [493.6596374511719, 337.1690673828125, -28.747234344482422], [463.9466857910156, 423.1132507324219, 2.6494784355163574], [307.041015625, 169.30630493164062, -66.59551239013672], [297.6645202636719, 224.98318481445312, -42.68098068237305], [345.1629943847656, 200.00985717773438, -13.24531364440918], [427.8516540527344, 205.18690490722656, -0.4992083013057709], [439.693603515625, 266.5778503417969, 7.223620414733887], [438.3289794921875, 318.2342834472656, -22.99852180480957], [387.3952941894531, 181.00973510742188, -10.986196517944336], [391.32537841796875, 115.14041137695312, -18.3581485748291], [391.2847900390625, 295.32269287109375, 13.580418586730957], [386.8971252441406, 195.6068115234375, -6.726079940795898], [384.5916748046875, 236.72703552246094, 7.564426898956299], [391.12103271484375, 159.8199005126953, -29.60622215270996], [390.0399475097656, 130.5055389404297, -16.387001037597656], [390.6647644042969, 150.7898712158203, -47.18293762207031], [398.6657409667969, 142.52243041992188, -38.46213912963867], [382.6803894042969, 141.5790557861328, -38.96194839477539], [406.81915283203125, 148.53367614746094, -15.796907424926758], [371.77978515625, 146.91615295410156, -17.092802047729492]], "pred_body_pose": [[2.8004367351531982, -0.3133407235145569, 0.6894084215164185, -0.9054788947105408, 0.13271503150463104, 0.44411638379096985, -0.6335064172744751, 0.09517136961221695, -0.2887604832649231, 0.5436649322509766, -0.07795952260494232, 0.02263910137116909, 1.6559972763061523, 0.11464325338602066, -0.25535571575164795, 1.6424261331558228, 0.19629104435443878, 0.05089250206947327, 0.014150269329547882, -0.15108869969844818, -0.013689577579498291, -0.18794487416744232, 0.06174116209149361, -0.015546560287475586, -0.21207945048809052, -0.08995725959539413, 0.06900380551815033, -0.032582201063632965, -0.08215121924877167, -0.056339919567108154, -0.24886979162693024, 0.10876394063234329, 0.14562177658081055, -0.23430152237415314, -0.09087501466274261, -0.19403721392154694, -0.232192263007164, -0.15493924915790558, -0.037333354353904724, 0.07363138347864151, -0.3339803218841553, -0.4352075755596161, -0.14490358531475067, 0.08077594637870789, 0.1200922280550003, 0.008816453628242016, -0.021656963974237442, -0.04663018137216568, 0.14350013434886932, -0.3323802053928375, -0.8395271301269531, -0.3950224220752716, 0.307835191488266, 0.20866698026657104, 0.23860865831375122, -0.5706048011779785, 0.08189389109611511, -0.4615529775619507, 1.670820951461792, -0.7524054050445557, 0.2566949129104614, -0.026200853288173676, 0.19322045147418976, 0.10056812316179276, 0.07632461190223694, -0.30946800112724304, -0.22954756021499634, -0.1161036491394043, -0.24381950497627258, -0.1727808266878128, 0.09786800295114517, 0.2499895691871643]], "pred_rotmat": [[[[0.8656808733940125, -0.26214951276779175, 0.42646709084510803], [-0.1489078253507614, -0.9482048749923706, -0.2805955708026886], [0.4779362082481384, 0.1794019341468811, -0.8598789572715759]], [[0.901523232460022, -0.4264713227748871, -0.07333547621965408], [0.31631192564964294, 0.5338022708892822, 0.7842205762863159], [-0.2953009307384491, -0.7301899194717407, 0.6161330938339233]], [[0.9556506872177124, 0.23665115237236023, 0.17529398202896118], [-0.2945024371147156, 0.7674531936645508, 0.5694593787193298], [0.00023328787938226014, -0.5958287715911865, 0.8031114935874939]], [[0.9967870712280273, -0.04217974841594696, -0.06809170544147491], [0.0008524333243258297, 0.8556483387947083, -0.51755690574646], [0.08009297400712967, 0.5158360004425049, 0.8529351353645325]], [[0.9692100286483765, 0.2257540076971054, -0.09832186251878738], [-0.07653934508562088, -0.10331189632415771, -0.991699755191803], [-0.23403799533843994, 0.9686907529830933, -0.08285186439752579]], [[0.9837241768836975, 0.09696296602487564, 0.15127778053283691], [0.15825092792510986, -0.06875073909759521, -0.9850026369094849], [-0.08510830998420715, 0.9929106831550598, -0.08297624439001083]], [[0.9885146617889404, 0.01256976556032896, -0.15060147643089294], [-0.014703578315675259, 0.9998065829277039, -0.013063413091003895], [0.15040813386440277, 0.0151277557015419, 0.9885082840919495]], [[0.9979797601699829, 0.009661770425736904, 0.06279291957616806], [-0.021227693185210228, 0.9822757840156555, 0.1862354874610901], [-0.05988059937953949, -0.18719221651554108, 0.9804964661598206]], [[0.9936040043830872, -0.05884746462106705, -0.09637465327978134], [0.07783379405736923, 0.9752500653266907, 0.20695243775844574], [0.08181074261665344, -0.21312996745109558, 0.9735926985740662]], [[0.9950429797172546, 0.05757392942905426, -0.08108390122652054], [-0.05489972606301308, 0.9978840351104736, 0.03483466058969498], [0.08291790634393692, -0.030210504308342934, 0.9960982799530029]], [[0.9836127161979675, -0.1567550152540207, 0.0890730544924736], [0.12990044057369232, 0.9587570428848267, 0.2528059482574463], [-0.12502799928188324, -0.2370924949645996, 0.9634081721305847]], [[0.9772378206253052, 0.20135053992271423, -0.0668146014213562], [-0.18023663759231567, 0.9541135430335999, 0.23912757635116577], [0.11189719289541245, -0.22164207696914673, 0.968686580657959]], [[0.9873836636543274, 0.05471105873584747, -0.14859353005886078], [-0.018972529098391533, 0.9725288152694702, 0.2320081889629364], [0.15720489621162415, -0.2262619435787201, 0.9612970948219299]], [[0.85332852602005, 0.4013381004333496, -0.3328036069869995], [-0.4253080487251282, 0.9050482511520386, 0.0009099329472519457], [0.30156847834587097, 0.14076757431030273, 0.9429957866668701]], [[0.9895631670951843, -0.12508641183376312, 0.071541927754879], [0.11342253535985947, 0.9823521971702576, 0.14872610569000244], [-0.08888298273086548, -0.1390593945980072, 0.9862871766090393]], [[0.9986785650253296, 0.04651359096169472, -0.021852653473615646], [-0.046704478561878204, 0.9988741874694824, -0.008307636715471745], [0.021441634744405746, 0.009317276068031788, 0.9997266530990601]], [[0.6199740767478943, 0.7051297426223755, -0.3441281318664551], [-0.7495951056480408, 0.6618717312812805, 0.0057415105402469635], [0.23181717097759247, 0.2543972134590149, 0.9389051198959351]], [[0.9325274229049683, -0.25790390372276306, 0.2527411878108978], [0.13925571739673615, 0.9026316404342651, 0.4072640538215637], [-0.333167165517807, -0.3445892930030823, 0.877643346786499]], [[0.8391714692115784, -0.14257970452308655, -0.5248448252677917], [0.01078774593770504, 0.96919846534729, -0.2460445761680603], [0.543759822845459, 0.2008117139339447, 0.8148618340492249]], [[-0.23511944711208344, 0.09443262219429016, 0.9673683047294617], [-0.6617697477340698, 0.713398814201355, -0.23048417270183563], [-0.7118845582008362, -0.6943663954734802, -0.10524128377437592]], [[0.9811537861824036, -0.19322526454925537, -0.001164088025689125], [0.18655765056610107, 0.9488321542739868, -0.25478172302246094], [0.050334785133600235, 0.2497628629207611, 0.9669979214668274]], [[0.9496732354164124, 0.3075406849384308, 0.059494517743587494], [-0.29993605613708496, 0.9475487470626831, -0.11040663719177246], [-0.09032849222421646, 0.08700566738843918, 0.9921042323112488]], [[0.9639160633087158, 0.2519334554672241, -0.08599568903446198], [-0.22555997967720032, 0.9445145130157471, 0.23877830803394318], [0.1413804292678833, -0.21076509356498718, 0.9672588109970093]], [[0.9642685651779175, -0.2541477084159851, 0.0748000293970108], [0.23738113045692444, 0.9542168974876404, 0.18199004232883453], [-0.11762779206037521, -0.15773117542266846, 0.980451226234436]]]], "pred_betas": [[0.07037783414125443, 0.4840296506881714, 0.4819290041923523, 0.6246338486671448, 0.018964990973472595, 0.06446491181850433, -0.4632733166217804, 0.2940175235271454, 0.5914327502250671, -0.05902523547410965]], "pred_camera": [1.2034803628921509, 0.019627057015895844, 0.3331037163734436]}