{"pred_joints_img": [[399.9110107421875, 152.51348876953125, -43.650367736816406], [388.29266357421875, 180.74310302734375, -6.389580726623535], [348.5083923339844, 201.98068237304688, -20.67824935913086], [320.16290283203125, 248.46664428710938, -49.20128631591797], [318.762939453125, 201.75567626953125, -89.10945129394531], [425.7801208496094, 202.15972900390625, 14.567975044250488], [445.2867126464844, 261.6786804199219, 23.183767318725586], [472.6777648925781, 293.5108337402344, -19.61621856689453], [393.0124206542969, 299.73193359375, 6.251842498779297], [386.6407470703125, 322.689208984375, -6.811845302581787], [406.9091491699219, 371.302490234375, -82.96232604980469], [362.5486145019531, 442.88836669921875, -35.85157775878906], [411.6423645019531, 319.01776123046875, 13.145127296447754], [494.0128173828125, 335.35064697265625, -20.451879501342773], [476.7257080078125, 423.4388732910156, 14.740470886230469], [390.8763427734375, 143.1326446533203, -36.78151321411133], [406.71661376953125, 144.12155151367188, -33.981048583984375], [376.7449035644531, 147.89207458496094, -16.492725372314453], [411.674560546875, 149.7185821533203, -10.021903038024902], [516.0692138671875, 438.60546875, -7.136233806610107], [514.2372436523438, 436.5828857421875, 12.474215507507324], [465.9466552734375, 428.8793640136719, 26.415205001831055], [381.437255859375, 472.98541259765625, -67.66525268554688], [361.2745666503906, 467.89776611328125, -66.71167755126953], [351.62664794921875, 445.605224609375, -22.242366790771484], [362.5486145019531, 442.88836669921875, -35.85157775878906], [406.9091491699219, 371.302490234375, -82.96232604980469], [363.86688232421875, 298.808837890625, -9.826336860656738], [414.58355712890625, 290.3396301269531, 29.4102840423584], [494.0128173828125, 335.35064697265625, -20.451879501342773], [476.7257080078125, 423.4388732910156, 14.740470886230469], [318.762939453125, 201.75567626953125, -89.10945129394531], [320.16290283203125, 248.46664428710938, -49.20128631591797], [348.5083923339844, 201.98068237304688, -20.67824935913086], [425.7801208496094, 202.15972900390625, 14.567975044250488], [445.2867126464844, 261.6786804199219, 23.183767318725586], [472.6777648925781, 293.5108337402344, -19.61621856689453], [389.437255859375, 181.40419006347656, -7.903539657592773], [396.86322021484375, 116.13592529296875, -15.314468383789062], [386.8356018066406, 296.7109680175781, 13.48338794708252], [387.64813232421875, 195.86532592773438, -3.4426863193511963], [381.7296142578125, 237.76876831054688, 9.757020950317383], [397.7593688964844, 161.25930786132812, -26.01974868774414], [395.00006103515625, 131.4512939453125, -13.265471458435059], [399.9110107421875, 152.51348876953125, -43.650367736816406], [406.71661376953125, 144.12155151367188, -33.981048583984375], [390.8763427734375, 143.1326446533203, -36.78151321411133], [411.674560546875, 149.7185821533203, -10.021903038024902], [376.7449035644531, 147.89207458496094, -16.492725372314453]], "pred_body_pose": [[2.680305242538452, -0.33908331394195557, 0.8763917684555054, -0.8749800324440002, 0.028539227321743965, 0.4414359927177429, -0.6290113925933838, 0.07114488631486893, -0.3482567071914673, 0.5967283844947815, -0.038804199546575546, -0.01984376646578312, 1.5789552927017212, 0.021429752930998802, -0.18438880145549774, 1.5998036861419678, 0.1697949916124344, 0.07695620507001877, 0.0522523857653141, -0.09612423926591873, 0.003370707156136632, -0.14677083492279053, 0.048759035766124725, -0.03859672322869301, -0.13777679204940796, -0.0570061132311821, 0.09477826952934265, -0.01789945363998413, -0.05067259445786476, -0.04031100496649742, -0.2553063929080963, 0.09791338443756104, 0.1627025157213211, -0.28167054057121277, -0.13158658146858215, -0.22856785356998444, -0.18613192439079285, -0.16795635223388672, -0.06444825977087021, 0.029180293902754784, -0.23272444307804108, -0.2961733639240265, -0.095526784658432, 0.0639214888215065, 0.19051852822303772, -0.015269721858203411, -0.1348246932029724, -0.004447245039045811, 0.011451292783021927, -0.3648633360862732, -0.828718900680542, -0.31973153352737427, 0.29155343770980835, 0.566716730594635, -0.05463260039687157, -0.8493040800094604, 0.23101605474948883, -0.5282842516899109, 1.6400383710861206, -0.7386186718940735, 0.042457353323698044, -0.01781381666660309, 0.2025899738073349, -0.11402761936187744, 0.0543958842754364, -0.31464168429374695, -0.11322633922100067, -0.10870245099067688, -0.21646326780319214, -0.10253935307264328, 0.08603909611701965, 0.2249162495136261]], "pred_rotmat": [[[[0.7860077023506165, -0.3118247091770172, 0.5338137745857239], [-0.12866759300231934, -0.9270786643028259, -0.3520933985710144], [0.6046788096427917, 0.20806361734867096, -0.7688127160072327]], [[0.9097506403923035, -0.38555219769477844, -0.15395908057689667], [0.3625182807445526, 0.5570294857025146, 0.7471939921379089], [-0.20232249796390533, -0.7355730533599854, 0.6465276479721069]], [[0.9395284056663513, 0.29732051491737366, 0.16996119916439056], [-0.3401583135128021, 0.7525805830955505, 0.5638393759727478], [0.03973150998353958, -0.5875568985939026, 0.8082068562507629]], [[0.9990782141685486, 0.00744432769715786, -0.04227621108293533], [-0.029917309060692787, 0.8270149827003479, -0.5613833069801331], [0.030783934518694878, 0.5621306300163269, 0.8264753818511963]], [[0.9861074090003967, 0.12960107624530792, -0.10390231758356094], [-0.10231735557317734, -0.018846778199076653, -0.994573175907135], [-0.130855992436409, 0.9913870692253113, -0.0053245085291564465]], [[0.9860698580741882, 0.06114053353667259, 0.15468694269657135], [0.15662521123886108, -0.02826526388525963, -0.9872535467147827], [-0.055988945066928864, 0.9977288246154785, -0.037447672337293625]], [[0.9953790307044983, -0.005872833076864481, -0.09584443271160126], [0.0008551274077035487, 0.9986305832862854, -0.05230994522571564], [0.09602038562297821, 0.05198625847697258, 0.994020938873291]], [[0.998070478439331, 0.034862834960222244, 0.0513792559504509], [-0.04200412333011627, 0.9885087013244629, 0.1452110856771469], [-0.045726366341114044, -0.14708904922008514, 0.9880657196044922]], [[0.9938995838165283, -0.09036911278963089, -0.06322216242551804], [0.09820280224084854, 0.9860536456108093, 0.13436666131019592], [0.05019785091280937, -0.13975556194782257, 0.98891282081604]], [[0.9979044795036316, 0.04073403403162956, -0.05027385056018829], [-0.03982735425233841, 0.999027669429779, 0.018906941637396812], [0.050995122641325, -0.016865046694874763, 0.9985564947128296]], [[0.9821220636367798, -0.17236489057540894, 0.07567474246025085], [0.14757715165615082, 0.9545586109161377, 0.2589186728000641], [-0.11686445772647858, -0.24312186241149902, 0.9629302024841309]], [[0.9656502604484558, 0.24124100804328918, -0.09655236452817917], [-0.20463454723358154, 0.9350215196609497, 0.2895849943161011], [0.1601383090019226, -0.2598798871040344, 0.9522700309753418]], [[0.9839086532592773, 0.07927484065294266, -0.16012237966060638], [-0.048186980187892914, 0.9807087779045105, 0.1894422471523285], [0.17205141484737396, -0.17867806553840637, 0.9687478542327881]], [[0.929900050163269, 0.28582265973091125, -0.23149770498275757], [-0.292533278465271, 0.9562391638755798, 0.005564343649893999], [0.222957581281662, 0.0625464916229248, 0.9728195071220398]], [[0.9798914790153503, -0.1919908970594406, 0.05433301255106926], [0.18590983748435974, 0.9773821830749512, 0.10080453008413315], [-0.0724576786160469, -0.08867646753787994, 0.9934214949607849]], [[0.9909152388572693, 0.005461384076625109, -0.13437701761722565], [-0.0034058084711432457, 0.9998737573623657, 0.015522198751568794], [0.13444481790065765, -0.014923520386219025, 0.9908087253570557]], [[0.6173094511032104, 0.7180604934692383, -0.32143133878707886], [-0.7219608426094055, 0.6793847680091858, 0.13118240237236023], [0.3125724792480469, 0.15108071267604828, 0.9378021955490112]], [[0.8053739666938782, -0.5645708441734314, 0.18064488470554352], [0.47523513436317444, 0.797120213508606, 0.37249287962913513], [-0.3542943298816681, -0.21414725482463837, 0.9102837443351746]], [[0.6371174454689026, -0.18048179149627686, -0.7493381500244141], [0.22395138442516327, 0.9736027717590332, -0.04408455267548561], [0.7375141382217407, -0.13972827792167664, 0.6607184410095215]], [[-0.1960400491952896, 0.05565110966563225, 0.9790154695510864], [-0.6962483525276184, 0.6951411962509155, -0.1789327710866928], [-0.6905118227005005, -0.7167158722877502, -0.09752851724624634]], [[0.979394257068634, -0.20151248574256897, -0.013400672934949398], [0.2007588893175125, 0.9786542654037476, -0.04395054280757904], [0.021971210837364197, 0.04035460576415062, 0.9989438056945801]], [[0.9495073556900024, 0.3055759370326996, 0.07112734764814377], [-0.3117193877696991, 0.94453364610672, 0.10337942093610764], [-0.03559190779924393, -0.1203312948346138, 0.9920955896377563]], [[0.9708380103111267, 0.22001062333583832, -0.09522999078035355], [-0.2077758014202118, 0.9703390598297119, 0.12357711791992188], [0.11959365755319595, -0.10018689185380936, 0.9877549409866333]], [[0.9711701273918152, -0.22674311697483063, 0.07359439879655838], [0.21797098219394684, 0.9696232080459595, 0.11099330335855484], [-0.09652580320835114, -0.09175193309783936, 0.9910925030708313]]]], "pred_betas": [[0.05880504846572876, 0.3443739116191864, 0.5386884212493896, 0.5277891159057617, 0.16936379671096802, 0.1261748969554901, -0.37520912289619446, 0.3324246406555176, 0.7000976800918579, -0.10576038807630539]], "pred_camera": [1.209338903427124, -0.057591263204813004, 0.31767529249191284]}