{"pred_joints_img": [[396.98651123046875, 154.39303588867188, -46.286678314208984], [387.58819580078125, 178.21795654296875, -7.415441036224365], [354.51519775390625, 200.51663208007812, -31.925201416015625], [325.83203125, 250.6304931640625, -47.71674728393555], [337.15338134765625, 283.29638671875, -96.4233169555664], [416.36669921875, 195.40609741210938, 25.514339447021484], [442.5875244140625, 246.2071075439453, 48.2056884765625], [484.3260192871094, 229.51377868652344, 10.927765846252441], [393.794677734375, 295.4574279785156, 6.648690223693848], [390.05755615234375, 318.40850830078125, -6.834841728210449], [432.7763366699219, 365.0918273925781, -69.92411804199219], [389.79840087890625, 435.25213623046875, -25.874509811401367], [411.6840515136719, 313.6995544433594, 16.450029373168945], [490.207763671875, 336.03466796875, -14.008567810058594], [465.81103515625, 420.7172546386719, 16.35662269592285], [388.56781005859375, 144.741943359375, -39.644622802734375], [404.30560302734375, 145.06248474121094, -38.47151565551758], [376.9627685546875, 147.3286895751953, -18.039648056030273], [411.9268493652344, 147.766845703125, -14.840980529785156], [504.6252746582031, 437.58709716796875, -3.3682918548583984], [501.5198974609375, 435.7562255859375, 15.902462005615234], [454.27593994140625, 425.41583251953125, 27.128076553344727], [418.2061767578125, 464.2154541015625, -48.98808288574219], [398.5042419433594, 461.1416320800781, -54.01556396484375], [376.49462890625, 438.45880126953125, -15.260449409484863], [389.79840087890625, 435.25213623046875, -25.874509811401367], [432.7763366699219, 365.0918273925781, -69.92411804199219], [367.4775695800781, 296.01873779296875, -13.531377792358398], [412.17840576171875, 285.4852600097656, 32.48384094238281], [490.207763671875, 336.03466796875, -14.008567810058594], [465.81103515625, 420.7172546386719, 16.35662269592285], [337.15338134765625, 283.29638671875, -96.4233169555664], [325.83203125, 250.6304931640625, -47.71674728393555], [354.51519775390625, 200.51663208007812, -31.925201416015625], [416.36669921875, 195.40609741210938, 25.514339447021484], [442.5875244140625, 246.2071075439453, 48.2056884765625], [484.3260192871094, 229.51377868652344, 10.927765846252441], [388.7823486328125, 178.93600463867188, -9.187589645385742], [395.8897399902344, 115.65283203125, -22.08612060546875], [386.9171142578125, 292.9385986328125, 12.790889739990234], [386.1128234863281, 192.169677734375, -3.9397170543670654], [379.5870056152344, 234.60498046875, 6.944314956665039], [397.07086181640625, 161.03582763671875, -28.40424156188965], [394.61151123046875, 130.4436492919922, -18.330568313598633], [396.98651123046875, 154.39303588867188, -46.286678314208984], [404.30560302734375, 145.06248474121094, -38.47151565551758], [388.56781005859375, 144.741943359375, -39.644622802734375], [411.9268493652344, 147.766845703125, -14.840980529785156], [376.9627685546875, 147.3286895751953, -18.039648056030273]], "pred_body_pose": [[2.627950668334961, -0.41763609647750854, 1.070736289024353, -0.8517330884933472, 0.011098957620561123, 0.2729022204875946, -0.6672768592834473, 0.0945764034986496, -0.20849046111106873, 0.5947242379188538, -0.033617373555898666, 0.0004124100087210536, 1.557321548461914, 0.02512531168758869, -0.2070382982492447, 1.6386048793792725, 0.11682496964931488, 0.11872537434101105, 0.023992717266082764, -0.027027089148759842, -0.04555699601769447, -0.14112715423107147, 0.10135765373706818, -0.01752334274351597, -0.1508660614490509, -0.06387907266616821, 0.02170286700129509, 0.014073395170271397, -0.010650897398591042, -0.03858300298452377, -0.2592213451862335, 0.06305035203695297, 0.13899968564510345, -0.2507847845554352, -0.05607372522354126, -0.19107766449451447, -0.09765548259019852, -0.4176861643791199, -0.07082502543926239, -0.006915078032761812, -0.049652133136987686, -0.23520831763744354, -0.015297535806894302, 0.0680563673377037, 0.17196659743785858, 0.018658870831131935, -0.24657072126865387, 0.10144375264644623, -0.07663064450025558, -0.33285030722618103, -0.7253623604774475, -0.041072096675634384, 0.10589402914047241, 0.714747428894043, -0.14629913866519928, -1.527665376663208, 0.542560875415802, -0.1209215372800827, 0.865851104259491, -0.1409926861524582, 0.0313635878264904, -0.074165478348732, 0.3349493443965912, -0.022786900401115417, 0.05807647109031677, -0.22823770344257355, -0.13868781924247742, -0.09557491540908813, -0.24291440844535828, -0.10251782834529877, 0.08774299919605255, 0.1994563639163971]], "pred_rotmat": [[[[0.6848479509353638, -0.3626219928264618, 0.6320511102676392], [-0.16109508275985718, -0.9212667346000671, -0.3539998233318329], [0.7106558680534363, 0.14061571657657623, -0.6893442273139954]], [[0.9651219844818115, -0.2423611432313919, -0.09899808466434479], [0.2335214763879776, 0.6260022521018982, 0.744035542011261], [-0.11835227161645889, -0.741203248500824, 0.6607650518417358]], [[0.9748625159263611, 0.16135522723197937, 0.15364767611026764], [-0.2218896448612213, 0.7656043767929077, 0.6038334965705872], [-0.020201629027724266, -0.6227474808692932, 0.782162070274353]], [[0.9994513392448425, -0.010092870332300663, -0.031545236706733704], [-0.009315970353782177, 0.8283191919326782, -0.5601789951324463], [0.0317833386361599, 0.560165524482727, 0.8277707099914551]], [[0.9823737144470215, 0.14762495458126068, -0.11466782540082932], [-0.1159125491976738, -0.0001724166504573077, -0.9932593703269958], [-0.14664964377880096, 0.9890434145927429, 0.016942206770181656]], [[0.9889938235282898, 0.004067645873874426, 0.1479010134935379], [0.14781612157821655, -0.07076433300971985, -0.9864800572395325], [0.006453456357121468, 0.9974848031997681, -0.07058674842119217]], [[0.9985974431037903, 0.0452071912586689, -0.0275582242757082], [-0.04585546255111694, 0.9986748695373535, -0.023363733664155006], [0.02646549418568611, 0.024594660848379135, 0.9993471503257751]], [[0.9947232604026794, 0.010300415568053722, 0.10207661986351013], [-0.024568401277065277, 0.9899137020111084, 0.13952511548995972], [-0.09960988163948059, -0.14129671454429626, 0.9849432706832886]], [[0.9977293610572815, -0.016796566545963287, -0.06522208452224731], [0.02641185186803341, 0.9884105920791626, 0.1494886428117752], [0.06195530295372009, -0.1508718580007553, 0.9866098761558533]], [[0.9991990327835083, 0.03849649056792259, -0.010919159278273582], [-0.03864636644721031, 0.9991568326950073, -0.013863732106983662], [0.010376245714724064, 0.014274614863097668, 0.9998443126678467]], [[0.9884394407272339, -0.14502333104610443, 0.04422333091497421], [0.12880219519138336, 0.9570669531822205, 0.259678453207016], [-0.07998412102460861, -0.2509803771972656, 0.9646820425987244]], [[0.980341374874115, 0.19479994475841522, -0.031364623457193375], [-0.18085725605487823, 0.9507215023040771, 0.2518320679664612], [0.07887588441371918, -0.24120888113975525, 0.9672626256942749]], [[0.911665678024292, 0.08869029581546783, -0.40124768018722534], [-0.0485394150018692, 0.9928374886512756, 0.10916782915592194], [0.4080559015274048, -0.08004823327064514, 0.909440815448761]], [[0.9712448120117188, 0.23311847448349, -0.04836557060480118], [-0.23277677595615387, 0.9724478125572205, 0.012659822590649128], [0.04998423159122467, -0.0010374051053076982, 0.9987494349479675]], [[0.9829469323158264, -0.1715003103017807, 0.06635485589504242], [0.17046219110488892, 0.9851394295692444, 0.021044820547103882], [-0.06897798180580139, -0.009374946355819702, 0.9975740909576416]], [[0.9646671414375305, -0.10252697020769119, -0.24270468950271606], [0.09795355796813965, 0.9947121143341064, -0.030869759619235992], [0.2445862740278244, 0.0060052527114748955, 0.9696089625358582]], [[0.6982283592224121, 0.6621948480606079, -0.2719837725162506], [-0.63802570104599, 0.7479363083839417, 0.18306958675384521], [0.3246542811393738, 0.04570826143026352, 0.9447276592254639]], [[0.7501577734947205, -0.6560493111610413, 0.08284067362546921], [0.6518866419792175, 0.7547167539596558, 0.07380001991987228], [-0.1109377071261406, -0.0013589335139840841, 0.9938264489173889]], [[-0.04837485030293465, -0.24362768232822418, -0.9686616659164429], [0.42193499207496643, 0.8740355968475342, -0.2408996820449829], [0.9053345322608948, -0.42036572098731995, 0.0605137012898922]], [[0.6397091150283813, 0.07425704598426819, 0.7650217413902283], [-0.1722913235425949, 0.9838478565216064, 0.0485721081495285], [-0.7490580677986145, -0.1628786325454712, 0.6421703100204468]], [[0.9417338967323303, -0.32951509952545166, -0.06750635802745819], [0.3272119164466858, 0.9439700245857239, -0.043045397847890854], [0.07790809124708176, 0.018448423594236374, 0.996789813041687]], [[0.9723965525627136, 0.22545543313026428, 0.06012439355254173], [-0.22677263617515564, 0.9738166332244873, 0.015978120267391205], [-0.054947782307863235, -0.02917163446545601, 0.9980630874633789]], [[0.9661763310432434, 0.24597176909446716, -0.07746680825948715], [-0.23281289637088776, 0.9611631631851196, 0.14820094406604767], [0.11091148853302002, -0.12515299022197723, 0.9859185218811035]], [[0.9763736128807068, -0.20201003551483154, 0.07672278583049774], [0.19305822253227234, 0.9749749302864075, 0.11023806780576706], [-0.09707199037075043, -0.09282159060239792, 0.9909394979476929]]]], "pred_betas": [[0.011745680123567581, -0.04305395483970642, 0.507998526096344, 0.7322379350662231, 0.3266405165195465, 0.14768940210342407, -0.47630131244659424, 0.2987115979194641, 0.8205640316009521, -0.06488732993602753]], "pred_camera": [1.210949420928955, -0.07526742666959763, 0.3109535574913025]}