{"pred_joints_img": [[395.52056884765625, 148.84872436523438, -46.12615966796875], [384.498046875, 178.21688842773438, -10.555815696716309], [354.6014404296875, 205.52435302734375, -39.255577087402344], [329.38897705078125, 261.2277526855469, -40.198577880859375], [328.8285827636719, 316.89453125, -65.56489562988281], [408.8886413574219, 191.63656616210938, 27.41895866394043], [447.5097351074219, 225.9198455810547, 63.11396408081055], [478.4677734375, 183.74227905273438, 34.11885452270508], [392.613525390625, 295.30450439453125, 6.9071364402771], [393.3750305175781, 318.77392578125, -7.452948093414307], [463.3089904785156, 346.4117126464844, -59.30754089355469], [492.7883605957031, 434.76226806640625, -38.742916107177734], [411.4679870605469, 311.988525390625, 19.16303825378418], [495.8360290527344, 329.6728820800781, -3.425997257232666], [487.0810546875, 421.74066162109375, 19.433801651000977], [386.298583984375, 140.58384704589844, -37.969181060791016], [402.3623352050781, 140.45590209960938, -36.13577651977539], [373.71234130859375, 147.19773864746094, -17.105628967285156], [409.6809997558594, 146.87347412109375, -12.305506706237793], [530.3291015625, 435.196044921875, 3.8802762031555176], [524.8269653320312, 434.56658935546875, 23.213838577270508], [474.1484680175781, 429.333984375, 28.06509780883789], [535.69677734375, 435.2675476074219, -61.32401657104492], [518.13671875, 444.771240234375, -68.63658905029297], [484.78839111328125, 448.0397644042969, -29.885597229003906], [492.7883605957031, 434.76226806640625, -38.742916107177734], [463.3089904785156, 346.4117126464844, -59.30754089355469], [368.26678466796875, 299.0247497558594, -17.0698184967041], [406.2371826171875, 283.84747314453125, 35.795413970947266], [495.8360290527344, 329.6728820800781, -3.425997257232666], [487.0810546875, 421.74066162109375, 19.433801651000977], [328.8285827636719, 316.89453125, -65.56489562988281], [329.38897705078125, 261.2277526855469, -40.198577880859375], [354.6014404296875, 205.52435302734375, -39.255577087402344], [408.8886413574219, 191.63656616210938, 27.41895866394043], [447.5097351074219, 225.9198455810547, 63.11396408081055], [478.4677734375, 183.74227905273438, 34.11885452270508], [385.6807556152344, 178.8195037841797, -11.89179801940918], [391.9734191894531, 114.09878540039062, -15.023983001708984], [384.0532531738281, 294.1811828613281, 12.31708812713623], [382.5254211425781, 192.3300018310547, -6.679909706115723], [375.3119812011719, 235.1936492919922, 4.711319446563721], [395.4748840332031, 158.714599609375, -29.0052433013916], [391.0946960449219, 129.46896362304688, -13.743034362792969], [395.52056884765625, 148.84872436523438, -46.12615966796875], [402.3623352050781, 140.45590209960938, -36.13577651977539], [386.298583984375, 140.58384704589844, -37.969181060791016], [409.6809997558594, 146.87347412109375, -12.305506706237793], [373.71234130859375, 147.19773864746094, -17.105628967285156]], "pred_body_pose": [[2.498687505722046, -0.5771339535713196, 1.214332103729248, -0.8199597001075745, 0.007667603902518749, 0.22151845693588257, -0.8334417939186096, 0.04723057150840759, -0.012499424628913403, 0.7159759998321533, -0.0442720390856266, -0.05007053539156914, 1.400675654411316, 0.04002608358860016, -0.1635705828666687, 1.0423157215118408, -0.024340134114027023, 0.1625269204378128, -0.009908081963658333, -0.01285750512033701, -0.03292734548449516, -0.017962107434868813, 0.13528142869472504, -0.11047641187906265, 0.056982289999723434, -0.06537191569805145, 0.07192657887935638, 0.008118774741888046, -0.018635578453540802, -0.024212978780269623, -0.22716085612773895, 0.01675250194966793, 0.18793310225009918, -0.1719290316104889, -0.06162899732589722, -0.24567966163158417, -0.16507694125175476, -0.4203321933746338, -0.12270227819681168, -0.04180791229009628, -0.012255707755684853, -0.15260840952396393, 0.007075804751366377, 0.073946513235569, 0.29264307022094727, -0.08040857315063477, -0.3622119426727295, 0.09766893088817596, -0.25502505898475647, -0.3065483272075653, -0.4711042046546936, 0.04807237163186073, 0.003850033273920417, 0.856921911239624, -0.2918146550655365, -1.6661736965179443, 0.7225257158279419, -0.023470569401979446, 0.48782145977020264, -0.10039671510457993, 0.09237214922904968, -0.12860766053199768, 0.3480430543422699, 0.08455542474985123, 0.06090521812438965, -0.17441615462303162, -0.15686970949172974, -0.09132074564695358, -0.22677960991859436, -0.15710392594337463, 0.0922689437866211, 0.19208203256130219]], "pred_rotmat": [[[[0.561253011226654, -0.47817444801330566, 0.6755325794219971], [-0.22184431552886963, -0.8732607960700989, -0.4338209927082062], [0.7973582744598389, 0.09362026304006577, -0.5962005257606506]], [[0.9768771529197693, -0.19878579676151276, -0.07870925217866898], [0.1928676962852478, 0.6604691743850708, 0.7256600260734558], [-0.09226588159799576, -0.7240612506866455, 0.6835365891456604]], [[0.9988742470741272, -0.007467830553650856, 0.04684509336948395], [-0.02966213971376419, 0.6723242402076721, 0.739662230014801], [-0.03701876476407051, -0.7402191162109375, 0.6713458299636841]], [[0.9978610873222351, 0.030688002705574036, -0.05771951004862785], [-0.06104317307472229, 0.753344714641571, -0.6547865867614746], [0.02338859811425209, 0.6569094061851501, 0.7536066770553589]], [[0.9880223274230957, 0.1381435990333557, -0.06876251101493835], [-0.09078297764062881, 0.16002874076366425, -0.9829289317131042], [-0.12478134781122208, 0.977398157119751, 0.1706530600786209]], [[0.9877036213874817, -0.14555266499519348, 0.05706077814102173], [0.12245089560747147, 0.49333080649375916, -0.8611797094345093], [0.09719716012477875, 0.8575775027275085, 0.505087673664093]], [[0.9993752837181091, 0.03298364207148552, -0.012691511772572994], [-0.03285626322031021, 0.9994088411331177, 0.010117514058947563], [0.01301772240549326, -0.00969419814646244, 0.9998682141304016]], [[0.9847860932350159, 0.1086977869272232, 0.1355770379304886], [-0.11112147569656372, 0.9937522411346436, 0.010416433215141296], [-0.1335977464914322, -0.02532348223030567, 0.99071204662323]], [[0.9952815771102905, -0.0736350566148758, -0.06318658590316772], [0.06991393119096756, 0.9957942366600037, -0.059210311621427536], [0.06728079169988632, 0.05451330170035362, 0.9962437748908997]], [[0.9995332360267639, 0.02413330040872097, -0.018730757758021355], [-0.024284588173031807, 0.9996739029884338, -0.007891829125583172], [0.01853419467806816, 0.008343013934791088, 0.9997933506965637]], [[0.982329249382019, -0.18710261583328247, -0.004680769983679056], [0.1833246648311615, 0.9568544626235962, 0.2254365235567093], [-0.037700947374105453, -0.22231099009513855, 0.974246621131897]], [[0.9681714773178101, 0.24711690843105316, -0.03971557691693306], [-0.23660357296466827, 0.9553909301757812, 0.1767677217721939], [0.08162619918584824, -0.1617446094751358, 0.9834510087966919]], [[0.9058692455291748, 0.15233780443668365, -0.3952140510082245], [-0.08420766144990921, 0.9792301654815674, 0.18443834781646729], [0.41510239243507385, -0.13379697501659393, 0.8998824954032898]], [[0.9883047938346863, 0.15222424268722534, -0.009020894765853882], [-0.15171292424201965, 0.9875076413154602, 0.042565830051898956], [0.015387753956019878, -0.04069942981004715, 0.9990529417991638]], [[0.9547910094261169, -0.2879575490951538, 0.07385566085577011], [0.2884767949581146, 0.9574794173240662, 0.00376923312433064], [-0.07180065661668777, 0.017706815153360367, 0.9972618222236633]], [[0.9304905533790588, -0.08090560883283615, -0.3572694659233093], [0.10967503488063812, 0.9920952320098877, 0.06097780540585518], [0.3495119512081146, -0.09592282027006149, 0.9320085644721985]], [[0.8469956517219543, 0.47962120175361633, -0.2292637825012207], [-0.40389418601989746, 0.8610092401504517, 0.3090834617614746], [0.34564119577407837, -0.1691940277814865, 0.9229872822761536]], [[0.654827892780304, -0.7554352879524231, 0.022757839411497116], [0.7556092739105225, 0.6537485718727112, -0.040833182632923126], [0.015968922525644302, 0.043934743851423264, 0.998906672000885]], [[-0.2335219830274582, -0.19688042998313904, -0.9522109627723694], [0.5605694055557251, 0.7729068994522095, -0.2972823977470398], [0.7944995760917664, -0.6032022833824158, -0.07012560963630676]], [[0.878523588180542, 0.09068125486373901, 0.46901312470436096], [-0.10189544409513474, 0.9947940111160278, -0.0014745972584933043], [-0.46670517325401306, -0.04649484157562256, 0.8831900358200073]], [[0.9319976568222046, -0.3454916775226593, -0.10961677134037018], [0.3337559401988983, 0.9359528422355652, -0.1122467964887619], [0.14137645065784454, 0.06802850216627121, 0.9876157641410828]], [[0.9829934239387512, 0.17578470706939697, 0.05313846096396446], [-0.17065253853797913, 0.9812792539596558, -0.08926805108785629], [-0.06783562898635864, 0.07868169248104095, 0.9945891499519348]], [[0.9703252911567688, 0.23071636259555817, -0.0723792165517807], [-0.21649135649204254, 0.9622480273246765, 0.16495518386363983], [0.10770462453365326, -0.14439071714878082, 0.9836416840553284]], [[0.9774277806282043, -0.19705167412757874, 0.07619433850049973], [0.18264032900333405, 0.9693908095359802, 0.1640850454568863], [-0.10619533061981201, -0.14646512269973755, 0.9834991097450256]]]], "pred_betas": [[-0.004635410383343697, -0.1528804898262024, 0.37510770559310913, 0.6913440227508545, 0.23124170303344727, 0.2172289490699768, -0.15202464163303375, 0.1794017255306244, 0.6854106783866882, -0.21633771061897278]], "pred_camera": [1.1744853258132935, -0.0817476436495781, 0.27997949719429016]}