{"pred_joints_img": [[398.2382507324219, 151.44644165039062, -43.51426315307617], [390.7077941894531, 179.40499877929688, -6.07206916809082], [354.9902648925781, 199.86541748046875, -28.952281951904297], [327.7382507324219, 250.00326538085938, -49.82738494873047], [333.01513671875, 270.8713684082031, -106.62736511230469], [422.17913818359375, 199.2596893310547, 23.275644302368164], [450.5657653808594, 253.12692260742188, 37.118160247802734], [495.41412353515625, 241.75677490234375, -0.023070329800248146], [391.5139465332031, 297.86688232421875, 6.4323248863220215], [386.2784729003906, 320.49951171875, -7.325323104858398], [423.47454833984375, 366.3233337402344, -76.5037841796875], [368.8741455078125, 431.2947692871094, -33.98515319824219], [408.98944091796875, 317.2746887207031, 15.041425704956055], [489.2485046386719, 331.3331604003906, -20.11595344543457], [470.29595947265625, 419.0124206542969, 10.625977516174316], [389.7885437011719, 142.63372802734375, -35.44999313354492], [405.7271728515625, 142.7032012939453, -34.85908889770508], [378.89654541015625, 147.86795043945312, -13.665902137756348], [414.3186340332031, 147.81805419921875, -11.776652336120605], [509.21868896484375, 433.61871337890625, -11.65581226348877], [507.1630859375, 432.4830017089844, 8.055776596069336], [459.411376953125, 424.61492919921875, 21.973493576049805], [393.3745422363281, 463.244873046875, -58.79189682006836], [373.93109130859375, 457.4288635253906, -63.362152099609375], [355.0301513671875, 432.87738037109375, -23.34922981262207], [368.8741455078125, 431.2947692871094, -33.98515319824219], [423.47454833984375, 366.3233337402344, -76.5037841796875], [364.1976013183594, 296.6866760253906, -12.545196533203125], [410.91522216796875, 289.3039855957031, 31.984920501708984], [489.2485046386719, 331.3331604003906, -20.11595344543457], [470.29595947265625, 419.0124206542969, 10.625977516174316], [333.01513671875, 270.8713684082031, -106.62736511230469], [327.7382507324219, 250.00326538085938, -49.82738494873047], [354.9902648925781, 199.86541748046875, -28.952281951904297], [422.17913818359375, 199.2596893310547, 23.275644302368164], [450.5657653808594, 253.12692260742188, 37.118160247802734], [495.41412353515625, 241.75677490234375, -0.023070329800248146], [391.590576171875, 179.89285278320312, -7.677432060241699], [397.3157043457031, 115.32618713378906, -15.10657787322998], [384.72271728515625, 295.2301025390625, 13.1170072555542], [389.23040771484375, 193.674560546875, -3.1592726707458496], [380.8573303222656, 236.1847686767578, 8.10575008392334], [399.0550537109375, 160.01576232910156, -26.063501358032227], [396.4216003417969, 130.50050354003906, -12.845645904541016], [398.2382507324219, 151.44644165039062, -43.51426315307617], [405.7271728515625, 142.7032012939453, -34.85908889770508], [389.7885437011719, 142.63372802734375, -35.44999313354492], [414.3186340332031, 147.81805419921875, -11.776652336120605], [378.89654541015625, 147.86795043945312, -13.665902137756348]], "pred_body_pose": [[2.6435976028442383, -0.3407020568847656, 1.0244715213775635, -0.9595887064933777, -0.017393453046679497, 0.33929163217544556, -0.6766018271446228, 0.1264611780643463, -0.24890705943107605, 0.6227318048477173, -0.03397911787033081, -0.006369997747242451, 1.6058355569839478, 0.010718567296862602, -0.20098303258419037, 1.7222481966018677, 0.1741180717945099, 0.07573471963405609, 0.00836763996630907, -0.048172809183597565, -0.03322633355855942, -0.14808280766010284, 0.08762871474027634, -0.03474653884768486, -0.16831649839878082, -0.043454062193632126, 0.02940780483186245, 0.0034322107676416636, -0.02511855959892273, -0.03408003970980644, -0.2633998394012451, 0.064536452293396, 0.16045346856117249, -0.2687889039516449, -0.07670114189386368, -0.17795167863368988, -0.17700204253196716, -0.38946348428726196, -0.05159416049718857, -0.009450933896005154, -0.1234835758805275, -0.24005313217639923, -0.03988851606845856, 0.10934697091579437, 0.1655847132205963, -0.009784591384232044, -0.23017571866512299, 0.09956306219100952, -0.11734157055616379, -0.374759316444397, -0.7118298411369324, -0.11471795290708542, 0.1731373816728592, 0.7006622552871704, -0.26647108793258667, -1.3328975439071655, 0.4952729046344757, -0.3364342153072357, 0.8733822107315063, -0.22218528389930725, 0.03290397673845291, -0.03748017176985741, 0.36220479011535645, -0.046045899391174316, 0.027390312403440475, -0.28813254833221436, -0.14128954708576202, -0.098178431391716, -0.2401828020811081, -0.1013583242893219, 0.09050799906253815, 0.19899173080921173]], "pred_rotmat": [[[[0.7199143767356873, -0.3176474869251251, 0.6171088814735413], [-0.1151990219950676, -0.9314789175987244, -0.3450743854045868], [0.6844358444213867, 0.17733366787433624, -0.7071777582168579]], [[0.9471038579940796, -0.2760072648525238, -0.16375088691711426], [0.29130542278289795, 0.5252462029457092, 0.799535870552063], [-0.13466815650463104, -0.8049449324607849, 0.5778651237487793]], [[0.962735652923584, 0.18636435270309448, 0.19598083198070526], [-0.26817581057548523, 0.7515243291854858, 0.6027379035949707], [-0.03495550528168678, -0.6328345537185669, 0.7734977006912231]], [[0.9994214773178101, -0.004276416730135679, -0.033738575875759125], [-0.016206372529268265, 0.8122872710227966, -0.5830321907997131], [0.029898710548877716, 0.5832417607307434, 0.8117480278015137]], [[0.9837979674339294, 0.1309298574924469, -0.12247033417224884], [-0.11716138571500778, -0.04753923416137695, -0.9919744729995728], [-0.13570120930671692, 0.9902511835098267, -0.03142907842993736]], [[0.9860555529594421, 0.07284679263830185, 0.14962545037269592], [0.1591227650642395, -0.1494547724723816, -0.9758807420730591], [-0.04872754216194153, 0.9860814809799194, -0.15896229445934296]], [[0.9982882142066956, 0.0330054946243763, -0.04828372597694397], [-0.03340847045183182, 0.9994131326675415, -0.007562697399407625], [0.048005785793066025, 0.009162836708128452, 0.9988049864768982]], [[0.9955683350563049, 0.02809685654938221, 0.08974544703960419], [-0.04103986918926239, 0.9884617924690247, 0.1458049714565277], [-0.08461327850818634, -0.1488419473171234, 0.9852343797683716]], [[0.9986270666122437, -0.025608142837882042, -0.04569779708981514], [0.032903242856264114, 0.9854401350021362, 0.1668085753917694], [0.040760789066553116, -0.16808316111564636, 0.9849298000335693]], [[0.9991039633750916, 0.03402669355273247, -0.025169482454657555], [-0.03411289304494858, 0.9994134902954102, -0.0030032224021852016], [0.02505253069102764, 0.003859135089442134, 0.9996787309646606]], [[0.9851681590080261, -0.16624070703983307, 0.042516328394412994], [0.14938202500343323, 0.9528298377990723, 0.264197438955307], [-0.08443120121955872, -0.25392773747444153, 0.9635310173034668]], [[0.9813961982727051, 0.18492728471755981, -0.051607534289360046], [-0.16449880599975586, 0.9485164880752563, 0.2706594169139862], [0.0990029126405716, -0.2571347653865814, 0.9612907767295837]], [[0.9240149259567261, 0.08395019918680191, -0.3730267584323883], [-0.0160744059830904, 0.9832654595375061, 0.18146774172782898], [0.3820185959339142, -0.16168268024921417, 0.9099014401435852]], [[0.9637841582298279, 0.23772460222244263, -0.12085994333028793], [-0.23656465113162994, 0.9713175892829895, 0.024067839607596397], [0.12311491370201111, 0.005394989158958197, 0.992377758026123]], [[0.980379581451416, -0.1666298508644104, 0.10531070083379745], [0.1622830480337143, 0.9855448007583618, 0.048638954758644104], [-0.11189310997724533, -0.03059449978172779, 0.9932491779327393]], [[0.9687178730964661, -0.09740091860294342, -0.22825142741203308], [0.09964130073785782, 0.9950219392776489, -0.001716285478323698], [0.2272823452949524, -0.02108067274093628, 0.9736006855964661]], [[0.6938600540161133, 0.6567735075950623, -0.29530802369117737], [-0.6151678562164307, 0.7537853121757507, 0.23103275895118713], [0.37433505058288574, 0.021359607577323914, 0.9270474314689636]], [[0.7509350180625916, -0.6494369506835938, 0.11970046162605286], [0.6304433941841125, 0.758975625038147, 0.1627795696258545], [-0.19656479358673096, -0.04677253216505051, 0.9793746471405029]], [[0.1535133421421051, -0.19101759791374207, -0.9695080518722534], [0.48841342329978943, 0.8675779700279236, -0.09359870105981827], [0.859002947807312, -0.45915213227272034, 0.22648034989833832]], [[0.6242825388908386, 0.05353735014796257, 0.7793620228767395], [-0.32540202140808105, 0.9248002171516418, 0.197124645113945], [-0.7102006077766418, -0.37666743993759155, 0.5947577953338623]], [[0.9344367384910583, -0.35479849576950073, -0.030757779255509377], [0.3535788953304291, 0.9345960021018982, -0.03888823464512825], [0.04254358261823654, 0.025463292375206947, 0.9987701177597046]], [[0.9584137201309204, 0.28339943289756775, 0.033586207777261734], [-0.28465166687965393, 0.9577335119247437, 0.04147171601653099], [-0.020413579419255257, -0.04930742457509041, 0.9985750317573547]], [[0.9665808081626892, 0.24358928203582764, -0.0799117386341095], [-0.22981831431388855, 0.9614563584327698, 0.15094788372516632], [0.11360093206167221, -0.12753814458847046, 0.9853065609931946]], [[0.9762207269668579, -0.20163637399673462, 0.07959865033626556], [0.19250690937042236, 0.9751848578453064, 0.10934199392795563], [-0.09967070817947388, -0.09141862392425537, 0.9908120632171631]]]], "pred_betas": [[0.09387604892253876, 0.12946853041648865, 0.47200483083724976, 0.7069220542907715, 0.30141669511795044, 0.143233984708786, -0.3999805450439453, 0.32139158248901367, 0.7551817297935486, -0.20173028111457825]], "pred_camera": [1.2495629787445068, -0.1020888015627861, 0.35154226422309875]}