{"pred_joints_img": [[397.6650085449219, 153.1982421875, -46.2570686340332], [386.41436767578125, 178.01614379882812, -7.958931922912598], [354.2156677246094, 202.71267700195312, -33.87397766113281], [327.9512023925781, 255.48233032226562, -46.471717834472656], [339.42138671875, 296.474609375, -89.07243347167969], [413.90679931640625, 193.7398681640625, 27.229564666748047], [441.94891357421875, 240.83883666992188, 56.05550003051758], [482.2205810546875, 218.99423217773438, 18.98841667175293], [393.4952087402344, 296.5528564453125, 6.877833366394043], [390.10174560546875, 319.70819091796875, -6.896850109100342], [436.49810791015625, 362.5492858886719, -71.26026916503906], [400.54736328125, 441.85516357421875, -35.236080169677734], [411.17205810546875, 315.0451354980469, 17.31209373474121], [491.18475341796875, 339.6790466308594, -9.507041931152344], [466.5639953613281, 426.12152099609375, 18.34108543395996], [388.90966796875, 143.52713012695312, -39.70009994506836], [404.7223815917969, 143.98097229003906, -37.78575897216797], [376.079345703125, 146.49603271484375, -18.55449676513672], [411.3424377441406, 147.24826049804688, -13.624396324157715], [507.12017822265625, 442.640869140625, 0.6019523739814758], [502.78680419921875, 441.07757568359375, 19.950632095336914], [454.19158935546875, 431.37030029296875, 28.23657989501953], [432.0166931152344, 466.4300537109375, -60.58676528930664], [411.8803405761719, 464.6356201171875, -65.63300323486328], [387.4302978515625, 447.2901916503906, -24.984331130981445], [400.54736328125, 441.85516357421875, -35.236080169677734], [436.49810791015625, 362.5492858886719, -71.26026916503906], [367.2657775878906, 297.11322021484375, -14.168684005737305], [411.21820068359375, 286.46734619140625, 33.7236213684082], [491.18475341796875, 339.6790466308594, -9.507041931152344], [466.5639953613281, 426.12152099609375, 18.34108543395996], [339.42138671875, 296.474609375, -89.07243347167969], [327.9512023925781, 255.48233032226562, -46.471717834472656], [354.2156677246094, 202.71267700195312, -33.87397766113281], [413.90679931640625, 193.7398681640625, 27.229564666748047], [441.94891357421875, 240.83883666992188, 56.05550003051758], [482.2205810546875, 218.99423217773438, 18.98841667175293], [387.6382141113281, 178.71377563476562, -9.565597534179688], [395.649169921875, 114.57147216796875, -21.126970291137695], [386.1842956542969, 293.9809875488281, 12.99596881866455], [384.76507568359375, 192.20303344726562, -4.203645706176758], [379.14105224609375, 235.08346557617188, 6.674114227294922], [396.9112548828125, 160.34262084960938, -28.331737518310547], [394.0888671875, 129.55662536621094, -17.694944381713867], [397.6650085449219, 153.1982421875, -46.2570686340332], [404.7223815917969, 143.98097229003906, -37.78575897216797], [388.90966796875, 143.52713012695312, -39.70009994506836], [411.3424377441406, 147.24826049804688, -13.624396324157715], [376.079345703125, 146.49603271484375, -18.55449676513672]], "pred_body_pose": [[2.6187984943389893, -0.41715455055236816, 1.118856430053711, -0.8340315222740173, 0.027439484372735023, 0.27211153507232666, -0.7286617159843445, 0.09662429988384247, -0.2145334631204605, 0.5936530232429504, -0.03653426095843315, 0.0028104037046432495, 1.5125006437301636, 0.034443460404872894, -0.19253401458263397, 1.542863130569458, 0.10301389545202255, 0.12763597071170807, 0.0031094932928681374, -0.01150593813508749, -0.03138316050171852, -0.13346703350543976, 0.11752134561538696, -0.040903352200984955, -0.12590640783309937, -0.07187740504741669, 0.03253069147467613, 0.018323596566915512, -0.006623169407248497, -0.03348531946539879, -0.24810373783111572, 0.05325068160891533, 0.16146671772003174, -0.2416120320558548, -0.06564340740442276, -0.19955694675445557, -0.11009299755096436, -0.3983954191207886, -0.08356361836194992, -0.005729935131967068, -0.011753386817872524, -0.21617640554904938, -0.002822658745571971, 0.06472349166870117, 0.22318272292613983, 0.017139429226517677, -0.2693549394607544, 0.07213801890611649, -0.08501753211021423, -0.30275511741638184, -0.6745758652687073, -0.004280516412109137, 0.10446354001760483, 0.734086811542511, -0.09961052238941193, -1.60932195186615, 0.6061389446258545, -0.016267850995063782, 0.7630679607391357, -0.13332656025886536, 0.0809478685259819, -0.08286753296852112, 0.32435354590415955, 0.05773383751511574, 0.05364729464054108, -0.20688693225383759, -0.15904594957828522, -0.10056286305189133, -0.2492477297782898, -0.1410285085439682, 0.0909297987818718, 0.20238558948040009]], "pred_rotmat": [[[[0.6616913676261902, -0.36041581630706787, 0.6574685573577881], [-0.15798531472682953, -0.9242203235626221, -0.3476456105709076], [0.7329427599906921, 0.12616373598575592, -0.6684890389442444]], [[0.9649414420127869, -0.24922023713588715, -0.08232472091913223], [0.22776691615581512, 0.639253556728363, 0.7344909906387329], [-0.1304236799478531, -0.7274916172027588, 0.6736063957214355]], [[0.9736458659172058, 0.16065923869609833, 0.16187147796154022], [-0.22769221663475037, 0.7253363132476807, 0.6496487855911255], [-0.013039168901741505, -0.6693847179412842, 0.7428015470504761]], [[0.9993481040000916, -0.01317599043250084, -0.03360804170370102], [-0.00788077898323536, 0.8289181590080261, -0.5593143105506897], [0.03522783890366554, 0.55921471118927, 0.8282739520072937]], [[0.9843038320541382, 0.1474868655204773, -0.09692066162824631], [-0.10473743826150894, 0.04617229849100113, -0.9934275150299072], [-0.14204244315624237, 0.9879856705665588, 0.06089496612548828]], [[0.9890396595001221, -0.017496220767498016, 0.1466100662946701], [0.14699962735176086, 0.023561501875519753, -0.9888559579849243], [0.013846870511770248, 0.999569296836853, 0.02587519772350788]], [[0.999441385269165, 0.03135937824845314, -0.011552565731108189], [-0.03139515593647957, 0.9995027780532837, -0.00292837992310524], [0.011454989202320576, 0.003289438784122467, 0.9999289512634277]], [[0.9922792315483093, 0.032855842262506485, 0.11959228664636612], [-0.04849761724472046, 0.990283727645874, 0.13033071160316467], [-0.11414816975593567, -0.13512440025806427, 0.9842314124107361]], [[0.9968934059143066, -0.027894534170627594, -0.07365736365318298], [0.0369277149438858, 0.9915602207183838, 0.12427667528390884], [0.06956907361745834, -0.12661060690879822, 0.9895099401473999]], [[0.9994174838066101, 0.0334162637591362, -0.006928259506821632], [-0.0335376150906086, 0.9992715120315552, -0.018208136782050133], [0.0063147651962935925, 0.018429888412356377, 0.9998100996017456]], [[0.9856550693511963, -0.16559945046901703, 0.03257172927260399], [0.15248708426952362, 0.9565157890319824, 0.24864675104618073], [-0.07233114540576935, -0.24011315405368805, 0.9680464267730713]], [[0.978121817111969, 0.20402759313583374, -0.04062519967556], [-0.1883023977279663, 0.9513183236122131, 0.24399930238723755], [0.08843009173870087, -0.23101122677326202, 0.9689241051673889]], [[0.9183695912361145, 0.10271617025136948, -0.3821605145931244], [-0.05950173735618591, 0.9905890226364136, 0.12325950711965561], [0.39122477173805237, -0.09045857191085815, 0.9158385992050171]], [[0.9766563177108765, 0.2145240157842636, -0.011044802144169807], [-0.21445691585540771, 0.9767087697982788, 0.00695069320499897], [0.012278644368052483, -0.004419803619384766, 0.9999149441719055]], [[0.9731214642524719, -0.22127015888690948, 0.06382890045642853], [0.22108827531337738, 0.9752026796340942, 0.009987454861402512], [-0.0644560381770134, 0.004392815288156271, 0.9979109168052673]], [[0.9613742828369141, -0.07349659502506256, -0.2652505338191986], [0.06890995055437088, 0.9972689747810364, -0.026569681242108345], [0.26647892594337463, 0.007265004329383373, 0.9638133645057678]], [[0.7390313148498535, 0.6262854933738708, -0.24819186329841614], [-0.6017124652862549, 0.7793344855308533, 0.17487095296382904], [0.302943617105484, 0.020105019211769104, 0.9527963995933533]], [[0.7374686598777771, -0.6688569784164429, 0.09365023672580719], [0.6684299111366272, 0.7426707148551941, 0.04051667079329491], [-0.09665115177631378, 0.03271884843707085, 0.9947803616523743]], [[-0.14734110236167908, -0.28564268350601196, -0.9469418525695801], [0.410028874874115, 0.8536099791526794, -0.321288526058197], [0.9000927209854126, -0.4356124997138977, -0.00865008682012558]], [[0.7146875858306885, 0.11447929590940475, 0.690011739730835], [-0.12628404796123505, 0.9914219975471497, -0.03368586301803589], [-0.6879491806030273, -0.0630626231431961, 0.7230138778686523]], [[0.9445156455039978, -0.32129964232444763, -0.06824025511741638], [0.3146577775478363, 0.9446712732315063, -0.09266377985477448], [0.09423746168613434, 0.06605006754398346, 0.9933562278747559]], [[0.9772530198097229, 0.20674334466457367, 0.047262292355298996], [-0.20365869998931885, 0.9770264029502869, -0.06279020011425018], [-0.05915796011686325, 0.051736537367105484, 0.9969070553779602]], [[0.9641739130020142, 0.25314807891845703, -0.07927578687667847], [-0.23728352785110474, 0.9566441178321838, 0.1689041703939438], [0.11859647184610367, -0.14404216408729553, 0.9824391603469849]], [[0.9755273461341858, -0.20643720030784607, 0.07569687813520432], [0.19368723034858704, 0.9697503447532654, 0.14855806529521942], [-0.10407499223947525, -0.13026094436645508, 0.9860022068023682]]]], "pred_betas": [[0.026521923020482063, -0.12822416424751282, 0.5315635800361633, 0.7488617897033691, 0.1615327149629593, 0.17050597071647644, -0.3543512225151062, 0.2617862820625305, 0.7159119248390198, -0.01363275945186615]], "pred_camera": [1.1977406740188599, -0.07512557506561279, 0.30358484387397766]}