{"pred_joints_img": [[396.82598876953125, 150.8199005126953, -46.23323440551758], [383.713134765625, 178.3025360107422, -10.586530685424805], [354.5166015625, 205.71127319335938, -38.72373580932617], [329.7757263183594, 260.58367919921875, -44.500999450683594], [328.75726318359375, 312.4454345703125, -75.4773941040039], [407.7149963378906, 191.47488403320312, 27.194427490234375], [445.2074890136719, 224.83499145507812, 63.739051818847656], [478.5035400390625, 185.2262725830078, 35.25211715698242], [391.6397705078125, 294.1575927734375, 6.911400318145752], [391.4263916015625, 317.3275146484375, -7.385039329528809], [454.5940856933594, 349.579345703125, -63.45988082885742], [469.3419189453125, 440.79473876953125, -43.76313781738281], [410.156982421875, 311.1143798828125, 18.60317611694336], [492.0670471191406, 333.33740234375, -5.449530601501465], [480.27978515625, 424.59869384765625, 15.381780624389648], [387.4178771972656, 142.04298400878906, -39.29713821411133], [403.1296081542969, 142.1809539794922, -36.44140625], [373.5029296875, 147.26748657226562, -19.292095184326172], [408.5560607910156, 147.41197204589844, -12.260231971740723], [523.008544921875, 436.713134765625, -1.2878483533859253], [517.9248046875, 436.6033935546875, 17.9019718170166], [467.9795227050781, 432.16790771484375, 24.222156524658203], [509.7958679199219, 445.763671875, -68.78695678710938], [491.1130065917969, 452.760498046875, -75.07036590576172], [460.2686462402344, 453.0498046875, -34.961082458496094], [469.3419189453125, 440.79473876953125, -43.76313781738281], [454.5940856933594, 349.579345703125, -63.45988082885742], [367.03009033203125, 297.0794677734375, -16.217920303344727], [406.3169860839844, 283.07830810546875, 35.23719024658203], [492.0670471191406, 333.33740234375, -5.449530601501465], [480.27978515625, 424.59869384765625, 15.381780624389648], [328.75726318359375, 312.4454345703125, -75.4773941040039], [329.7757263183594, 260.58367919921875, -44.500999450683594], [354.5166015625, 205.71127319335938, -38.72373580932617], [407.7149963378906, 191.47488403320312, 27.194427490234375], [445.2074890136719, 224.83499145507812, 63.739051818847656], [478.5035400390625, 185.2262725830078, 35.25211715698242], [384.9930725097656, 179.04605102539062, -11.859489440917969], [392.1221618652344, 114.83702087402344, -17.70025634765625], [383.4888610839844, 292.6833801269531, 12.499102592468262], [381.8585510253906, 192.3657684326172, -6.605160713195801], [375.2587585449219, 234.77886962890625, 4.837745666503906], [395.4090881347656, 159.6772003173828, -28.983184814453125], [390.8545227050781, 129.99705505371094, -15.726678848266602], [396.82598876953125, 150.8199005126953, -46.23323440551758], [403.1296081542969, 142.1809539794922, -36.44140625], [387.4178771972656, 142.04298400878906, -39.29713821411133], [408.5560607910156, 147.41197204589844, -12.260231971740723], [373.5029296875, 147.26748657226562, -19.292095184326172]], "pred_body_pose": [[2.523757219314575, -0.5387005805969238, 1.192395806312561, -0.795691967010498, 0.024250291287899017, 0.2053714543581009, -0.8003847002983093, 0.05568843334913254, -0.08219844847917557, 0.7014553546905518, -0.039223507046699524, -0.031536754220724106, 1.376906156539917, 0.04528091847896576, -0.16476252675056458, 1.124550700187683, 0.006575275212526321, 0.15254391729831696, -0.0052673169411718845, 8.764473750488833e-05, -0.027761755511164665, -0.07629049569368362, 0.13420575857162476, -0.06806811690330505, -0.003696310566738248, -0.07710449397563934, 0.05535229295492172, 0.0026289799716323614, -0.006411836016923189, -0.02596377022564411, -0.19778069853782654, 0.027837779372930527, 0.15244141221046448, -0.16307739913463593, -0.0619523748755455, -0.21846336126327515, -0.150570347905159, -0.39276981353759766, -0.11913862079381943, -0.0470874160528183, -0.006896671839058399, -0.1667909175157547, 0.0006254949257709086, 0.07254518568515778, 0.292885959148407, -0.04880454018712044, -0.32577943801879883, 0.07813939452171326, -0.2401970773935318, -0.293704628944397, -0.4591883718967438, 0.0021305063273757696, 0.02222365513443947, 0.7767302989959717, -0.2732170522212982, -1.6268812417984009, 0.7024003863334656, -0.06942296773195267, 0.49127402901649475, -0.11453691869974136, 0.10285495966672897, -0.11837522685527802, 0.3321731984615326, 0.09297321736812592, 0.05640137940645218, -0.16888877749443054, -0.1539064645767212, -0.09351547062397003, -0.2239384949207306, -0.15917730331420898, 0.08821699768304825, 0.18688009679317474]], "pred_rotmat": [[[[0.5856953263282776, -0.45249277353286743, 0.672466516494751], [-0.20552793145179749, -0.8854567408561707, -0.41680291295051575], [0.7840403318405151, 0.10590886324644089, -0.6116077899932861]], [[0.9797948002815247, -0.19212262332439423, -0.05559723079204559], [0.17388947308063507, 0.6809431314468384, 0.711392343044281], [-0.09881599247455597, -0.70668625831604, 0.7005926370620728]], [[0.9953325390815735, 0.052468568086624146, 0.08099474012851715], [-0.0946764349937439, 0.6934835910797119, 0.7142245769500732], [-0.018694182857871056, -0.7185592651367188, 0.6952143311500549]], [[0.9987848401069641, 0.015801694244146347, -0.04668177664279938], [-0.04219980910420418, 0.7634769678115845, -0.6444549560546875], [0.025456979870796204, 0.6456418037414551, 0.7632160782814026]], [[0.987598180770874, 0.1432434469461441, -0.06427397578954697], [-0.09027759730815887, 0.18317411839962006, -0.9789265394210815], [-0.12845148146152496, 0.9725885987281799, 0.1938340961933136]], [[0.9895421862602234, -0.11852779984474182, 0.08220429718494415], [0.12516173720359802, 0.42227086424827576, -0.8977872729301453], [0.07170026749372482, 0.8986870646476746, 0.43268996477127075]], [[0.9996146559715271, 0.027757832780480385, 0.00016074319137260318], [-0.027758292853832245, 0.9996007680892944, 0.005265399347990751], [-1.4522954188578296e-05, -0.005267832428216934, 0.9999861121177673]], [[0.9887045621871948, 0.06263846904039383, 0.13616029918193817], [-0.07285284996032715, 0.9947856664657593, 0.07137233018875122], [-0.13097964227199554, -0.08048581331968307, 0.9881125092506409]], [[0.9954988956451416, -0.05512670427560806, -0.07709082216024399], [0.055411480367183685, 0.998462438583374, 0.0015584031352773309], [0.0768863707780838, -0.005823105573654175, 0.9970229268074036]], [[0.9996423721313477, 0.02595221810042858, -0.00644519180059433], [-0.025969071313738823, 0.999659538269043, -0.002545430790632963], [0.006376937497407198, 0.0027118963189423084, 0.9999759793281555]], [[0.9880563616752625, -0.1535809338092804, 0.01254995446652174], [0.14810408651828766, 0.9689858555793762, 0.19781693816184998], [-0.04254164546728134, -0.19359558820724487, 0.9801586270332336]], [[0.9743853211402893, 0.22064736485481262, -0.04345100373029709], [-0.21060994267463684, 0.9630811810493469, 0.16768456995487213], [0.07884600013494492, -0.15423816442489624, 0.9848827123641968]], [[0.917102038860321, 0.14448124170303345, -0.37154948711395264], [-0.08627773821353912, 0.9818589687347412, 0.16884617507457733], [0.38920432329177856, -0.12279272079467773, 0.9129303693771362]], [[0.9861015677452087, 0.16611789166927338, -0.002945102984085679], [-0.16579392552375793, 0.9850194454193115, 0.047425393015146255], [0.010779187083244324, -0.046277966350317, 0.9988705515861511]], [[0.9548218846321106, -0.2884393036365509, 0.07154026627540588], [0.2884843051433563, 0.9574331045150757, 0.009927325882017612], [-0.07135845720767975, 0.01115941908210516, 0.9973883032798767]], [[0.9444150328636169, -0.06878109276294708, -0.3214801847934723], [0.0845293179154396, 0.9957965612411499, 0.03527055308222771], [0.31770291924476624, -0.06048453599214554, 0.9462592601776123]], [[0.8557827472686768, 0.46675464510917664, -0.2231055051088333], [-0.39826905727386475, 0.8696492910385132, 0.29170534014701843], [0.33017832040786743, -0.16078037023544312, 0.930124819278717]], [[0.7129865288734436, -0.7008679509162903, 0.020840352401137352], [0.7009130120277405, 0.7132191061973572, 0.006282772868871689], [-0.019267132505774498, 0.010127740912139416, 0.9997630715370178]], [[-0.19201767444610596, -0.2133886069059372, -0.9579116702079773], [0.5508558750152588, 0.7843760848045349, -0.2851526141166687], [0.812211275100708, -0.5824255347251892, -0.03306770697236061]], [[0.8754911422729492, 0.09296346455812454, 0.4742078185081482], [-0.12633854150772095, 0.9912230372428894, 0.03892970085144043], [-0.46642664074897766, -0.09399334341287613, 0.879551887512207]], [[0.938520073890686, -0.3307729661464691, -0.09883943200111389], [0.31873375177383423, 0.9402176737785339, -0.11999791115522385], [0.1326226443052292, 0.08111699670553207, 0.9878416657447815]], [[0.9842010140419006, 0.17036844789981842, 0.0481981560587883], [-0.1651422381401062, 0.9814786314964294, -0.0970960482954979], [-0.06384756416082382, 0.08760246634483337, 0.9941073060035706]], [[0.9707553386688232, 0.2280159443616867, -0.07511915266513824], [-0.2137221097946167, 0.9633354544639587, 0.16219592094421387], [0.10934821516275406, -0.14139792323112488, 0.9838950634002686]], [[0.9787675142288208, -0.19174928963184357, 0.0724305734038353], [0.17778661847114563, 0.9700397253036499, 0.16557461023330688], [-0.1020093485713005, -0.14918188750743866, 0.9835338592529297]]]], "pred_betas": [[-0.008605113252997398, -0.14694727957248688, 0.4177989959716797, 0.5985827445983887, 0.16691628098487854, 0.21758407354354858, -0.2828991413116455, 0.23093551397323608, 0.637920081615448, -0.09623035043478012]], "pred_camera": [1.1520469188690186, -0.06911126524209976, 0.26094159483909607]}