{"pred_joints_img": [[395.0630798339844, 147.56971740722656, -45.781524658203125], [382.7755126953125, 177.75088500976562, -10.755037307739258], [353.56634521484375, 205.27285766601562, -40.85654830932617], [328.71435546875, 261.86962890625, -38.37209701538086], [330.87908935546875, 320.4334411621094, -58.2814826965332], [409.0057678222656, 192.52243041992188, 26.6043643951416], [455.4837646484375, 231.9095001220703, 44.657997131347656], [473.9891357421875, 181.21084594726562, 17.24980354309082], [393.3182373046875, 296.43218994140625, 6.968700408935547], [395.5317077636719, 320.3743896484375, -7.012547016143799], [470.5393371582031, 352.4893493652344, -50.630191802978516], [514.2073974609375, 437.4547424316406, -36.406070709228516], [411.9439697265625, 312.64410400390625, 20.783355712890625], [498.92376708984375, 331.01629638671875, 5.179015636444092], [491.70123291015625, 423.6903076171875, 30.972476959228516], [385.1255187988281, 139.44204711914062, -38.001251220703125], [401.25653076171875, 138.93060302734375, -35.32928466796875], [371.56805419921875, 146.46177673339844, -17.560041427612305], [407.6085510253906, 145.3685302734375, -10.921405792236328], [536.7510986328125, 436.75518798828125, 18.653636932373047], [529.78759765625, 435.76507568359375, 37.63706588745117], [478.26934814453125, 431.6100158691406, 39.04509353637695], [558.4011840820312, 430.63037109375, -56.65570068359375], [542.4470825195312, 441.7528076171875, -65.90171813964844], [507.9432373046875, 452.51116943359375, -28.557415008544922], [514.2073974609375, 437.4547424316406, -36.406070709228516], [470.5393371582031, 352.4893493652344, -50.630191802978516], [370.6289978027344, 300.8401184082031, -18.836544036865234], [405.1169738769531, 284.0479431152344, 36.437503814697266], [498.92376708984375, 331.01629638671875, 5.179015636444092], [491.70123291015625, 423.6903076171875, 30.972476959228516], [330.87908935546875, 320.4334411621094, -58.2814826965332], [328.71435546875, 261.86962890625, -38.37209701538086], [353.56634521484375, 205.27285766601562, -40.85654830932617], [409.0057678222656, 192.52243041992188, 26.6043643951416], [455.4837646484375, 231.9095001220703, 44.657997131347656], [473.9891357421875, 181.21084594726562, 17.24980354309082], [384.3558654785156, 178.34451293945312, -12.189616203308105], [389.0783996582031, 112.52581787109375, -14.436456680297852], [384.497802734375, 295.1746826171875, 11.618743896484375], [381.8017578125, 192.5127410888672, -7.701098918914795], [373.65631103515625, 235.4393310546875, 3.636197566986084], [394.361083984375, 157.6012725830078, -28.560537338256836], [388.5136413574219, 128.1336212158203, -13.254798889160156], [395.0630798339844, 147.56971740722656, -45.781524658203125], [401.25653076171875, 138.93060302734375, -35.32928466796875], [385.1255187988281, 139.44204711914062, -38.001251220703125], [407.6085510253906, 145.3685302734375, -10.921405792236328], [371.56805419921875, 146.46177673339844, -17.560041427612305]], "pred_body_pose": [[2.469527244567871, -0.6331068277359009, 1.2862884998321533, -0.7871814966201782, -0.0001193166317534633, 0.23322072625160217, -0.7686355710029602, 0.06144358962774277, 0.011179652996361256, 0.6866908669471741, -0.05566749721765518, -0.057341672480106354, 1.36824369430542, 0.0413118451833725, -0.15437433123588562, 0.8024046421051025, -0.011668997816741467, 0.1252100020647049, 0.0016986533300951123, -0.03479989990592003, -0.0483834333717823, -0.004355954006314278, 0.12132612615823746, -0.11715416610240936, 0.0886169895529747, -0.06488414108753204, 0.10290155559778214, 0.006004816386848688, -0.03803187608718872, -0.028848934918642044, -0.23778685927391052, 0.039658937603235245, 0.18144285678863525, -0.15469755232334137, -0.038199473172426224, -0.3010306656360626, -0.1708373874425888, -0.4019406735897064, -0.14229653775691986, -0.0514550507068634, -0.10925840586423874, -0.16576619446277618, 0.018448282033205032, 0.09248814731836319, 0.28861019015312195, -0.06056402623653412, -0.3414820730686188, 0.12666895985603333, -0.2908543050289154, -0.5194383263587952, -0.5381060242652893, 0.10372399538755417, -0.008702016435563564, 0.9329272508621216, -0.31290963292121887, -1.7467058897018433, 0.7721017599105835, 0.02429940365254879, 0.4932243525981903, -0.08655904233455658, 0.072076216340065, -0.13969871401786804, 0.37884604930877686, 0.065180703997612, 0.06686344742774963, -0.18256817758083344, -0.14003606140613556, -0.08696684241294861, -0.2191760540008545, -0.14559747278690338, 0.09438430517911911, 0.19644472002983093]], "pred_rotmat": [[[[0.506104588508606, -0.5028152465820312, 0.7007388472557068], [-0.24857811629772186, -0.8630397319793701, -0.4397401213645935], [0.8258734941482544, 0.04836614802479744, -0.5617772340774536]], [[0.9742977023124695, -0.2078450322151184, -0.08685825020074844], [0.20793381333351135, 0.6814872026443481, 0.7016684412956238], [-0.08664553612470627, -0.7016947865486145, 0.7071894407272339]], [[0.9981445670127869, -0.032570600509643555, 0.05144425854086876], [-0.012362506240606308, 0.7188926935195923, 0.6950111389160156], [-0.05961982533335686, -0.6943576335906982, 0.717156171798706]], [[0.9969317317008972, 0.034518051892519, -0.07025431096553802], [-0.07124599069356918, 0.7718902230262756, -0.6317511796951294], [0.032421793788671494, 0.6348181366920471, 0.7719811201095581]], [[0.9891266822814941, 0.13404513895511627, -0.0605001263320446], [-0.08591239899396896, 0.1927778720855713, -0.9774741530418396], [-0.11936257779598236, 0.972043514251709, 0.2021978795528412]], [[0.9925183057785034, -0.11632070690393448, 0.03710532933473587], [0.10746096074581146, 0.6879686713218689, -0.7177404165267944], [0.05796075612306595, 0.716357946395874, 0.6953214406967163]], [[0.9982245564460754, 0.048325225710868835, -0.03482037037611008], [-0.04838431999087334, 0.9988284707069397, -0.0008560271235182881], [0.0347382053732872, 0.0025392670650035143, 0.9993932843208313]], [[0.9858111143112183, 0.11633556336164474, 0.12100592255592346], [-0.11686277389526367, 0.9931442737579346, -0.0027547699864953756], [-0.12049680948257446, -0.011425407603383064, 0.9926479458808899]], [[0.9926145672798157, -0.1053829938173294, -0.06008865684270859], [0.0996440127491951, 0.9907965660095215, -0.09161484986543655], [0.06919027864933014, 0.0849507674574852, 0.9939798712730408]], [[0.9988608360290527, 0.028723634779453278, -0.03810380399227142], [-0.028951970860362053, 0.9995658993721008, -0.005454015918076038], [0.037930604070425034, 0.006550983525812626, 0.999258816242218]], [[0.9828832745552063, -0.18338187038898468, 0.017650732770562172], [0.1740228235721588, 0.9556062817573547, 0.2377660572528839], [-0.0604691356420517, -0.23062466084957123, 0.9711620807647705]], [[0.9544039964675903, 0.2981701195240021, -0.014405028894543648], [-0.2923176884651184, 0.9432761073112488, 0.15741801261901855], [0.060525279492139816, -0.1460295468568802, 0.9874268770217896]], [[0.9106848835945129, 0.17107902467250824, -0.3760122060775757], [-0.10361138731241226, 0.9757146835327148, 0.19299104809761047], [0.39989733695983887, -0.13679485023021698, 0.9062943458557129]], [[0.9803611040115356, 0.16740764677524567, -0.10424423217773438], [-0.1618054062128067, 0.9849897027015686, 0.060119058936834335], [0.11274388432502747, -0.04207110032439232, 0.9927330613136292]], [[0.9544268250465393, -0.2833494544029236, 0.09371538460254669], [0.2850426435470581, 0.9585021734237671, -0.0049218381755054], [-0.08843180537223816, 0.03141041472554207, 0.9955868721008301]], [[0.9344225525856018, -0.11358668655157089, -0.3375685214996338], [0.13403433561325073, 0.9902549386024475, 0.03781432285904884], [0.3299836814403534, -0.08058032393455505, 0.9405410885810852]], [[0.7350035905838013, 0.5537558794021606, -0.39131075143814087], [-0.4106106758117676, 0.822749137878418, 0.3930428624153137], [0.5396004319190979, -0.12821157276630402, 0.8321016430854797]], [[0.5958201885223389, -0.8022440671920776, 0.03745415806770325], [0.8014057874679565, 0.5908595323562622, -0.09291759878396988], [0.05241243913769722, 0.08537815511226654, 0.9949690699577332]], [[-0.3209383487701416, -0.17481935024261475, -0.9308258891105652], [0.570733368396759, 0.748623251914978, -0.33738213777542114], [0.7558187246322632, -0.639532208442688, -0.1404866725206375]], [[0.8772229552268982, 0.08884626626968384, 0.47179046273231506], [-0.07711014151573181, 0.9960425496101379, -0.044197291135787964], [-0.4738501012325287, 0.002391043584793806, 0.8806023597717285]], [[0.9196164608001709, -0.37327679991722107, -0.12235192954540253], [0.36334821581840515, 0.9266770482063293, -0.09616543352603912], [0.14927704632282257, 0.043978963047266006, 0.9878169298171997]], [[0.9811651706695557, 0.18346282839775085, 0.06046668440103531], [-0.17911985516548157, 0.9812759160995483, -0.07080705463886261], [-0.0723249614238739, 0.05864263325929642, 0.9956555962562561]], [[0.9723731279373169, 0.222490131855011, -0.07063046097755432], [-0.21038779616355896, 0.9663873314857483, 0.14775821566581726], [0.1011311337351799, -0.12881633639335632, 0.9864982962608337]], [[0.9763861298561096, -0.20103499293327332, 0.07908809930086136], [0.1873713880777359, 0.9702761769294739, 0.15315385162830353], [-0.10752658545970917, -0.13471846282482147, 0.9850323796272278]]]], "pred_betas": [[-0.0331360399723053, -0.1304396390914917, 0.3813275992870331, 0.7164443731307983, 0.15267112851142883, 0.22096991539001465, -0.19234871864318848, 0.20949997007846832, 0.6666147112846375, -0.14425057172775269]], "pred_camera": [1.1907401084899902, -0.10735778510570526, 0.2887413799762726]}