{"pred_joints_img": [[397.9292907714844, 150.69871520996094, -49.163047790527344], [385.834716796875, 177.77932739257812, -12.870256423950195], [355.37640380859375, 204.860107421875, -39.5399055480957], [329.1416931152344, 258.68658447265625, -46.05585479736328], [329.18878173828125, 308.0751037597656, -80.4333267211914], [409.9463806152344, 190.5565185546875, 25.251068115234375], [437.33807373046875, 226.34735107421875, 67.636474609375], [478.5450744628906, 196.33157348632812, 38.193443298339844], [392.87188720703125, 293.52508544921875, 7.022744178771973], [391.5125732421875, 316.9292297363281, -6.734154224395752], [452.3687438964844, 351.2074890136719, -63.72386169433594], [450.173583984375, 441.14630126953125, -35.63880920410156], [411.3186340332031, 310.7205505371094, 18.335060119628906], [490.7921142578125, 334.33929443359375, -10.901082992553711], [476.96923828125, 425.1913757324219, 9.352563858032227], [388.970947265625, 141.6537628173828, -42.0258903503418], [404.75946044921875, 142.11680603027344, -39.71052551269531], [375.6500549316406, 146.42576599121094, -21.513776779174805], [410.9184265136719, 147.17776489257812, -15.692795753479004], [518.4613037109375, 437.24481201171875, -9.902183532714844], [514.65966796875, 437.22161865234375, 9.645228385925293], [465.18310546875, 432.57391357421875, 18.7860164642334], [489.5241394042969, 452.3812255859375, -59.912864685058594], [470.2040710449219, 457.09967041015625, -66.19676208496094], [439.35369873046875, 451.48663330078125, -26.582233428955078], [450.173583984375, 441.14630126953125, -35.63880920410156], [452.3687438964844, 351.2074890136719, -63.72386169433594], [367.2749938964844, 296.33087158203125, -15.068318367004395], [408.9579772949219, 282.3382263183594, 34.6580810546875], [490.7921142578125, 334.33929443359375, -10.901082992553711], [476.96923828125, 425.1913757324219, 9.352563858032227], [329.18878173828125, 308.0751037597656, -80.4333267211914], [329.1416931152344, 258.68658447265625, -46.05585479736328], [355.37640380859375, 204.860107421875, -39.5399055480957], [409.9463806152344, 190.5565185546875, 25.251068115234375], [437.33807373046875, 226.34735107421875, 67.636474609375], [478.5450744628906, 196.33157348632812, 38.193443298339844], [386.94281005859375, 178.3863983154297, -14.019347190856934], [395.0301818847656, 114.37699890136719, -21.00712013244629], [384.9934387207031, 291.753662109375, 12.955537796020508], [383.5343933105469, 191.54824829101562, -8.292506217956543], [377.6274719238281, 233.90786743164062, 3.9622726440429688], [396.9619140625, 159.33111572265625, -31.792085647583008], [393.50750732421875, 129.47267150878906, -18.77515983581543], [397.9292907714844, 150.69871520996094, -49.163047790527344], [404.75946044921875, 142.11680603027344, -39.71052551269531], [388.970947265625, 141.6537628173828, -42.0258903503418], [410.9184265136719, 147.17776489257812, -15.692795753479004], [375.6500549316406, 146.42576599121094, -21.513776779174805]], "pred_body_pose": [[2.5761518478393555, -0.5104498267173767, 1.153198480606079, -0.8269418478012085, 0.031095487996935844, 0.17586363852024078, -0.8080636262893677, 0.07992196828126907, -0.07841073721647263, 0.6944345831871033, -0.038935016840696335, -0.015111506916582584, 1.3893100023269653, 0.06037693843245506, -0.16365091502666473, 1.3025116920471191, 0.02629241719841957, 0.14453500509262085, -0.018587540835142136, 0.0038549681194126606, -0.030045077204704285, -0.10451064258813858, 0.1306954026222229, -0.04642447456717491, -0.06714919209480286, -0.06548162549734116, 0.016345785930752754, 0.009888567961752415, 0.0012736425269395113, -0.03164272755384445, -0.19019705057144165, 0.012693638913333416, 0.14543868601322174, -0.17112232744693756, -0.06383854150772095, -0.17345838248729706, -0.17036066949367523, -0.41241005063056946, -0.12246199697256088, -0.024729974567890167, 0.041378945112228394, -0.18710100650787354, -0.003287156578153372, 0.052296582609415054, 0.2704114019870758, -0.03388885408639908, -0.3165052533149719, 0.062401678413152695, -0.15698009729385376, -0.1789114773273468, -0.5293194651603699, -0.022819235920906067, 0.031065303832292557, 0.7520729303359985, -0.19116567075252533, -1.6505327224731445, 0.6945009827613831, -0.06428474187850952, 0.5626473426818848, -0.11995165050029755, 0.14697982370853424, -0.10120920091867447, 0.41453635692596436, 0.11940975487232208, 0.053739648312330246, -0.25299209356307983, -0.19435054063796997, -0.1050695925951004, -0.26056498289108276, -0.1890498399734497, 0.09174994379281998, 0.20586669445037842]], "pred_rotmat": [[[[0.6205396056175232, -0.4222720265388489, 0.660770058631897], [-0.2052191197872162, -0.9007129073143005, -0.38288554549217224], [0.7568459510803223, 0.10199297219514847, -0.6455863118171692]], [[0.9849812984466553, -0.16773159801959991, -0.040963008999824524], [0.14351500570774078, 0.6634330749511719, 0.7343432903289795], [-0.09599635750055313, -0.7291932106018066, 0.677541196346283]], [[0.9940721392631531, 0.03945903480052948, 0.10130958259105682], [-0.10053795576095581, 0.6883185505867004, 0.7184076905250549], [-0.04138559848070145, -0.7243344783782959, 0.6882054209709167]], [[0.999162495136261, 0.0009393291547894478, -0.04090822860598564], [-0.026904094964265823, 0.768339991569519, -0.6394761800765991], [0.030830752104520798, 0.640041172504425, 0.7677217721939087]], [[0.9871152639389038, 0.15070021152496338, -0.05378566309809685], [-0.07965797930955887, 0.17129641771316528, -0.9819939136505127], [-0.13877341151237488, 0.973625659942627, 0.18109378218650818]], [[0.9906683564186096, -0.09175277501344681, 0.10078521817922592], [0.12136805802583694, 0.2574048340320587, -0.9586514830589294], [0.0620163269340992, 0.9619377851486206, 0.2661386728286743]], [[0.9995412826538086, 0.030002932995557785, 0.004133359994739294], [-0.030074579641222954, 0.9993759989738464, 0.018525725230574608], [-0.0035749543458223343, -0.018641535192728043, 0.9998198747634888]], [[0.9904058575630188, 0.03937909007072449, 0.13245928287506104], [-0.053003858774900436, 0.9934775829315186, 0.10095999389886856], [-0.12761960923671722, -0.10701222717761993, 0.9860332608222961]], [[0.997724175453186, -0.01412423700094223, -0.06593113392591476], [0.01851797290146351, 0.9976137280464172, 0.06651302427053452], [0.0648343563079834, -0.06758257001638412, 0.9956048727035522]], [[0.9994986057281494, 0.03164322301745415, 0.0011169726494699717], [-0.031630631536245346, 0.9994505047798157, -0.00990690290927887], [-0.0014298453461378813, 0.009866605512797832, 0.9999502897262573]], [[0.9893942475318909, -0.1452505737543106, -0.00119250628631562], [0.14284780621528625, 0.9714733958244324, 0.1892985999584198], [-0.026337238028645515, -0.1874612718820572, 0.9819189310073853]], [[0.9830085635185242, 0.17706328630447388, -0.04840262606739998], [-0.16619670391082764, 0.9704712629318237, 0.1748260110616684], [0.07792862504720688, -0.1638111025094986, 0.9834088683128357]], [[0.9090998768806458, 0.152645543217659, -0.38760387897491455], [-0.0836317241191864, 0.9783800840377808, 0.18915122747421265], [0.4080969989299774, -0.1395413726568222, 0.9022112488746643]], [[0.9816975593566895, 0.18542903661727905, 0.043428290635347366], [-0.18644914031028748, 0.9822461605072021, 0.020717404782772064], [-0.038815662264823914, -0.028435394167900085, 0.9988417625427246]], [[0.9623104929924011, -0.26709046959877014, 0.051196176558732986], [0.26691970229148865, 0.9636639952659607, 0.010271954350173473], [-0.0520794577896595, 0.0037804560270160437, 0.9986357092857361]], [[0.9484198093414307, -0.055996980518102646, -0.31203216314315796], [0.06662927567958832, 0.9975008368492126, 0.023508742451667786], [0.30993592739105225, -0.04308663308620453, 0.9497805833816528]], [[0.8482384085655212, 0.5137537121772766, -0.12864232063293457], [-0.48644769191741943, 0.8518194556236267, 0.19435110688209534], [0.209428608417511, -0.10227830708026886, 0.9724602699279785]], [[0.7298478484153748, -0.683316171169281, 0.02002832107245922], [0.6826401948928833, 0.7300596833229065, 0.031862739473581314], [-0.03639419749379158, -0.009582814760506153, 0.9992915987968445]], [[-0.21421180665493011, -0.2560081481933594, -0.9426416754722595], [0.494962602853775, 0.8035217523574829, -0.33070361614227295], [0.8420958518981934, -0.5374130010604858, -0.045409392565488815]], [[0.8390894532203674, 0.0957784354686737, 0.5354955196380615], [-0.1309492588043213, 0.9909952282905579, 0.02794080413877964], [-0.5279973745346069, -0.09356757998466492, 0.8440757393836975]], [[0.910493016242981, -0.40791887044906616, -0.06785754859447479], [0.39329397678375244, 0.9049088954925537, -0.16266454756259918], [0.12775884568691254, 0.12141697853803635, 0.9843452572822571]], [[0.9667791128158569, 0.2527710497379303, 0.038012757897377014], [-0.24639730155467987, 0.9611320495605469, -0.12455325573682785], [-0.06801874190568924, 0.11104924231767654, 0.991484522819519]], [[0.9609155058860779, 0.26563745737075806, -0.07796259969472885], [-0.24541498720645905, 0.9476787447929382, 0.2041483372449875], [0.12811294198036194, -0.1770361065864563, 0.975830614566803]], [[0.9747830629348755, -0.21152055263519287, 0.0711127370595932], [0.19429996609687805, 0.9612204432487488, 0.19571112096309662], [-0.10975193232297897, -0.17695869505405426, 0.9780798554420471]]]], "pred_betas": [[-0.03413790464401245, -0.20396216213703156, 0.4458932876586914, 0.636875569820404, 0.03673815727233887, 0.2983940541744232, -0.31841933727264404, 0.2741725444793701, 0.5958712697029114, 0.024347826838493347]], "pred_camera": [1.1772658824920654, -0.0620197169482708, 0.281055212020874]}