{"pred_joints_img": [[395.20050048828125, 150.5037078857422, -44.23699951171875], [383.0223388671875, 179.29693603515625, -9.0143461227417], [353.9363098144531, 206.14561462402344, -38.25423049926758], [329.07232666015625, 261.86737060546875, -37.61092758178711], [328.12841796875, 318.2880554199219, -61.0011100769043], [410.29815673828125, 195.055908203125, 26.21527671813965], [459.70562744140625, 232.44488525390625, 36.04149627685547], [469.039794921875, 178.60400390625, 12.034936904907227], [395.88818359375, 296.83831787109375, 6.544085502624512], [398.1020202636719, 320.5567932128906, -6.85294771194458], [470.7946472167969, 355.3550109863281, -50.325138092041016], [520.68798828125, 436.32659912109375, -43.25361251831055], [414.7645568847656, 312.452392578125, 19.73784828186035], [500.35491943359375, 332.1158447265625, 3.2687113285064697], [502.1165466308594, 421.9339599609375, 35.03413772583008], [385.3568115234375, 142.0829315185547, -36.98701095581055], [401.2540588378906, 141.49412536621094, -34.24980926513672], [371.9117431640625, 148.0587921142578, -16.662181854248047], [407.197998046875, 146.76654052734375, -9.956220626831055], [546.4796142578125, 432.77496337890625, 20.887117385864258], [540.8557739257812, 431.1338806152344, 39.965877532958984], [490.0591125488281, 429.9757080078125, 44.3458137512207], [562.744384765625, 425.7308349609375, -64.86080932617188], [547.4717407226562, 437.4349060058594, -73.66056060791016], [515.8728637695312, 451.885009765625, -36.119808197021484], [520.68798828125, 436.32659912109375, -43.25361251831055], [470.7946472167969, 355.3550109863281, -50.325138092041016], [373.3175048828125, 301.4245910644531, -18.123781204223633], [408.1376037597656, 284.0174865722656, 34.46872329711914], [500.35491943359375, 332.1158447265625, 3.2687113285064697], [502.1165466308594, 421.9339599609375, 35.03413772583008], [328.12841796875, 318.2880554199219, -61.0011100769043], [329.07232666015625, 261.86737060546875, -37.61092758178711], [353.9363098144531, 206.14561462402344, -38.25423049926758], [410.29815673828125, 195.055908203125, 26.21527671813965], [459.70562744140625, 232.44488525390625, 36.04149627685547], [469.039794921875, 178.60400390625, 12.034936904907227], [384.6286315917969, 180.01783752441406, -10.501677513122559], [389.1122741699219, 114.52093505859375, -14.987188339233398], [387.5560302734375, 295.3795471191406, 11.055140495300293], [382.45147705078125, 194.17054748535156, -6.421285152435303], [375.0226135253906, 236.5855255126953, 3.9054343700408936], [394.3419494628906, 159.55873107910156, -26.871814727783203], [388.5550537109375, 129.9123992919922, -13.170549392700195], [395.20050048828125, 150.5037078857422, -44.23699951171875], [401.2540588378906, 141.49412536621094, -34.24980926513672], [385.3568115234375, 142.0829315185547, -36.98701095581055], [407.197998046875, 146.76654052734375, -9.956220626831055], [371.9117431640625, 148.0587921142578, -16.662181854248047]], "pred_body_pose": [[2.478393316268921, -0.6561569571495056, 1.2396190166473389, -0.7401213049888611, -0.03048987127840519, 0.2429361343383789, -0.7172741293907166, 0.06459962576627731, 0.009352116845548153, 0.663273811340332, -0.0529896579682827, -0.07114782184362411, 1.2873904705047607, 0.01354728452861309, -0.11202089488506317, 0.6715350151062012, 0.00658080168068409, 0.09900554269552231, 0.0142968175932765, -0.03162224218249321, -0.06053875386714935, 0.003938712179660797, 0.10680604726076126, -0.11521917581558228, 0.0965242087841034, -0.05810965597629547, 0.10073573887348175, 0.002566848648712039, -0.03845340758562088, -0.037151020020246506, -0.2174510508775711, 0.0345611535012722, 0.15530599653720856, -0.12622004747390747, -0.03888906165957451, -0.2753213047981262, -0.14834943413734436, -0.3858218193054199, -0.13477002084255219, -0.06327128410339355, -0.140178382396698, -0.18415190279483795, 0.014928263612091541, 0.08777458965778351, 0.29501873254776, -0.015305335633456707, -0.3203566074371338, 0.13506053388118744, -0.30650877952575684, -0.5894173383712769, -0.5095677971839905, 0.08371978253126144, -0.03497665375471115, 0.8979557752609253, -0.3143014907836914, -1.7985459566116333, 0.8108658790588379, -0.015566806308925152, 0.479901522397995, -0.09625071287155151, 0.11656404286623001, -0.13602247834205627, 0.42740142345428467, 0.08240074664354324, 0.06407886743545532, -0.2118893712759018, -0.15557658672332764, -0.09549154341220856, -0.23859822750091553, -0.16530248522758484, 0.0979737788438797, 0.21194198727607727]], "pred_rotmat": [[[[0.5252469778060913, -0.518542468547821, 0.6747068762779236], [-0.2663819491863251, -0.8532307744026184, -0.44837260246276855], [0.8081808090209961, 0.05577665939927101, -0.586287260055542]], [[0.9715138077735901, -0.2083434909582138, -0.11293350160121918], [0.22978974878787994, 0.7116586565971375, 0.6638814806938171], [-0.05794528126716614, -0.6709209680557251, 0.7392613887786865]], [[0.9979602098464966, -0.03074773959815502, 0.05594610795378685], [-0.013619189150631428, 0.753646731376648, 0.6571385860443115], [-0.062369126826524734, -0.6565601229667664, 0.751690685749054]], [[0.9962096810340881, 0.049028180539608, -0.0718502327799797], [-0.08288268744945526, 0.7856829166412354, -0.6130520105361938], [0.026394670829176903, 0.6166835427284241, 0.7867684960365295]], [[0.9944719672203064, 0.09091462194919586, -0.0525350347161293], [-0.07577011734247208, 0.274964839220047, -0.9584639072418213], [-0.0726931095123291, 0.9571462273597717, 0.28033342957496643]], [[0.995263397693634, -0.08944904804229736, 0.03807265684008598], [0.09370116889476776, 0.7783312201499939, -0.6208224296569824], [0.02589884027838707, 0.62144935131073, 0.7830260396003723]], [[0.997668445110321, 0.06026367470622063, -0.0320291668176651], [-0.06071558967232704, 0.9980661273002625, -0.01332842092961073], [0.031164007261395454, 0.015242015942931175, 0.9993980526924133]], [[0.9876838326454163, 0.11495533585548401, 0.10614047944545746], [-0.11453557014465332, 0.9933681488037109, -0.010062914341688156], [-0.10659336298704147, -0.0022178771905601025, 0.994300127029419]], [[0.9932506084442139, -0.1031518429517746, -0.053036220371723175], [0.09755352884531021, 0.9902861714363098, -0.0990784615278244], [0.06274116784334183, 0.09323588013648987, 0.9936651587486267]], [[0.9985708594322205, 0.0370839387178421, -0.03848271071910858], [-0.03718262165784836, 0.9993067383766174, -0.0018515016417950392], [0.038387373089790344, 0.00327974371612072, 0.9992574453353882]], [[0.987419068813324, -0.1571686565876007, 0.017360666766762733], [0.1496986597776413, 0.9645130634307861, 0.21749703586101532], [-0.05092830955982208, -0.21216189861297607, 0.9759065508842468]], [[0.9616423845291138, 0.2734977602958679, -0.02104656584560871], [-0.26862719655036926, 0.9544886946678162, 0.12957961857318878], [0.0555284358561039, -0.1189555674791336, 0.9913457036018372]], [[0.9177965521812439, 0.1587343066930771, -0.36394092440605164], [-0.10239380598068237, 0.9802291393280029, 0.16931134462356567], [0.3836210072040558, -0.11812806874513626, 0.9159043431282043]], [[0.9733473062515259, 0.18680362403392792, -0.13303950428962708], [-0.1779768168926239, 0.981133222579956, 0.07551126182079315], [0.14463524520397186, -0.049820732325315475, 0.9882301092147827]], [[0.953003466129303, -0.2897214889526367, 0.08857662230730057], [0.291021466255188, 0.9567146897315979, -0.0018476751865819097], [-0.08420725166797638, 0.027538541704416275, 0.9960675835609436]], [[0.9401726126670837, -0.1299239844083786, -0.3149527609348297], [0.13477785885334015, 0.9908550381660461, -0.006418041419237852], [0.312906414270401, -0.03641459718346596, 0.9490856528282166]], [[0.7137868404388428, 0.5372595191001892, -0.4492890536785126], [-0.36690837144851685, 0.833286702632904, 0.4135354161262512], [0.5965624451637268, -0.1303282082080841, 0.7919141054153442]], [[0.622900664806366, -0.7822869420051575, 0.004687193781137466], [0.7795521020889282, 0.6201989650726318, -0.08747436106204987], [0.06552305072546005, 0.05814174935221672, 0.9961557388305664]], [[-0.37910985946655273, -0.16915683448314667, -0.9097591042518616], [0.5697410106658936, 0.7320316433906555, -0.3735302984714508], [0.7291576266288757, -0.6599361300468445, -0.1811448335647583]], [[0.8825898766517639, 0.08878833800554276, 0.4616834819316864], [-0.09611079841852188, 0.9953410029411316, -0.007685516960918903], [-0.46021485328674316, -0.03758959472179413, 0.8870114088058472]], [[0.9012003540992737, -0.4200533926486969, -0.10673856735229492], [0.40447983145713806, 0.9036141037940979, -0.14098794758319855], [0.15567295253276825, 0.08388479053974152, 0.9842404723167419]], [[0.9756121039390564, 0.21255235373973846, 0.054795265197753906], [-0.2072967141866684, 0.9742764234542847, -0.08839395642280579], [-0.0721740797162056, 0.07487934082746506, 0.9945772886276245]], [[0.9672237634658813, 0.24239780008792877, -0.07564064860343933], [-0.22765298187732697, 0.9597375988960266, 0.16455356776714325], [0.11248259991407394, -0.14194029569625854, 0.9834635853767395]], [[0.9729262590408325, -0.21710535883903503, 0.0792447030544281], [0.2010202258825302, 0.9641234874725342, 0.1733686327934265], [-0.11404094845056534, -0.1527451127767563, 0.9816636443138123]]]], "pred_betas": [[-0.09468725323677063, 0.06105321645736694, 0.47101885080337524, 0.7824557423591614, 0.12844109535217285, 0.2864874005317688, -0.2190738022327423, 0.22382590174674988, 0.6858483552932739, -0.179563969373703]], "pred_camera": [1.2198662757873535, -0.13337098062038422, 0.30726319551467896]}