{"pred_joints_img": [[396.3472595214844, 152.74989318847656, -41.04494857788086], [387.0758056640625, 177.9169464111328, -3.523399829864502], [356.484619140625, 202.27294921875, -31.350852966308594], [331.6849670410156, 256.04217529296875, -39.57917022705078], [342.658935546875, 304.1348876953125, -73.28740692138672], [413.2115478515625, 194.23617553710938, 31.390926361083984], [446.4544982910156, 237.99339294433594, 58.75730514526367], [484.18048095703125, 207.13568115234375, 26.521120071411133], [395.3281555175781, 293.96087646484375, 6.857555866241455], [393.93511962890625, 316.2750244140625, -8.130023956298828], [448.11627197265625, 354.45123291015625, -68.25371551513672], [428.74444580078125, 440.1605529785156, -36.196956634521484], [413.935791015625, 311.4822082519531, 16.680374145507812], [493.0042724609375, 335.9033508300781, -11.085219383239746], [474.2577819824219, 424.930419921875, 10.060846328735352], [388.1105651855469, 143.4143829345703, -33.746402740478516], [403.84954833984375, 143.7978057861328, -32.91486740112305], [376.904541015625, 146.9033203125, -12.145076751708984], [412.0375671386719, 147.54742431640625, -9.521446228027344], [515.2184448242188, 438.37115478515625, -8.623607635498047], [510.9530029296875, 438.172119140625, 10.578970909118652], [462.3959045410156, 431.3887023925781, 19.529281616210938], [464.2919616699219, 459.06561279296875, -60.49827194213867], [444.5050354003906, 460.56201171875, -66.02735900878906], [416.539794921875, 447.76348876953125, -26.521135330200195], [428.74444580078125, 440.1605529785156, -36.196956634521484], [448.11627197265625, 354.45123291015625, -68.25371551513672], [369.9732971191406, 295.29583740234375, -14.824934959411621], [411.7625427246094, 284.33026123046875, 34.25493621826172], [493.0042724609375, 335.9033508300781, -11.085219383239746], [474.2577819824219, 424.930419921875, 10.060846328735352], [342.658935546875, 304.1348876953125, -73.28740692138672], [331.6849670410156, 256.04217529296875, -39.57917022705078], [356.484619140625, 202.27294921875, -31.350852966308594], [413.2115478515625, 194.23617553710938, 31.390926361083984], [446.4544982910156, 237.99339294433594, 58.75730514526367], [484.18048095703125, 207.13568115234375, 26.521120071411133], [388.3006896972656, 178.72178649902344, -5.355702877044678], [395.8753662109375, 115.18927001953125, -15.110013961791992], [387.8343811035156, 292.3836669921875, 12.77805233001709], [385.5255432128906, 192.15670776367188, -0.4906746745109558], [379.0259704589844, 234.5154266357422, 8.916852951049805], [396.8827819824219, 160.26351928710938, -23.555124282836914], [394.59100341796875, 130.08065795898438, -12.024555206298828], [396.3472595214844, 152.74989318847656, -41.04494857788086], [403.84954833984375, 143.7978057861328, -32.91486740112305], [388.1105651855469, 143.4143829345703, -33.746402740478516], [412.0375671386719, 147.54742431640625, -9.521446228027344], [376.904541015625, 146.9033203125, -12.145076751708984]], "pred_body_pose": [[2.5249154567718506, -0.47569549083709717, 1.1238540410995483, -0.7671973705291748, 0.02885407954454422, 0.2104112058877945, -0.7045425772666931, 0.07735306769609451, -0.13601845502853394, 0.6545410752296448, -0.033801209181547165, -0.025154130533337593, 1.4308547973632812, 0.03824133425951004, -0.1742812842130661, 1.4304227828979492, 0.04865014925599098, 0.1440241038799286, 0.020971059799194336, -0.00786560121923685, -0.03514527902007103, -0.11856218427419662, 0.11595330387353897, -0.025680238381028175, -0.0756784975528717, -0.06654397398233414, 0.020245002582669258, 0.009104246273636818, -0.010654204525053501, -0.034792445600032806, -0.210556760430336, 0.06088550016283989, 0.12291789054870605, -0.207585409283638, -0.07045326381921768, -0.15652233362197876, -0.09063592553138733, -0.43851760029792786, -0.07085893303155899, -0.015227144584059715, -0.025445278733968735, -0.20005115866661072, 0.00915200263261795, 0.08570563048124313, 0.25824376940727234, 0.00507589615881443, -0.3282991349697113, 0.0931071937084198, -0.16572657227516174, -0.3306417763233185, -0.589662492275238, 0.05723777413368225, 0.07482155412435532, 0.8121227025985718, -0.16986538469791412, -1.608931303024292, 0.6376314163208008, 0.04468252882361412, 0.6783193349838257, -0.09801169484853745, 0.10309655219316483, -0.08299485594034195, 0.3422989845275879, 0.07900591194629669, 0.04611304774880409, -0.20296405255794525, -0.16288445889949799, -0.0932973250746727, -0.2316157966852188, -0.15045742690563202, 0.09156188368797302, 0.19059164822101593]], "pred_rotmat": [[[[0.6319185495376587, -0.4294359087944031, 0.6451849937438965], [-0.1642511934041977, -0.8877541422843933, -0.4300163984298706], [0.7574301362037659, 0.16576296091079712, -0.6315236687660217]], [[0.9786133766174316, -0.19937807321548462, -0.05063841491937637], [0.1783858686685562, 0.6999289393424988, 0.6915765404701233], [-0.10244188457727432, -0.6858192086219788, 0.7205260396003723]], [[0.9882799983024597, 0.09842746704816818, 0.11668210476636887], [-0.15060116350650787, 0.7535414695739746, 0.6399176120758057], [-0.024939335882663727, -0.6499902009963989, 0.7595332264900208]], [[0.9991437196731567, 0.0127177769318223, -0.039370547980070114], [-0.03406018763780594, 0.7930530309677124, -0.6081996560096741], [0.023487983271479607, 0.6090198755264282, 0.7928071022033691]], [[0.9866557121276855, 0.14279918372631073, -0.07822395861148834], [-0.09692883491516113, 0.1291160136461258, -0.9868809580802917], [-0.13082581758499146, 0.981293797492981, 0.1412344127893448]], [[0.9903051257133484, -0.07005322724580765, 0.11995138227939606], [0.12844149768352509, 0.13292543590068817, -0.9827684164047241], [0.0529014989733696, 0.9886472821235657, 0.1406344771385193]], [[0.9993515610694885, 0.03505263850092888, -0.008231787011027336], [-0.035217564553022385, 0.9991626143455505, -0.020826788619160652], [0.007494860328733921, 0.021103188395500183, 0.9997491836547852]], [[0.9929642081260681, 0.018702156841754913, 0.11692862212657928], [-0.032417599111795425, 0.9926589727401733, 0.11652113497257233], [-0.11389105767011642, -0.11949186772108078, 0.9862810969352722]], [[0.9975830912590027, -0.01769360899925232, -0.06719224900007248], [0.022725136950612068, 0.996934175491333, 0.07487230002880096], [0.0656614825129509, -0.07621830701828003, 0.9949267506599426]], [[0.9993380308151245, 0.0347357876598835, -0.01081006694585085], [-0.034832779318094254, 0.9993533492088318, -0.008916790597140789], [0.010493345558643341, 0.00928743276745081, 0.9999017715454102]], [[0.9906414151191711, -0.12800449132919312, 0.04737405106425285], [0.11525199562311172, 0.9704345464706421, 0.21206989884376526], [-0.07311933487653732, -0.20462530851364136, 0.9761054515838623]], [[0.985357403755188, 0.16190488636493683, -0.053456515073776245], [-0.14736801385879517, 0.9664084315299988, 0.2105647772550583], [0.08575227856636047, -0.19960378110408783, 0.9761173129081726]], [[0.9030188918113708, 0.08799110352993011, -0.4204929769039154], [-0.04892178252339363, 0.9934946894645691, 0.1028350368142128], [0.4268060624599457, -0.07229073345661163, 0.9014491438865662]], [[0.979735255241394, 0.1988833099603653, -0.023754261434078217], [-0.19849719107151031, 0.9799423217773438, 0.017660072073340416], [0.02679010108113289, -0.012587041594088078, 0.9995618462562561]], [[0.96321040391922, -0.25467565655708313, 0.08582524955272675], [0.25545522570610046, 0.9668189287185669, 0.001958924112841487], [-0.08347636461257935, 0.02003765106201172, 0.9963082671165466]], [[0.9423384070396423, -0.09213539958000183, -0.32172903418540955], [0.0904850959777832, 0.9956946969032288, -0.020113667473196983], [0.3221970498561859, -0.010157802142202854, 0.9466182589530945]], [[0.7805653810501099, 0.5694978833198547, -0.2576620578765869], [-0.5168787240982056, 0.8198686838150024, 0.24627555906772614], [0.35150250792503357, -0.05905415490269661, 0.9343224763870239]], [[0.6855459809303284, -0.7226012349128723, 0.08873633295297623], [0.7266505360603333, 0.6866438388824463, -0.022343991324305534], [-0.04478445649147034, 0.0797981396317482, 0.9958045482635498]], [[-0.156263530254364, -0.2559894919395447, -0.9539660215377808], [0.46699726581573486, 0.831909716129303, -0.2997327148914337], [0.8703420758247375, -0.49233680963516235, -0.010450758039951324]], [[0.774226725101471, 0.10505382716655731, 0.6241287589073181], [-0.07591765373945236, 0.9944231510162354, -0.07320678979158401], [-0.6283386945724487, 0.009296251460909843, 0.7778844237327576]], [[0.9386646747589111, -0.3388972580432892, -0.06369656324386597], [0.3304363489151001, 0.9368152618408203, -0.11484362930059433], [0.09859208762645721, 0.08675199747085571, 0.991339385509491]], [[0.9784289598464966, 0.20310570299625397, 0.03774845227599144], [-0.19947753846645355, 0.9763795733451843, -0.08301524817943573], [-0.05371769517660141, 0.07369454950094223, 0.9958330988883972]], [[0.9690550565719604, 0.23574218153953552, -0.0731973871588707], [-0.22065770626068115, 0.960207462310791, 0.17120704054832458], [0.11064539104700089, -0.1497574895620346, 0.9825122356414795]], [[0.9777708053588867, -0.195309117436409, 0.07627994567155838], [0.18161006271839142, 0.9706838130950928, 0.15745094418525696], [-0.10479530692100525, -0.1400977224111557, 0.984576404094696]]]], "pred_betas": [[0.017405880615115166, -0.13370683789253235, 0.46964964270591736, 0.6081192493438721, 0.10623595118522644, 0.1947864145040512, -0.2964743375778198, 0.22008608281612396, 0.6561391353607178, -0.06112461909651756]], "pred_camera": [1.163196086883545, -0.05983823537826538, 0.2606310248374939]}