{"pred_joints_img": [[394.2434997558594, 151.39816284179688, -45.31315994262695], [383.5835876464844, 180.0126953125, -10.4693603515625], [355.63787841796875, 206.36489868164062, -39.88772201538086], [330.62835693359375, 260.90020751953125, -39.705806732177734], [326.2471618652344, 316.55865478515625, -61.954463958740234], [410.2032775878906, 195.20144653320312, 24.303138732910156], [459.7913818359375, 231.2344207763672, 31.137203216552734], [464.30645751953125, 179.13888549804688, 4.391534328460693], [395.96337890625, 296.0953674316406, 6.41746187210083], [398.6518859863281, 319.80535888671875, -6.019274711608887], [471.12615966796875, 355.76995849609375, -45.77937698364258], [524.239013671875, 432.79693603515625, -38.066749572753906], [413.9052734375, 311.1902160644531, 20.588308334350586], [498.93804931640625, 331.7449035644531, 11.492594718933105], [498.4029235839844, 418.7352294921875, 46.55093002319336], [384.5624084472656, 143.45228576660156, -37.75527572631836], [400.2431945800781, 142.43019104003906, -35.60285186767578], [372.2059631347656, 149.83419799804688, -17.391944885253906], [407.0728759765625, 147.64852905273438, -11.890833854675293], [543.0003051757812, 429.54156494140625, 36.204097747802734], [536.162841796875, 427.326904296875, 54.52922821044922], [485.9039306640625, 426.44049072265625, 55.11318588256836], [565.7128295898438, 421.77996826171875, -59.090965270996094], [551.11474609375, 434.00390625, -67.54094696044922], [519.9815673828125, 448.06182861328125, -30.580860137939453], [524.239013671875, 432.79693603515625, -38.066749572753906], [471.12615966796875, 355.76995849609375, -45.77937698364258], [374.73876953125, 301.1812744140625, -18.605730056762695], [406.7634582519531, 282.7547912597656, 33.97364807128906], [498.93804931640625, 331.7449035644531, 11.492594718933105], [498.4029235839844, 418.7352294921875, 46.55093002319336], [326.2471618652344, 316.55865478515625, -61.954463958740234], [330.62835693359375, 260.90020751953125, -39.705806732177734], [355.63787841796875, 206.36489868164062, -39.88772201538086], [410.2032775878906, 195.20144653320312, 24.303138732910156], [459.7913818359375, 231.2344207763672, 31.137203216552734], [464.30645751953125, 179.13888549804688, 4.391534328460693], [385.1437072753906, 180.67410278320312, -12.062517166137695], [388.2027893066406, 116.38461303710938, -16.08392906188965], [387.5275573730469, 294.48779296875, 10.421936988830566], [383.1663818359375, 194.496337890625, -8.1316499710083], [375.58831787109375, 236.42987060546875, 2.1447978019714355], [394.2261657714844, 160.43727111816406, -28.250675201416016], [388.12249755859375, 131.52745056152344, -14.401885032653809], [394.2434997558594, 151.39816284179688, -45.31315994262695], [400.2431945800781, 142.43019104003906, -35.60285186767578], [384.5624084472656, 143.45228576660156, -37.75527572631836], [407.0728759765625, 147.64852905273438, -11.890833854675293], [372.2059631347656, 149.83419799804688, -17.391944885253906]], "pred_body_pose": [[2.480921506881714, -0.6842334270477295, 1.2986243963241577, -0.7186400294303894, -0.020898882299661636, 0.2674247622489929, -0.7175578474998474, 0.05045109614729881, -0.0023098608944565058, 0.6510359048843384, -0.05656901001930237, -0.08465694636106491, 1.2789602279663086, 0.007703790906816721, -0.10631497949361801, 0.606009304523468, -0.005471317563205957, 0.09486862272024155, -0.001155993202701211, -0.038228824734687805, -0.06213156878948212, -0.00018186132365372032, 0.11101331561803818, -0.11968362331390381, 0.12721726298332214, -0.059432048350572586, 0.12291586399078369, 0.004602030385285616, -0.046084851026535034, -0.03746085986495018, -0.22646455466747284, 0.03847993537783623, 0.1548311561346054, -0.1256934553384781, -0.04778578504920006, -0.2946707606315613, -0.14436577260494232, -0.41062691807746887, -0.12474221736192703, -0.0581076443195343, -0.16863013803958893, -0.1672065258026123, 0.013831720687448978, 0.0896771177649498, 0.2836438715457916, -0.03364024683833122, -0.3466816842556, 0.15300720930099487, -0.291927307844162, -0.6414088010787964, -0.5093922019004822, 0.07209788262844086, -0.05724702030420303, 0.9005303978919983, -0.23852553963661194, -1.8191020488739014, 0.8261368870735168, -0.009352734312415123, 0.42633092403411865, -0.099965900182724, 0.14700227975845337, -0.14535926282405853, 0.4326615035533905, 0.10460982471704483, 0.06072439253330231, -0.20987409353256226, -0.15366271138191223, -0.09142891317605972, -0.23078782856464386, -0.16730912029743195, 0.09881749749183655, 0.20527371764183044]], "pred_rotmat": [[[[0.49006280303001404, -0.5171221494674683, 0.7017285823822021], [-0.28639882802963257, -0.8558521270751953, -0.4306887686252594], [0.8232946395874023, 0.010090307332575321, -0.5675244927406311]], [[0.9657533764839172, -0.23481199145317078, -0.11037976294755936], [0.24910862743854523, 0.7201551795005798, 0.6475503444671631], [-0.07256202399730682, -0.6528705358505249, 0.7539860010147095]], [[0.998778760433197, -0.015217871405184269, 0.04700499027967453], [-0.019449369981884956, 0.7534641623497009, 0.6572012901306152], [-0.04541778191924095, -0.6573128700256348, 0.7522480487823486]], [[0.9950014352798462, 0.06090455874800682, -0.0791376605629921], [-0.09641954302787781, 0.792178750038147, -0.6026243567466736], [0.02598860114812851, 0.6072425246238708, 0.7940914034843445]], [[0.9950570464134216, 0.08372741937637329, -0.05339571088552475], [-0.0751548632979393, 0.28348737955093384, -0.9560264945030212], [-0.06490863114595413, 0.9553139209747314, 0.28837862610816956]], [[0.995624840259552, -0.09063656628131866, 0.022720901295542717], [0.08742356300354004, 0.8177017569541931, -0.5689647793769836], [0.03299008682370186, 0.5684617757797241, 0.8220479488372803]], [[0.9973402619361877, 0.06209854036569595, -0.038159020245075226], [-0.06205437704920769, 0.9980700016021729, 0.0023420494981110096], [0.038230814039707184, 3.211376679246314e-05, 0.9992688894271851]], [[0.986705482006073, 0.11914270371198654, 0.11053179204463959], [-0.11916285753250122, 0.9928538203239441, -0.006447444669902325], [-0.11051007360219955, -0.006809554062783718, 0.9938517212867737]], [[0.9907068014144897, -0.12597312033176422, -0.051291849464178085], [0.11843427270650864, 0.9843990802764893, -0.13012215495109558], [0.06688354909420013, 0.12283819168806076, 0.990170419216156]], [[0.9982369542121887, 0.037332698702812195, -0.046143777668476105], [-0.037544723600149155, 0.9992879629135132, -0.003736375132575631], [0.04597143456339836, 0.0054622432217001915, 0.9989278316497803]], [[0.9873545169830322, -0.15718784928321838, 0.020569609478116035], [0.1485290825366974, 0.9626105427742004, 0.22653910517692566], [-0.05540971830487251, -0.22061921656131744, 0.9737848043441772]], [[0.9558310508728027, 0.29252225160598755, -0.028596844524145126], [-0.28656822443008423, 0.9491322040557861, 0.13048632442951202], [0.06531234085559845, -0.11652792245149612, 0.9910376071929932]], [[0.9094750285148621, 0.1496606320142746, -0.38788774609565735], [-0.09138602763414383, 0.9821078181266785, 0.16465988755226135], [0.40559065341949463, -0.11430652439594269, 0.9068794250488281]], [[0.9719430804252625, 0.170420840382576, -0.1621214896440506], [-0.16067084670066833, 0.9844106435775757, 0.07155847549438477], [0.17178916931152344, -0.0435025654733181, 0.9841727614402771]], [[0.9560781717300415, -0.27885422110557556, 0.09030462801456451], [0.28008541464805603, 0.9599745869636536, -0.001003711367957294], [-0.08641025424003601, 0.026252640411257744, 0.9959137439727783]], [[0.929062008857727, -0.14358177781105042, -0.34092211723327637], [0.15510424971580505, 0.9878758788108826, 0.0066305771470069885], [0.3358366787433624, -0.059038691222667694, 0.9400680661201477]], [[0.6851674914360046, 0.5354532599449158, -0.49379679560661316], [-0.35971325635910034, 0.8382385969161987, 0.4098321199417114], [0.6333655118942261, -0.10317839682102203, 0.7669434547424316]], [[0.6199358701705933, -0.7844116687774658, -0.019436785951256752], [0.7805585265159607, 0.6190392374992371, -0.08671054989099503], [0.08004890382289886, 0.038583431392908096, 0.996043860912323]], [[-0.40705934166908264, -0.21829873323440552, -0.8869320154190063], [0.5242016315460205, 0.7393612265586853, -0.4225609004497528], [0.7480076551437378, -0.6369385123252869, -0.18653135001659393]], [[0.905647337436676, 0.09483818709850311, 0.41328996419906616], [-0.09876219928264618, 0.9950397610664368, -0.01191423088312149], [-0.41236984729766846, -0.03002733737230301, 0.9105215668678284]], [[0.8978180289268494, -0.42675134539604187, -0.10865601897239685], [0.40578949451446533, 0.8975824117660522, -0.1722809374332428], [0.1710488498210907, 0.11058545857667923, 0.9790368676185608]], [[0.9762491583824158, 0.21098832786083221, 0.049208398908376694], [-0.20466692745685577, 0.9726390242576599, -0.10993091762065887], [-0.07105614244937897, 0.09724864363670349, 0.992720365524292]], [[0.9694070816040039, 0.23449812829494476, -0.07252947241067886], [-0.22054839134216309, 0.9618346691131592, 0.16196472942829132], [0.10774177312850952, -0.141013503074646, 0.9841275215148926]], [[0.9742212295532227, -0.2107628732919693, 0.08044885843992233], [0.1943395882844925, 0.9651680588722229, 0.1751651018857956], [-0.11456496268510818, -0.15501517057418823, 0.9812467694282532]]]], "pred_betas": [[-0.04413875192403793, 0.07765451818704605, 0.559601366519928, 0.831157386302948, 0.14583909511566162, 0.2553427517414093, -0.15994316339492798, 0.18617171049118042, 0.6667951345443726, -0.20820704102516174]], "pred_camera": [1.1977906227111816, -0.15309426188468933, 0.30029404163360596]}