{"pred_joints_img": [[395.3274230957031, 147.82394409179688, -47.277931213378906], [383.78839111328125, 177.46990966796875, -11.551745414733887], [355.18939208984375, 205.57830810546875, -41.654598236083984], [328.5554504394531, 260.96392822265625, -41.81181716918945], [324.5743713378906, 317.45281982421875, -65.91380310058594], [411.1705322265625, 191.82125854492188, 25.3450984954834], [458.2174072265625, 232.12193298339844, 37.33738327026367], [471.2167053222656, 184.16549682617188, 3.4221575260162354], [399.0877685546875, 296.7362976074219, 6.892846584320068], [402.6301574707031, 320.9987487792969, -6.161304950714111], [477.7554016113281, 361.2236328125, -41.1299934387207], [540.4801025390625, 433.67535400390625, -34.402164459228516], [417.8035888671875, 311.88250732421875, 21.696489334106445], [505.1485900878906, 332.4458312988281, 17.090906143188477], [486.26422119140625, 418.711669921875, 54.55347442626953], [384.6110534667969, 140.0594482421875, -40.156700134277344], [400.509033203125, 138.358154296875, -37.006526947021484], [370.84564208984375, 147.1145477294922, -19.907445907592773], [406.42547607421875, 143.25997924804688, -12.184674263000488], [530.7780151367188, 436.53948974609375, 49.77790069580078], [522.3070068359375, 432.4041748046875, 67.65380859375], [471.4103088378906, 424.2505798339844, 61.845420837402344], [581.3446655273438, 417.25653076171875, -55.894142150878906], [567.69677734375, 431.003173828125, -65.38729095458984], [537.9700927734375, 449.71484375, -26.870145797729492], [540.4801025390625, 433.67535400390625, -34.402164459228516], [477.7554016113281, 361.2236328125, -41.1299934387207], [377.7715148925781, 302.2749938964844, -19.59849739074707], [409.5743408203125, 282.9173583984375, 35.837093353271484], [505.1485900878906, 332.4458312988281, 17.090906143188477], [486.26422119140625, 418.711669921875, 54.55347442626953], [324.5743713378906, 317.45281982421875, -65.91380310058594], [328.5554504394531, 260.96392822265625, -41.81181716918945], [355.18939208984375, 205.57830810546875, -41.654598236083984], [411.1705322265625, 191.82125854492188, 25.3450984954834], [458.2174072265625, 232.12193298339844, 37.33738327026367], [471.2167053222656, 184.16549682617188, 3.4221575260162354], [385.4247741699219, 178.01576232910156, -13.20547866821289], [385.8924560546875, 111.8470458984375, -17.96804428100586], [390.33453369140625, 295.26116943359375, 10.873454093933105], [383.4898681640625, 192.2486572265625, -8.80702018737793], [376.7491760253906, 235.6410369873047, 2.579705238342285], [394.57830810546875, 157.1202850341797, -29.730384826660156], [386.3770751953125, 127.4398193359375, -16.100618362426758], [395.3274230957031, 147.82394409179688, -47.277931213378906], [400.509033203125, 138.358154296875, -37.006526947021484], [384.6110534667969, 140.0594482421875, -40.156700134277344], [406.42547607421875, 143.25997924804688, -12.184674263000488], [370.84564208984375, 147.1145477294922, -19.907445907592773]], "pred_body_pose": [[2.456758975982666, -0.7061218023300171, 1.3153668642044067, -0.6912082433700562, -0.006973991170525551, 0.2905338704586029, -0.6526439189910889, 0.027262721210718155, 0.030684156343340874, 0.6461824178695679, -0.05038869380950928, -0.08064530044794083, 1.4578540325164795, 0.03947684168815613, -0.11821259558200836, 0.4548626244068146, -0.01801605336368084, 0.08016259968280792, 0.013729148544371128, -0.04992395639419556, -0.050512004643678665, -0.006981347221881151, 0.08161554485559464, -0.09837762266397476, 0.11406415700912476, -0.04193936660885811, 0.11015983670949936, 0.006671849638223648, -0.048519860953092575, -0.02739855647087097, -0.23256810009479523, 0.04370145499706268, 0.11048968136310577, -0.09441748261451721, -0.024976089596748352, -0.2739621698856354, -0.16235443949699402, -0.38905876874923706, -0.11682819575071335, -0.027030473574995995, -0.14752870798110962, -0.1674051433801651, 0.018921464681625366, 0.06939911842346191, 0.26939767599105835, -0.0374135822057724, -0.31629014015197754, 0.14910940825939178, -0.25805559754371643, -0.5934051275253296, -0.5783383250236511, 0.04877149686217308, -0.07590674608945847, 0.8710492849349976, -0.1805834025144577, -1.7833740711212158, 0.746438205242157, -0.022924289107322693, 0.4600823223590851, -0.08747684210538864, 0.14759781956672668, -0.1425856649875641, 0.38579729199409485, 0.12251043319702148, 0.06569505482912064, -0.19444403052330017, -0.1677577793598175, -0.09247233718633652, -0.22126159071922302, -0.19058427214622498, 0.09557825326919556, 0.20736871659755707]], "pred_rotmat": [[[[0.4701721966266632, -0.5330173969268799, 0.7034419178962708], [-0.29175910353660583, -0.8460922241210938, -0.44609925150871277], [0.8329554796218872, 0.0045078773982822895, -0.5533217191696167]], [[0.959712564945221, -0.2617652714252472, -0.1021311953663826], [0.26636406779289246, 0.7318359017372131, 0.6272689700126648], [-0.08945395052433014, -0.6292020082473755, 0.7720769643783569]], [[0.9991872310638428, -0.037127409130334854, 0.01569964550435543], [0.01995966210961342, 0.7940558195114136, 0.6075170636177063], [-0.035021934658288956, -0.606709897518158, 0.7941514849662781]], [[0.9956371784210205, 0.05932300537824631, -0.07202433794736862], [-0.09074212610721588, 0.7954034209251404, -0.5992489457130432], [0.021739162504673004, 0.6031700968742371, 0.797316312789917]], [[0.9935240149497986, 0.10431921482086182, -0.045027296990156174], [-0.056329917162656784, 0.10806678980588913, -0.9925464987754822], [-0.09867572784423828, 0.9886552095413208, 0.11324324458837509]], [[0.9966843724250793, -0.08136344701051712, 0.00052784284343943], [0.07331349700689316, 0.895222544670105, -0.4395470917224884], [0.03529053553938866, 0.43812841176986694, 0.8982193470001221]], [[0.9974792003631592, 0.050125401467084885, -0.05022701621055603], [-0.05081051588058472, 0.9986305832862854, -0.012456848286092281], [0.04953383654356003, 0.01497750636190176, 0.998660147190094]], [[0.9918414950370789, 0.09782465547323227, 0.0817357525229454], [-0.09839366376399994, 0.9951431751251221, 0.0029532017651945353], [-0.08104988187551498, -0.010971388779580593, 0.9966496229171753]], [[0.9930685758590698, -0.11205306649208069, -0.0354829877614975], [0.10728000849485397, 0.9874552488327026, -0.11585821956396103], [0.0480201318860054, 0.11124853044748306, 0.9926318526268005]], [[0.9984479546546936, 0.02722235582768917, -0.048585761338472366], [-0.02754599042236805, 0.9996024370193481, -0.006003834307193756], [0.04840301349759102, 0.007332859095185995, 0.9988008737564087]], [[0.9929811954498291, -0.11429092288017273, 0.03043103776872158], [0.10418499261140823, 0.9670400023460388, 0.2323339581489563], [-0.05598169192671776, -0.227532759308815, 0.9721599221229553]], [[0.962426483631134, 0.2712866961956024, -0.01178294699639082], [-0.2689450979232788, 0.9583101272583008, 0.09648912400007248], [0.03746793419122696, -0.08969471603631973, 0.9952642917633057]], [[0.9187996983528137, 0.14421959221363068, -0.36743414402008057], [-0.08205512166023254, 0.9803130626678467, 0.17959171533584595], [0.3861011564731598, -0.13485895097255707, 0.9125453233718872]], [[0.9752100110054016, 0.16798464953899384, -0.14403663575649261], [-0.16401363909244537, 0.9856828451156616, 0.039100080728530884], [0.14854265749454498, -0.014506819657981396, 0.9887995719909668]], [[0.9615544080734253, -0.265267938375473, 0.07103554159402847], [0.26657259464263916, 0.9637690782546997, -0.009389657527208328], [-0.06597108393907547, 0.027964793145656586, 0.9974295496940613]], [[0.9394910335540771, -0.14019885659217834, -0.3125716745853424], [0.1519109457731247, 0.988304615020752, 0.0133082689717412], [0.3070501983165741, -0.05998604744672775, 0.9498010873794556]], [[0.6777116656303406, 0.5803025364875793, -0.45161473751068115], [-0.43654441833496094, 0.8117409944534302, 0.3879503607749939], [0.5917227864265442, -0.06576857715845108, 0.8034541606903076]], [[0.6415672302246094, -0.7656468152999878, -0.04665231332182884], [0.7621753215789795, 0.6431534886360168, -0.07377251237630844], [0.0864882841706276, 0.01177278533577919, 0.9961833357810974]], [[-0.35067424178123474, -0.24190378189086914, -0.9047154784202576], [0.4746640920639038, 0.7868678569793701, -0.3943767547607422], [0.8072926998138428, -0.5677337050437927, -0.1611112505197525]], [[0.8923305869102478, 0.07912895828485489, 0.44439274072647095], [-0.08948416262865067, 0.9959855675697327, 0.0023361879866570234], [-0.44242382049560547, -0.04185077175498009, 0.8958292007446289]], [[0.9167523384094238, -0.38399192690849304, -0.1100696474313736], [0.3632793426513672, 0.9160366654396057, -0.17001470923423767], [0.16611209511756897, 0.11587536334991455, 0.979275107383728]], [[0.979037880897522, 0.19660280644893646, 0.05321716517210007], [-0.18859273195266724, 0.9737168550491333, -0.12770384550094604], [-0.07692538946866989, 0.11499054729938507, 0.9903835654258728]], [[0.971450686454773, 0.22581782937049866, -0.07273083925247192], [-0.21041525900363922, 0.9617246389389038, 0.17553074657917023], [0.10958501696586609, -0.1552157998085022, 0.9817835688591003]], [[0.9741231799125671, -0.2133658528327942, 0.07455997169017792], [0.19528400897979736, 0.960629403591156, 0.19762398302555084], [-0.11379071325063705, -0.1779496967792511, 0.9774383306503296]]]], "pred_betas": [[-0.0014012735337018967, -0.13042892515659332, 0.600438117980957, 0.9262012243270874, 0.19829852879047394, 0.24176260828971863, -0.1407974660396576, 0.24637790024280548, 0.46799248456954956, -0.23879045248031616]], "pred_camera": [1.2971454858779907, -0.1742195338010788, 0.3711351156234741]}