{"pred_joints_img": [[396.471923828125, 149.98092651367188, -43.95881652832031], [386.91741943359375, 177.1193389892578, -8.188518524169922], [354.91900634765625, 200.30430603027344, -33.99749755859375], [321.14453125, 248.51220703125, -34.58599853515625], [326.7106018066406, 290.97064208984375, -75.02155303955078], [413.7613830566406, 194.94888305664062, 26.02128791809082], [439.23583984375, 245.92987060546875, 46.27623748779297], [476.15924072265625, 222.87667846679688, 8.512995719909668], [398.7247314453125, 291.0987854003906, 6.667243480682373], [400.9728698730469, 314.04669189453125, -6.4362969398498535], [471.9647521972656, 348.26165771484375, -45.9007682800293], [501.75103759765625, 432.6987609863281, -24.920732498168945], [416.635498046875, 306.27716064453125, 19.958309173583984], [499.47467041015625, 327.6861572265625, 11.58551025390625], [484.78125, 412.6471252441406, 43.23690414428711], [387.0725402832031, 141.86669921875, -36.863433837890625], [402.5199890136719, 140.93003845214844, -34.944053649902344], [374.9573974609375, 147.28778076171875, -16.380264282226562], [409.48114013671875, 145.19012451171875, -11.472063064575195], [527.3336181640625, 428.33905029296875, 35.41746520996094], [519.9247436523438, 425.4285888671875, 53.029911041259766], [471.0904541015625, 418.58795166015625, 50.6824836730957], [544.6176147460938, 431.8061218261719, -42.952205657958984], [528.798095703125, 441.5023193359375, -51.742210388183594], [493.9743957519531, 445.647216796875, -16.763797760009766], [501.75103759765625, 432.6987609863281, -24.920732498168945], [471.9647521972656, 348.26165771484375, -45.9007682800293], [377.154541015625, 295.4798278808594, -18.036531448364258], [410.0993957519531, 278.64141845703125, 34.196414947509766], [499.47467041015625, 327.6861572265625, 11.58551025390625], [484.78125, 412.6471252441406, 43.23690414428711], [326.7106018066406, 290.97064208984375, -75.02155303955078], [321.14453125, 248.51220703125, -34.58599853515625], [354.91900634765625, 200.30430603027344, -33.99749755859375], [413.7613830566406, 194.94888305664062, 26.02128791809082], [439.23583984375, 245.92987060546875, 46.27623748779297], [476.15924072265625, 222.87667846679688, 8.512995719909668], [388.0188903808594, 177.65707397460938, -9.659067153930664], [390.9911193847656, 114.3492431640625, -16.560922622680664], [390.4420166015625, 289.552001953125, 10.851673126220703], [385.1276550292969, 191.39923095703125, -4.794214248657227], [378.3561706542969, 232.50735473632812, 4.705353260040283], [396.4455871582031, 158.20358276367188, -26.83501625061035], [390.84637451171875, 129.21649169921875, -14.253303527832031], [396.471923828125, 149.98092651367188, -43.95881652832031], [402.5199890136719, 140.93003845214844, -34.944053649902344], [387.0725402832031, 141.86669921875, -36.863433837890625], [409.48114013671875, 145.19012451171875, -11.472063064575195], [374.9573974609375, 147.28778076171875, -16.380264282226562]], "pred_body_pose": [[2.4748239517211914, -0.6493425965309143, 1.2805585861206055, -0.7033847570419312, 0.005460092797875404, 0.281840056180954, -0.720456063747406, 0.06776580214500427, 0.014089120551943779, 0.6270698308944702, -0.06824223697185516, -0.06638423353433609, 1.4051792621612549, 0.024631289765238762, -0.14703184366226196, 0.9110701084136963, 0.01282645296305418, 0.13202622532844543, 0.024489378556609154, -0.06576518714427948, -0.06188822165131569, -0.010924517177045345, 0.12483362853527069, -0.11266523599624634, 0.06580332666635513, -0.09028264135122299, 0.09972450882196426, 0.030471883714199066, -0.06251773983240128, -0.0478462316095829, -0.2629736661911011, 0.01923390105366707, 0.18812230229377747, -0.18705971539020538, -0.03499377891421318, -0.2857550382614136, -0.15928588807582855, -0.41232651472091675, -0.07395803928375244, 0.018911154940724373, -0.08806919306516647, -0.27279213070869446, 0.014746027067303658, -0.01959075778722763, 0.24276982247829437, -0.006405826658010483, -0.2810206115245819, 0.13421478867530823, -0.06454989314079285, -0.3827904164791107, -0.7039828300476074, 0.08784213662147522, -0.08436305075883865, 0.8036556243896484, -0.11838977783918381, -1.6411066055297852, 0.5913761258125305, -0.00898978766053915, 0.9021891355514526, -0.18743672966957092, 0.07779058068990707, -0.12368706613779068, 0.37050512433052063, 0.04601539671421051, 0.09225960075855255, -0.2512980103492737, -0.15313038229942322, -0.09734023362398148, -0.2318114936351776, -0.15000973641872406, 0.09636043012142181, 0.21733565628528595]], "pred_rotmat": [[[[0.5061924457550049, -0.5088182091712952, 0.6963284015655518], [-0.2610698640346527, -0.8599340915679932, -0.43858399987220764], [0.8219560384750366, 0.04021749645471573, -0.5681292414665222]], [[0.9621333479881287, -0.2574613690376282, -0.08951546251773834], [0.2538011074066162, 0.7263854742050171, 0.6387090086936951], [-0.09942016005516052, -0.6372423768043518, 0.7642236948013306]], [[0.9977073669433594, -0.03625478222966194, 0.05714478716254234], [-0.010473084636032581, 0.7515100240707397, 0.6596385836601257], [-0.06685993075370789, -0.6587247848510742, 0.7494074106216431]], [[0.9956179857254028, 0.041333459317684174, -0.08388328552246094], [-0.08271065354347229, 0.80776447057724, -0.5836741924285889], [0.04363265633583069, 0.5880545973777771, 0.8076435327529907]], [[0.9906177520751953, 0.1173710823059082, -0.07000328600406647], [-0.08814895153045654, 0.1573338806629181, -0.9836035370826721], [-0.10443272441625595, 0.9805458784103394, 0.16620387136936188]], [[0.9918064475059509, -0.10870743542909622, 0.06710219383239746], [0.11959075182676315, 0.6053588390350342, -0.7869172692298889], [0.0449228435754776, 0.788494348526001, 0.6133992075920105]], [[0.9959253072738647, 0.0609932616353035, -0.06642650812864304], [-0.06260263919830322, 0.9977866411209106, -0.022420097142457962], [0.06491201370954514, 0.02648722007870674, 0.9975392818450928]], [[0.985895037651062, 0.11145254224538803, 0.12485763430595398], [-0.11281304061412811, 0.993608832359314, 0.0038573064375668764], [-0.12362972646951675, -0.017888469621539116, 0.9921672940254211]], [[0.9909688830375671, -0.10231707990169525, -0.08667059242725372], [0.09638728201389313, 0.9928758144378662, -0.0700509250164032], [0.0932205393910408, 0.061064355075359344, 0.9937710762023926]], [[0.9969029426574707, 0.046837467700242996, -0.06317206472158432], [-0.048741381615400314, 0.9983920454978943, -0.028940971940755844], [0.06171496585011482, 0.031930435448884964, 0.9975829124450684]], [[0.9822759032249451, -0.18735702335834503, -0.005620758049190044], [0.18234305083751678, 0.9481828212738037, 0.2601928412914276], [-0.04341943934559822, -0.25660601258277893, 0.9655404090881348]], [[0.9589651823043823, 0.2834152281284332, -0.007845224812626839], [-0.27693334221839905, 0.9422469735145569, 0.1883573681116104], [0.06077548861503601, -0.17845556139945984, 0.982069194316864]], [[0.9137172698974609, 0.10379987955093384, -0.3928692042827606], [-0.03921407461166382, 0.9848355650901794, 0.16900087893009186], [0.4044537842273712, -0.13901305198669434, 0.9039316773414612]], [[0.9591958522796631, 0.26822832226753235, -0.08942452818155289], [-0.2698824107646942, 0.9628698825836182, -0.006722200661897659], [0.08430109173059464, 0.030582014471292496, 0.9959709048271179]], [[0.9704864025115967, -0.2405116707086563, -0.017615851014852524], [0.240224227309227, 0.9705690741539001, -0.016966382041573524], [0.02117801643908024, 0.012233887799084187, 0.9997008442878723]], [[0.9518977403640747, -0.13116203248500824, -0.2769245505332947], [0.13294769823551178, 0.9910454154014587, -0.012403829023241997], [0.2760717272758484, -0.02500930428504944, 0.9608115553855896]], [[0.6958629488945007, 0.6422700881958008, -0.32134705781936646], [-0.6188634037971497, 0.7632918953895569, 0.18545502424240112], [0.36439380049705505, 0.0698186606168747, 0.9286239743232727]], [[0.6910948157310486, -0.7215439677238464, -0.04197912663221359], [0.7145324349403381, 0.6908114552497864, -0.11055748909711838], [0.10877174884080887, 0.04641026630997658, 0.992982804775238]], [[-0.17129617929458618, -0.2581265866756439, -0.9508039355278015], [0.4076991379261017, 0.859988272190094, -0.3069225251674652], [0.896905243396759, -0.44021663069725037, -0.042074721306562424]], [[0.6046653985977173, 0.15823696553707123, 0.7806028723716736], [-0.16578952968120575, 0.9836044311523438, -0.07096489518880844], [-0.7790337800979614, -0.08650576323270798, 0.6209856271743774]], [[0.9247168302536011, -0.3655349910259247, -0.10622153431177139], [0.356039822101593, 0.9292795062065125, -0.09836231917142868], [0.1346643716096878, 0.05313819274306297, 0.9894654154777527]], [[0.9643885493278503, 0.25032898783683777, 0.08538297563791275], [-0.24610964953899384, 0.9675661325454712, -0.05697288364171982], [-0.0968756303191185, 0.03393041715025902, 0.994718074798584]], [[0.9686217308044434, 0.23587700724601746, -0.0783194974064827], [-0.22107860445976257, 0.9616851806640625, 0.1621292382478714], [0.11356125771999359, -0.1397271454334259, 0.9836565256118774]], [[0.9719255566596985, -0.22166457772254944, 0.07890214771032333], [0.20730452239513397, 0.965360164642334, 0.1584443300962448], [-0.11129049211740494, -0.13763932883739471, 0.9842103123664856]]]], "pred_betas": [[-0.06633216142654419, -0.1420823335647583, 0.4232659935951233, 0.7709763646125793, 0.1050838828086853, 0.1700858175754547, -0.20849406719207764, 0.20807641744613647, 0.6495238542556763, -0.06562145054340363]], "pred_camera": [1.201292872428894, -0.06524507701396942, 0.2851616144180298]}