{"pred_joints_img": [[396.554931640625, 154.21499633789062, -38.91330337524414], [387.92950439453125, 179.3609161376953, -2.8769521713256836], [355.1699523925781, 200.6526641845703, -26.44414520263672], [322.0541687011719, 247.12554931640625, -35.48231506347656], [324.3236999511719, 272.9374084472656, -87.2043228149414], [416.864013671875, 198.18731689453125, 27.347854614257812], [441.7102355957031, 250.4756622314453, 40.448604583740234], [481.7023620605469, 236.66827392578125, 2.904161214828491], [400.1962890625, 291.197998046875, 6.406893253326416], [401.47955322265625, 312.7115173339844, -7.924698352813721], [465.06353759765625, 345.25274658203125, -57.19393539428711], [482.3786315917969, 433.75274658203125, -49.024593353271484], [417.95391845703125, 307.11688232421875, 17.581466674804688], [498.9109191894531, 329.73590087890625, 7.176212310791016], [483.10540771484375, 415.46630859375, 31.262449264526367], [387.7930603027344, 145.70750427246094, -32.19043731689453], [402.9119567871094, 145.17344665527344, -30.789182662963867], [376.34124755859375, 149.63197326660156, -11.700798988342285], [410.13201904296875, 148.41683959960938, -7.936882019042969], [524.5242309570312, 430.8266906738281, 22.098604202270508], [517.2801513671875, 429.41033935546875, 39.4300422668457], [469.6968688964844, 421.62481689453125, 38.26866912841797], [523.2699584960938, 437.5731201171875, -68.54280090332031], [506.2325439453125, 443.81964111328125, -77.10552215576172], [473.16339111328125, 445.9793701171875, -41.80912399291992], [482.3786315917969, 433.75274658203125, -49.024593353271484], [465.06353759765625, 345.25274658203125, -57.19393539428711], [378.1468200683594, 293.4855041503906, -16.80592155456543], [412.5912170410156, 280.88848876953125, 33.49931716918945], [498.9109191894531, 329.73590087890625, 7.176212310791016], [483.10540771484375, 415.46630859375, 31.262449264526367], [324.3236999511719, 272.9374084472656, -87.2043228149414], [322.0541687011719, 247.12554931640625, -35.48231506347656], [355.1699523925781, 200.6526641845703, -26.44414520263672], [416.864013671875, 198.18731689453125, 27.347854614257812], [441.7102355957031, 250.4756622314453, 40.448604583740234], [481.7023620605469, 236.66827392578125, 2.904161214828491], [389.0086669921875, 179.95816040039062, -4.500612735748291], [392.8965759277344, 118.02366638183594, -13.92801284790039], [392.3161926269531, 289.7510986328125, 11.014251708984375], [386.5726318359375, 193.39633178710938, -0.04523422196507454], [380.51171875, 233.92779541015625, 8.500557899475098], [396.66131591796875, 161.39431762695312, -21.91313362121582], [392.41796875, 132.45619201660156, -10.979104042053223], [396.554931640625, 154.21499633789062, -38.91330337524414], [402.9119567871094, 145.17344665527344, -30.789182662963867], [387.7930603027344, 145.70750427246094, -32.19043731689453], [410.13201904296875, 148.41683959960938, -7.936882019042969], [376.34124755859375, 149.63197326660156, -11.700798988342285]], "pred_body_pose": [[2.448526620864868, -0.5686457753181458, 1.2307175397872925, -0.6824780106544495, 0.03536836802959442, 0.29734352231025696, -0.7165336608886719, 0.08604561537504196, -0.07468358427286148, 0.6174038052558899, -0.07883591204881668, -0.041782669723033905, 1.3920291662216187, 0.021823935210704803, -0.15996533632278442, 0.9881870746612549, 0.07508137822151184, 0.12083671241998672, 0.03477191925048828, -0.08144162595272064, -0.049627624452114105, -0.012660244479775429, 0.1301305592060089, -0.11008007079362869, 0.09130789339542389, -0.10845988988876343, 0.14527198672294617, 0.03336700424551964, -0.07010160386562347, -0.04340966418385506, -0.2692992091178894, 0.043404772877693176, 0.18720830976963043, -0.21273866295814514, -0.02721051312983036, -0.32430049777030945, -0.11933448165655136, -0.39730513095855713, -0.06504946947097778, 0.021445022895932198, -0.12585189938545227, -0.2872353494167328, -0.012660025618970394, -0.006421688944101334, 0.2142566293478012, 0.03962830454111099, -0.244773268699646, 0.1246224194765091, -0.06060577929019928, -0.40008458495140076, -0.7367168068885803, 0.011103130877017975, -0.02726336568593979, 0.7034099698066711, -0.1628047525882721, -1.432234525680542, 0.5107796788215637, -0.14681169390678406, 0.9586889743804932, -0.2751520574092865, -0.0003777181264013052, -0.09732871502637863, 0.2910315692424774, 0.03467559069395065, 0.0759916752576828, -0.2440018206834793, -0.11943028122186661, -0.0917297750711441, -0.20406925678253174, -0.14020627737045288, 0.09095772355794907, 0.20806480944156647]], "pred_rotmat": [[[[0.5443669557571411, -0.49295172095298767, 0.6787217259407043], [-0.19735285639762878, -0.8616630434989929, -0.4675346314907074], [0.8153014779090881, 0.12056270986795425, -0.566346287727356]], [[0.957205057144165, -0.28209254145622253, -0.06467089056968689], [0.25905120372772217, 0.7354959845542908, 0.6260496377944946], [-0.1290387660264969, -0.6160109639167786, 0.7770968675613403]], [[0.99378901720047, 0.03880313038825989, 0.10429604351520538], [-0.0978001207113266, 0.7516864538192749, 0.652228832244873], [-0.053089406341314316, -0.6583780646324158, 0.7508127093315125]], [[0.9961469769477844, 0.015567217022180557, -0.08630683273077011], [-0.06268271058797836, 0.8146624565124512, -0.5765379071235657], [0.06133584678173065, 0.5797263979911804, 0.8124993443489075]], [[0.9889653325080872, 0.12537652254104614, -0.07891903817653656], [-0.09965433180332184, 0.16882821917533875, -0.9805947542190552], [-0.10961980372667313, 0.9776389002799988, 0.1794595718383789]], [[0.9906937479972839, -0.06762328743934631, 0.11812279373407364], [0.13585609197616577, 0.5442612171173096, -0.8278422355651855], [-0.008308243937790394, 0.8361858129501343, 0.5483832359313965]], [[0.9954560995101929, 0.048127707093954086, -0.08216390013694763], [-0.05095716565847397, 0.9981655478477478, -0.03269309177994728], [0.0804397389292717, 0.036731377243995667, 0.9960824251174927]], [[0.9855095148086548, 0.10872317105531693, 0.1301930546760559], [-0.11036663502454758, 0.9938759803771973, 0.005453723482787609], [-0.1288028061389923, -0.019743667915463448, 0.9914736747741699]], [[0.9836226105690002, -0.14921101927757263, -0.10110708326101303], [0.13934177160263062, 0.9853299260139465, -0.09853321313858032], [0.11432608217000961, 0.08283106237649918, 0.9899840950965881]], [[0.9966028928756714, 0.04218366742134094, -0.0707329511642456], [-0.04452122002840042, 0.9985020756721497, -0.03180248290300369], [0.06928545981645584, 0.0348435640335083, 0.9969881176948547]], [[0.9817023277282715, -0.18960317969322205, 0.017638858407735825], [0.17802055180072784, 0.9467043280601501, 0.268439382314682], [-0.06759574264287949, -0.26038751006126404, 0.9631351232528687]], [[0.9477081298828125, 0.3190493881702423, 0.007533140946179628], [-0.3133332431316376, 0.9257284998893738, 0.2117759883403778], [0.060593362897634506, -0.20306222140789032, 0.9772891998291016]], [[0.9201424717903137, 0.08651445060968399, -0.38190728425979614], [-0.039794813841581345, 0.9908987879753113, 0.128591850399971], [0.38955655694007874, -0.10312487185001373, 0.9152109026908875]], [[0.9512320756912231, 0.2811903655529022, -0.12684430181980133], [-0.28386709094047546, 0.9588584303855896, -0.0031673985067754984], [0.12073507159948349, 0.03901985287666321, 0.991917610168457]], [[0.9771145582199097, -0.21257345378398895, -0.007723498623818159], [0.21265444159507751, 0.9770552515983582, 0.011877656914293766], [0.005021410528570414, -0.013248267583549023, 0.9998996257781982]], [[0.962519109249115, -0.12784786522388458, -0.2391899973154068], [0.11821001023054123, 0.9915041923522949, -0.054276078939437866], [0.24409694969654083, 0.023967113345861435, 0.9694546461105347]], [[0.6687983274459839, 0.6644091606140137, -0.3335706889629364], [-0.6415560841560364, 0.7424988150596619, 0.19261711835861206], [0.37565240263938904, 0.0851822942495346, 0.9228376746177673]], [[0.7623018026351929, -0.646870493888855, -0.021319963037967682], [0.6465801000595093, 0.7625991702079773, -0.019407471641898155], [0.02881270833313465, 0.0010092866141349077, 0.9995843172073364]], [[0.052367616444826126, -0.23814767599105835, -0.9698162078857422], [0.4292770028114319, 0.8822109699249268, -0.1934555321931839], [0.9016534686088562, -0.40618896484375, 0.14843061566352844]], [[0.5433290600776672, 0.16624434292316437, 0.8228950500488281], [-0.2954671084880829, 0.9553506374359131, 0.0020831585861742496], [-0.7858070135116577, -0.24427025020122528, 0.5681895017623901]], [[0.9532822370529175, -0.28646689653396606, -0.09586279839277267], [0.2865033745765686, 0.957981526851654, -0.013680245727300644], [0.0957537367939949, -0.014423880726099014, 0.9953005313873291]], [[0.9675248265266418, 0.24261616170406342, 0.07094500213861465], [-0.23999564349651337, 0.9697983860969543, -0.0435122475028038], [-0.07935910671949387, 0.02507268451154232, 0.9965308308601379]], [[0.9751045107841492, 0.20733696222305298, -0.07862871885299683], [-0.1964402198791504, 0.9721956253051758, 0.12746360898017883], [0.1028704047203064, -0.10884450376033783, 0.9887216687202454]], [[0.974370539188385, -0.21194243431091309, 0.07538223266601562], [0.19926510751247406, 0.9687119722366333, 0.14795440435409546], [-0.1043814867734909, -0.12914136052131653, 0.9861171245574951]]]], "pred_betas": [[0.019274810329079628, -0.017083486542105675, 0.449579656124115, 0.6330996155738831, 0.06783954799175262, 0.08055566251277924, -0.1678924858570099, 0.18379223346710205, 0.600619912147522, -0.10683271288871765]], "pred_camera": [1.1104809045791626, -0.028134088963270187, 0.22706639766693115]}