{"pred_joints_img": [[396.7202453613281, 150.7655029296875, -47.01859664916992], [384.5690002441406, 178.70162963867188, -11.311552047729492], [354.7214660644531, 203.90931701660156, -40.04816818237305], [326.5725402832031, 257.32342529296875, -41.55027770996094], [329.05267333984375, 309.85400390625, -71.3088150024414], [412.0798034667969, 194.7635498046875, 23.52647590637207], [452.823486328125, 240.69332885742188, 32.33830642700195], [480.6925048828125, 202.06068420410156, -2.5569260120391846], [395.59716796875, 295.55462646484375, 6.5675177574157715], [398.6044616699219, 319.36492919921875, -6.185067176818848], [473.78338623046875, 353.7862243652344, -42.20651626586914], [523.241943359375, 431.75054931640625, -24.684589385986328], [413.451904296875, 310.80633544921875, 21.203977584838867], [499.13201904296875, 329.52825927734375, 14.280023574829102], [487.34185791015625, 416.016357421875, 48.83349609375], [386.4504089355469, 142.63136291503906, -40.35580825805664], [402.084716796875, 141.3990936279297, -37.22767639160156], [372.64337158203125, 148.5449676513672, -20.380661010742188], [407.5319519042969, 145.72879028320312, -12.746681213378906], [531.6065063476562, 430.5809631347656, 41.38743591308594], [523.9519653320312, 427.5279541015625, 59.3268928527832], [473.5696105957031, 422.3358154296875, 56.65689468383789], [565.781982421875, 421.93182373046875, -44.29835510253906], [551.5421752929688, 434.6292724609375, -53.27371597290039], [518.2821655273438, 446.50537109375, -16.558761596679688], [523.241943359375, 431.75054931640625, -24.684589385986328], [473.78338623046875, 353.7862243652344, -42.20651626586914], [374.66473388671875, 300.72412109375, -19.36562728881836], [405.8390197753906, 282.3757019042969, 34.89523696899414], [499.13201904296875, 329.52825927734375, 14.280023574829102], [487.34185791015625, 416.016357421875, 48.83349609375], [329.05267333984375, 309.85400390625, -71.3088150024414], [326.5725402832031, 257.32342529296875, -41.55027770996094], [354.7214660644531, 203.90931701660156, -40.04816818237305], [412.0798034667969, 194.7635498046875, 23.52647590637207], [452.823486328125, 240.69332885742188, 32.33830642700195], [480.6925048828125, 202.06068420410156, -2.5569260120391846], [386.1037902832031, 179.27288818359375, -12.94072437286377], [388.49700927734375, 114.46151733398438, -19.22515296936035], [386.9413146972656, 294.11859130859375, 10.477338790893555], [383.81304931640625, 193.1807403564453, -8.719463348388672], [375.4940185546875, 235.37867736816406, 2.3113322257995605], [395.5824279785156, 159.31134033203125, -29.549074172973633], [388.452880859375, 129.709716796875, -16.97685432434082], [396.7202453613281, 150.7655029296875, -47.01859664916992], [402.084716796875, 141.3990936279297, -37.22767639160156], [386.4504089355469, 142.63136291503906, -40.35580825805664], [407.5319519042969, 145.72879028320312, -12.746681213378906], [372.64337158203125, 148.5449676513672, -20.380661010742188]], "pred_body_pose": [[2.462693452835083, -0.6850767731666565, 1.3282699584960938, -0.7346771955490112, -0.01749543473124504, 0.28148847818374634, -0.7260270118713379, 0.03367561846971512, 0.04016676917672157, 0.660819947719574, -0.059565469622612, -0.08322270959615707, 1.4048774242401123, 0.031431280076503754, -0.13072068989276886, 0.6982339024543762, -0.027687961235642433, 0.10988721251487732, 0.006885248702019453, -0.06477311253547668, -0.053720612078905106, -0.008786757476627827, 0.08795569837093353, -0.08717916905879974, 0.08543870598077774, -0.055177830159664154, 0.08750845491886139, 0.01172909140586853, -0.06190996989607811, -0.03518625721335411, -0.24271705746650696, 0.04292266070842743, 0.1195942685008049, -0.13234026730060577, -0.02635197713971138, -0.2490386962890625, -0.15962378680706024, -0.3787171244621277, -0.09634575992822647, -0.022357488051056862, -0.17451468110084534, -0.18892726302146912, 0.009342983365058899, 0.05946825444698334, 0.2405891865491867, -0.021398019045591354, -0.29159367084503174, 0.1487354040145874, -0.21773317456245422, -0.5776042938232422, -0.6419697403907776, 0.08170624077320099, -0.03850772976875305, 0.8831503987312317, -0.21839158236980438, -1.6045774221420288, 0.6260846257209778, -0.0014019912341609597, 0.6191763281822205, -0.11939831078052521, 0.10101603716611862, -0.11999654769897461, 0.38577184081077576, 0.08910751342773438, 0.07110980898141861, -0.24991841614246368, -0.1417882740497589, -0.09217533469200134, -0.20978526771068573, -0.15776343643665314, 0.09586109966039658, 0.2083076387643814]], "pred_rotmat": [[[[0.4707854092121124, -0.5186637043952942, 0.7136869430541992], [-0.2808021605014801, -0.8549642562866211, -0.436103492975235], [0.8363679051399231, 0.004906313959509134, -0.5481466054916382]], [[0.962239682674408, -0.24721919000148773, -0.1139189600944519], [0.2594228982925415, 0.7061529159545898, 0.6588230729103088], [-0.08242949098348618, -0.6634988188743591, 0.7436226606369019]], [[0.9986858367919922, -0.04840679094195366, 0.01683099940419197], [0.025018051266670227, 0.7471045255661011, 0.6642355918884277], [-0.044728025794029236, -0.6629416942596436, 0.7473337650299072]], [[0.9949552416801453, 0.05819915235042572, -0.08171260356903076], [-0.09611613303422928, 0.7863384485244751, -0.6102733612060547], [0.02873636782169342, 0.6150485873222351, 0.7879654169082642]], [[0.9923660159111023, 0.11009765416383743, -0.05557062476873398], [-0.07280008494853973, 0.15924207866191864, -0.984551727771759], [-0.09954767674207687, 0.9810813069343567, 0.1660415530204773]], [[0.993842363357544, -0.11021963506937027, 0.01135426014661789], [0.09167972952127457, 0.7604411244392395, -0.6429028511047363], [0.06222625821828842, 0.6399851441383362, 0.7658635377883911]], [[0.9964613318443298, 0.05343395099043846, -0.06488101184368134], [-0.053879667073488235, 0.9985342621803284, -0.005138278938829899], [0.06451134383678436, 0.008615863509476185, 0.9978798031806946]], [[0.9923416376113892, 0.08656945079565048, 0.08811243623495102], [-0.0873413011431694, 0.9961662292480469, 0.0049351719208061695], [-0.08734739571809769, -0.012593231163918972, 0.9960983395576477]], [[0.9946568608283997, -0.08959976583719254, -0.05127973109483719], [0.08489251881837845, 0.99253249168396, -0.08759323507547379], [0.058745127171278, 0.08277194201946259, 0.994835615158081]], [[0.9974656105041504, 0.03479279950261116, -0.062062498182058334], [-0.03551863506436348, 0.9993124604225159, -0.010630195029079914], [0.061649974435567856, 0.012807630002498627, 0.9980155825614929]], [[0.9919778108596802, -0.12328032404184341, 0.027964498847723007], [0.11292728036642075, 0.9636211395263672, 0.24224278330802917], [-0.05681096017360687, -0.23714150488376617, 0.9698125123977661]], [[0.9688517451286316, 0.24745410680770874, -0.009631979279220104], [-0.24398992955684662, 0.9604980945587158, 0.13383722305297852], [0.04237006604671478, -0.12731832265853882, 0.9909565448760986]], [[0.9247725009918213, 0.1232898086309433, -0.35999366641044617], [-0.06372988969087601, 0.982875406742096, 0.17289990186691284], [0.37514573335647583, -0.13695071637630463, 0.9167934060096741]], [[0.9671089053153992, 0.1887756735086441, -0.170482337474823], [-0.1848955601453781, 0.9820035696029663, 0.03850390017032623], [0.1746828705072403, -0.005716029088944197, 0.9846081733703613]], [[0.9694472551345825, -0.23785404860973358, 0.0599786676466465], [0.23840683698654175, 0.9711630344390869, -0.0021303840912878513], [-0.057742346078157425, 0.01636461913585663, 0.9981973767280579]], [[0.9469041228294373, -0.1429903209209442, -0.2879692614078522], [0.14917410910129547, 0.9888107776641846, -0.0004750763764604926], [0.28481507301330566, -0.042507704347372055, 0.9576394557952881]], [[0.6511275172233582, 0.6192421913146973, -0.4388304650783539], [-0.5015744566917419, 0.7850244641304016, 0.3635376989841461], [0.5696105360984802, -0.016603251919150352, 0.8217471241950989]], [[0.6342774629592896, -0.7731055021286011, 0.000126003404147923], [0.770160436630249, 0.6318470239639282, -0.0873052328824997], [0.06741654127836227, 0.055472783744335175, 0.9961816072463989]], [[-0.14621014893054962, -0.22029569745063782, -0.9644129276275635], [0.4910805821418762, 0.8301241993904114, -0.2640712559223175], [0.8587563037872314, -0.5122143626213074, -0.013189645484089851]], [[0.8076837658882141, 0.11122143268585205, 0.5790308713912964], [-0.11206114292144775, 0.9931042194366455, -0.034444648772478104], [-0.5788689255714417, -0.03706646338105202, 0.8145777583122253]], [[0.9195630550384521, -0.3806915283203125, -0.09735353291034698], [0.3687441051006317, 0.9216304421424866, -0.12093456834554672], [0.13576273620128632, 0.0753084272146225, 0.9878750443458557]], [[0.9664538502693176, 0.24993561208248138, 0.05915393307805061], [-0.24363894760608673, 0.9650210738182068, -0.09682121127843857], [-0.08128386735916138, 0.07916102558374405, 0.9935423731803894]], [[0.9739054441452026, 0.2137509435415268, -0.07628113776445389], [-0.20076046884059906, 0.9681366682052612, 0.1496887505054474], [0.10584666579961777, -0.1304684430360794, 0.9857863187789917]], [[0.9738786220550537, -0.21314141154289246, 0.0783022865653038], [0.19811542332172394, 0.9660791158676147, 0.16565431654453278], [-0.11095400899648666, -0.14581429958343506, 0.9830703735351562]]]], "pred_betas": [[-0.049785204231739044, -0.05671052634716034, 0.47893229126930237, 0.9236284494400024, 0.3695073127746582, 0.21666885912418365, -0.22866162657737732, 0.21432895958423615, 0.6980779767036438, -0.2984982132911682]], "pred_camera": [1.259906530380249, -0.1487923264503479, 0.3432258069515228]}