{"pred_joints_img": [[392.8193664550781, 150.56619262695312, -48.24757385253906], [383.0906677246094, 179.1881866455078, -12.15539264678955], [355.67852783203125, 207.59707641601562, -41.93522262573242], [330.0656433105469, 262.8955078125, -40.05665969848633], [324.72674560546875, 320.68988037109375, -59.032684326171875], [409.1876220703125, 193.15138244628906, 24.564409255981445], [457.4261779785156, 229.77783203125, 40.651893615722656], [465.30487060546875, 180.9727783203125, 7.2108635902404785], [398.89141845703125, 296.8118591308594, 6.59006929397583], [402.55596923828125, 320.9645690917969, -5.806812763214111], [477.1547546386719, 360.574462890625, -41.57859802246094], [538.5331420898438, 433.4837646484375, -34.521419525146484], [417.4670104980469, 311.41680908203125, 21.405780792236328], [504.665771484375, 330.80548095703125, 16.06974220275879], [489.13177490234375, 416.9580078125, 54.12724304199219], [383.2746887207031, 142.39288330078125, -40.32488250732422], [399.27020263671875, 141.34544372558594, -38.77354049682617], [371.54290771484375, 148.60498046875, -19.101566314697266], [407.1427917480469, 146.3005828857422, -14.838644027709961], [533.855712890625, 432.92596435546875, 49.57640838623047], [525.1429443359375, 429.25701904296875, 67.12498474121094], [474.7098693847656, 422.9026794433594, 61.43241500854492], [579.3952026367188, 419.03961181640625, -56.48353958129883], [565.4887084960938, 432.53753662109375, -65.00220489501953], [535.5669555664062, 449.17645263671875, -26.802873611450195], [538.5331420898438, 433.4837646484375, -34.521419525146484], [477.1547546386719, 360.574462890625, -41.57859802246094], [377.9736022949219, 302.74176025390625, -19.263912200927734], [409.1578063964844, 282.5962829589844, 34.65766525268555], [504.665771484375, 330.80548095703125, 16.06974220275879], [489.13177490234375, 416.9580078125, 54.12724304199219], [324.72674560546875, 320.68988037109375, -59.032684326171875], [330.0656433105469, 262.8955078125, -40.05665969848633], [355.67852783203125, 207.59707641601562, -41.93522262573242], [409.1876220703125, 193.15138244628906, 24.564409255981445], [457.4261779785156, 229.77783203125, 40.651893615722656], [465.30487060546875, 180.9727783203125, 7.2108635902404785], [384.698974609375, 179.89944458007812, -13.861159324645996], [387.786865234375, 114.55079650878906, -18.89547348022461], [390.3122863769531, 295.3104248046875, 10.454405784606934], [382.6711730957031, 193.8748779296875, -9.301356315612793], [376.2939147949219, 236.71282958984375, 1.5639524459838867], [393.4953918457031, 159.54335021972656, -30.852643966674805], [387.7796630859375, 129.9314727783203, -16.96815299987793], [392.8193664550781, 150.56619262695312, -48.24757385253906], [399.27020263671875, 141.34544372558594, -38.77354049682617], [383.2746887207031, 142.39288330078125, -40.32488250732422], [407.1427917480469, 146.3005828857422, -14.838644027709961], [371.54290771484375, 148.60498046875, -19.101566314697266]], "pred_body_pose": [[2.4624485969543457, -0.7315244078636169, 1.3048923015594482, -0.6969119906425476, -0.0009514808771200478, 0.28097784519195557, -0.6553463339805603, 0.03502881899476051, 0.014376237988471985, 0.6437065601348877, -0.05176951363682747, -0.08920003473758698, 1.43937087059021, 0.03452697768807411, -0.11304761469364166, 0.4773916006088257, -0.009965401142835617, 0.0823197290301323, 0.012171641923487186, -0.03849784657359123, -0.05753467231988907, -0.010428793728351593, 0.10668531060218811, -0.10838962346315384, 0.136503666639328, -0.05793324485421181, 0.11342975497245789, 0.008108516223728657, -0.041630249470472336, -0.03523997962474823, -0.2305910289287567, 0.0379716157913208, 0.12565933167934418, -0.10684125125408173, -0.0415426641702652, -0.2807669937610626, -0.12656044960021973, -0.4374524652957916, -0.12693098187446594, -0.03213284909725189, -0.1276034414768219, -0.1641194373369217, 0.02256930246949196, 0.07461612671613693, 0.2984825372695923, -0.04186936840415001, -0.38024064898490906, 0.14128826558589935, -0.26158055663108826, -0.5646490454673767, -0.5168746709823608, 0.07023008167743683, -0.08320053666830063, 0.8844736814498901, -0.17444081604480743, -1.8361843824386597, 0.8098072409629822, 0.029571836814284325, 0.40090858936309814, -0.0778413712978363, 0.17931801080703735, -0.14793221652507782, 0.4538131654262543, 0.13472922146320343, 0.05828303098678589, -0.21866045892238617, -0.17306597530841827, -0.09474436193704605, -0.24047698080539703, -0.19566355645656586, 0.09787023812532425, 0.2113829255104065]], "pred_rotmat": [[[[0.46993789076805115, -0.5432513952255249, 0.6957272291183472], [-0.3100796937942505, -0.8395480513572693, -0.44610506296157837], [0.8264435529708862, -0.006089221220463514, -0.5629866719245911]], [[0.9623481035232544, -0.2549564242362976, -0.09425179660320282], [0.25558891892433167, 0.7307189106941223, 0.6330277323722839], [-0.09252292662858963, -0.6332827210426331, 0.7683699727058411]], [[0.9993084669113159, -0.024437490850687027, 0.02802278660237789], [0.0022940565831959248, 0.7927621006965637, 0.6095268130302429], [-0.03711070492863655, -0.6090410947799683, 0.7922699451446533]], [[0.9948673844337463, 0.06693432480096817, -0.07588654011487961], [-0.09909506142139435, 0.7962158918380737, -0.5968421697616577], [0.020472846925258636, 0.6012986898422241, 0.7987620830535889]], [[0.9941469430923462, 0.09846874326467514, -0.04444907605648041], [-0.05683094635605812, 0.12674182653427124, -0.9903063774108887], [-0.0918806716799736, 0.9870361685752869, 0.13159607350826263]], [[0.9966288208961487, -0.08146870136260986, 0.009687919169664383], [0.07680364698171616, 0.8849382400512695, -0.4593316614627838], [0.028847940266132355, 0.45852723717689514, 0.8882120251655579]], [[0.9976048469543457, 0.05725312978029251, -0.03881616145372391], [-0.05772150680422783, 0.9982715249061584, -0.011054597795009613], [0.03811615705490112, 0.013268647715449333, 0.9991852641105652]], [[0.9884573817253113, 0.10741511732339859, 0.106836698949337], [-0.10852552950382233, 0.9940829873085022, 0.004617846570909023], [-0.10570850223302841, -0.01615905575454235, 0.9942659735679626]], [[0.9919122457504272, -0.11671453714370728, -0.04987795650959015], [0.10882937908172607, 0.9842959046363831, -0.138988196849823], [0.06531661003828049, 0.1324359029531479, 0.9890371561050415]], [[0.9985129237174988, 0.03505339100956917, -0.04175199568271637], [-0.035390861332416534, 0.9993464350700378, -0.007371070329099894], [0.04146632179617882, 0.008837748318910599, 0.999100923538208]], [[0.9914343357086182, -0.12854234874248505, 0.023124460130929947], [0.1198376938700676, 0.965720534324646, 0.2302665263414383], [-0.05193077400326729, -0.225522980093956, 0.9728527069091797]], [[0.9600298404693604, 0.2786852717399597, -0.026024654507637024], [-0.27428072690963745, 0.9552221894264221, 0.11099838465452194], [0.05579294636845589, -0.09942369908094406, 0.9934797883033752]], [[0.8981797099113464, 0.14942584931850433, -0.41345521807670593], [-0.09508513659238815, 0.984232485294342, 0.14914850890636444], [0.4292226731777191, -0.09464871138334274, 0.8982258439064026]], [[0.9784706830978394, 0.1649543046951294, -0.12403735518455505], [-0.16086915135383606, 0.9860675930976868, 0.04232894256711006], [0.1292915642261505, -0.021463843062520027, 0.9913743138313293]], [[0.9530444741249084, -0.292935311794281, 0.07677987217903137], [0.2946060299873352, 0.9555535912513733, -0.011165249161422253], [-0.07009658217430115, 0.03326079249382019, 0.9969855546951294]], [[0.9188612699508667, -0.1295541673898697, -0.3727060556411743], [0.1452551931142807, 0.9892918467521667, 0.014226946979761124], [0.3668719530105591, -0.06721007823944092, 0.9278403520584106]], [[0.7226397395133972, 0.532226026058197, -0.44105246663093567], [-0.3924059271812439, 0.8411612510681152, 0.37210938334465027], [0.5690425038337708, -0.09582941979169846, 0.8167051672935486]], [[0.6308251619338989, -0.7747012972831726, -0.04356079921126366], [0.7692347168922424, 0.631756067276001, -0.09571965038776398], [0.10167393088340759, 0.026873886585235596, 0.9944547414779663]], [[-0.41847583651542664, -0.2502857744693756, -0.8730607032775879], [0.47591522336006165, 0.7583075165748596, -0.44550463557243347], [0.7735520005226135, -0.6019358038902283, -0.19821856915950775]], [[0.9177651405334473, 0.08152979612350464, 0.3886643052101135], [-0.06983892619609833, 0.9965813159942627, -0.044139228761196136], [-0.3909342288970947, 0.013365553691983223, 0.920321524143219]], [[0.8885316848754883, -0.4473816454410553, -0.10179048031568527], [0.4214244782924652, 0.8835063576698303, -0.20449422299861908], [0.1814194917678833, 0.13880255818367004, 0.9735609889030457]], [[0.974543035030365, 0.2200450450181961, 0.0429665669798851], [-0.2122378945350647, 0.9672080278396606, -0.13951249420642853], [-0.07225663959980011, 0.12684178352355957, 0.9892877340316772]], [[0.9668656587600708, 0.24475035071372986, -0.07258192449808121], [-0.2284850925207138, 0.9564622640609741, 0.18158891797065735], [0.11386581510305405, -0.15898817777633667, 0.9806923270225525]], [[0.9730778932571411, -0.21763876080513, 0.07584664970636368], [0.19863635301589966, 0.9588354229927063, 0.20292404294013977], [-0.11688859760761261, -0.18239501118659973, 0.9762524962425232]]]], "pred_betas": [[0.0012685302644968033, 0.06768465042114258, 0.6453548669815063, 0.8261114358901978, 0.1347501128911972, 0.2296449989080429, -0.185746967792511, 0.189017653465271, 0.591887891292572, -0.15592384338378906]], "pred_camera": [1.240255355834961, -0.17196783423423767, 0.32580727338790894]}