{"pred_joints_img": [[394.46844482421875, 149.45652770996094, -51.457191467285156], [384.40582275390625, 177.27774047851562, -14.019773483276367], [354.33966064453125, 204.59327697753906, -42.86258316040039], [326.25213623046875, 259.3310241699219, -42.526283264160156], [323.394775390625, 315.3570556640625, -67.95158386230469], [412.2699279785156, 191.7703399658203, 22.407245635986328], [455.5529479980469, 235.851318359375, 35.64577865600586], [475.39794921875, 194.47230529785156, -3.3214151859283447], [396.992431640625, 296.2917175292969, 6.80103063583374], [400.0385437011719, 320.87579345703125, -5.741109848022461], [475.9385070800781, 358.43438720703125, -41.76234817504883], [535.8297729492188, 432.541748046875, -30.708946228027344], [415.442626953125, 311.4906921386719, 21.872371673583984], [502.5890808105469, 332.23919677734375, 16.273305892944336], [492.4934997558594, 419.6659851074219, 54.12693786621094], [384.529052734375, 141.05642700195312, -43.942501068115234], [400.6687927246094, 139.74407958984375, -42.00288772583008], [372.0508728027344, 146.78623962402344, -22.477033615112305], [408.1868896484375, 143.81106567382812, -17.397600173950195], [537.9421997070312, 434.08984375, 47.042781829833984], [530.1060180664062, 430.56268310546875, 65.34427642822266], [478.4940185546875, 426.28375244140625, 62.173583984375], [577.2611694335938, 418.1580810546875, -52.4943962097168], [563.3862915039062, 432.0600280761719, -61.46167755126953], [532.712158203125, 448.18609619140625, -22.60425567626953], [535.8297729492188, 432.541748046875, -30.708946228027344], [475.9385070800781, 358.43438720703125, -41.76234817504883], [375.3449401855469, 302.1204528808594, -19.383262634277344], [407.6869201660156, 282.1175842285156, 35.35129928588867], [502.5890808105469, 332.23919677734375, 16.273305892944336], [492.4934997558594, 419.6659851074219, 54.12693786621094], [323.394775390625, 315.3570556640625, -67.95158386230469], [326.25213623046875, 259.3310241699219, -42.526283264160156], [354.33966064453125, 204.59327697753906, -42.86258316040039], [412.2699279785156, 191.7703399658203, 22.407245635986328], [455.5529479980469, 235.851318359375, 35.64577865600586], [475.39794921875, 194.47230529785156, -3.3214151859283447], [385.9404602050781, 177.92041015625, -15.78698444366455], [388.223388671875, 111.9908447265625, -23.065963745117188], [388.17669677734375, 294.67694091796875, 10.809209823608398], [383.7377624511719, 191.8924560546875, -10.958205223083496], [376.08349609375, 234.90318298339844, 1.3438540697097778], [394.7418518066406, 157.94619750976562, -33.51688003540039], [388.3546447753906, 127.50346374511719, -20.575796127319336], [394.46844482421875, 149.45652770996094, -51.457191467285156], [400.6687927246094, 139.74407958984375, -42.00288772583008], [384.529052734375, 141.05642700195312, -43.942501068115234], [408.1868896484375, 143.81106567382812, -17.397600173950195], [372.0508728027344, 146.78623962402344, -22.477033615112305]], "pred_body_pose": [[2.4842567443847656, -0.702714741230011, 1.3155053853988647, -0.7092803716659546, -0.012033501639962196, 0.28914618492126465, -0.7066560983657837, 0.028687313199043274, 0.039147526025772095, 0.6569370031356812, -0.05701838806271553, -0.08358225971460342, 1.367787480354309, 0.03521142899990082, -0.1127815917134285, 0.5424950122833252, -0.028365133330225945, 0.08917605876922607, 0.0033210476394742727, -0.05875633656978607, -0.049529943615198135, -0.003275409108027816, 0.0858960896730423, -0.09501415491104126, 0.10730088502168655, -0.04460176080465317, 0.10077778249979019, 0.010533926077187061, -0.055252812802791595, -0.030346689745783806, -0.23156936466693878, 0.03906986117362976, 0.11459652334451675, -0.100373275578022, -0.02567567490041256, -0.25816428661346436, -0.1489783227443695, -0.415901780128479, -0.10591068118810654, -0.01664210855960846, -0.14534203708171844, -0.17111541330814362, 0.011439087800681591, 0.06286568939685822, 0.2519776523113251, -0.030762996524572372, -0.33485108613967896, 0.15341463685035706, -0.21422375738620758, -0.5694752335548401, -0.6182500720024109, 0.06192099303007126, -0.05967909097671509, 0.874443531036377, -0.1575876623392105, -1.7359364032745361, 0.6631454825401306, -0.015784161165356636, 0.5128591656684875, -0.09315436333417892, 0.11923565715551376, -0.1396384835243225, 0.3935163617134094, 0.11276150494813919, 0.06991173326969147, -0.236577570438385, -0.15714618563652039, -0.09174184501171112, -0.21736875176429749, -0.17845383286476135, 0.09620241820812225, 0.2087302953004837]], "pred_rotmat": [[[[0.4779800772666931, -0.51938396692276, 0.7083610892295837], [-0.29999929666519165, -0.8544848561286926, -0.4240945279598236], [0.8255516886711121, -0.009799119085073471, -0.5642415881156921]], [[0.9601329565048218, -0.2576216459274292, -0.10851594805717468], [0.26574745774269104, 0.720725417137146, 0.6402602195739746], [-0.08673470467329025, -0.6435728669166565, 0.760454535484314]], [[0.9988706707954407, -0.04567443206906319, 0.013084759004414082], [0.026235897094011307, 0.7598499655723572, 0.6495688557624817], [-0.03961114585399628, -0.6484919786453247, 0.7601901292800903]], [[0.9950671195983887, 0.05951300635933876, -0.07936979830265045], [-0.0956115797162056, 0.7886789441108704, -0.6073251366615295], [0.026453543454408646, 0.6119179725646973, 0.7904786467552185]], [[0.9940499663352966, 0.10107428580522537, -0.040604837238788605], [-0.06001753732562065, 0.19715435802936554, -0.9785337448120117], [-0.09089915454387665, 0.9751483201980591, 0.20204751193523407]], [[0.995730996131897, -0.09224117547273636, -0.0033699378836899996], [0.07723795622587204, 0.8526517152786255, -0.5167391300201416], [0.05053801089525223, 0.5142728686332703, 0.8561362624168396]], [[0.9970486760139465, 0.04938359558582306, -0.058780621737241745], [-0.04957863315939903, 0.9987684488296509, -0.0018633917206898332], [0.058616213500499725, 0.004772155545651913, 0.9982691407203674]], [[0.991808295249939, 0.09461391717195511, 0.08581665903329849], [-0.09489487111568451, 0.9954869747161865, -0.0008086378802545369], [-0.08550587296485901, -0.007341547403484583, 0.9963105916976929]], [[0.9939392805099487, -0.10276905447244644, -0.03902997821569443], [0.0979926735162735, 0.9891865253448486, -0.10912129282951355], [0.04982221871614456, 0.10463527590036392, 0.9932619333267212]], [[0.9980137944221497, 0.030035115778446198, -0.05537498742341995], [-0.03061695024371147, 0.9994842410087585, -0.009688671678304672], [0.05505542457103729, 0.011364839971065521, 0.9984186291694641]], [[0.9927121996879578, -0.11779481917619705, 0.025433549657464027], [0.1087987869977951, 0.9668111205101013, 0.2311689257621765], [-0.05181993916630745, -0.22671706974506378, 0.972581148147583]], [[0.9665625095367432, 0.25612786412239075, -0.012472748756408691], [-0.25356724858283997, 0.9618849158287048, 0.10237669944763184], [0.038218870759010315, -0.0957907885313034, 0.9946675300598145]], [[0.9094774127006531, 0.1327560544013977, -0.3939882814884186], [-0.07185399532318115, 0.9835795760154724, 0.1655544936656952], [0.40949714183807373, -0.12225841730833054, 0.9040824770927429]], [[0.9749038815498352, 0.17087796330451965, -0.14269958436489105], [-0.1684693694114685, 0.9852836728096008, 0.028884587809443474], [0.14553529024124146, -0.004119189456105232, 0.989344596862793]], [[0.9664670825004578, -0.24879176914691925, 0.06359314918518066], [0.24950683116912842, 0.9683669805526733, -0.0034348161425441504], [-0.060726944357156754, 0.019186561927199364, 0.9979700446128845]], [[0.9329380989074707, -0.14485333859920502, -0.3296120762825012], [0.15503761172294617, 0.987897515296936, 0.004672903101891279], [0.3249460756778717, -0.05546180158853531, 0.9441049695014954]], [[0.6683348417282104, 0.6008514761924744, -0.4385271370410919], [-0.48631641268730164, 0.7990274429321289, 0.3536261320114136], [0.562872052192688, -0.023077700287103653, 0.8262218236923218]], [[0.6399785876274109, -0.7679212093353271, -0.026915349066257477], [0.7644575834274292, 0.6398507952690125, -0.07871217280626297], [0.07766655832529068, 0.029798459261655807, 0.996533989906311]], [[-0.2807280123233795, -0.238849937915802, -0.9295926094055176], [0.44176605343818665, 0.8276918530464172, -0.3460765480995178], [0.852076530456543, -0.5078158378601074, -0.1268405020236969]], [[0.8671998381614685, 0.08503253757953644, 0.49064645171165466], [-0.09294578433036804, 0.9956368207931519, -0.008272659964859486], [-0.4892090857028961, -0.038429468870162964, 0.8713195323944092]], [[0.9141843318939209, -0.3894597291946411, -0.11219680309295654], [0.3730698525905609, 0.9167839884757996, -0.1425693929195404], [0.1583852767944336, 0.08847746253013611, 0.9834052324295044]], [[0.9697577357292175, 0.23760493099689484, 0.05580078065395355], [-0.229769766330719, 0.9658679962158203, -0.11960311233997345], [-0.08231446892023087, 0.10316472500562668, 0.9912523627281189]], [[0.9723530411720276, 0.22162939608097076, -0.07355277240276337], [-0.2073087990283966, 0.9642682671546936, 0.16495420038700104], [0.10748329758644104, -0.14514558017253876, 0.9835548996925354]], [[0.9737741947174072, -0.21432065963745117, 0.07635726779699326], [0.19727377593517303, 0.9625582695007324, 0.1859157234430313], [-0.11334390193223953, -0.1659766584634781, 0.9795942306518555]]]], "pred_betas": [[-0.03794565051794052, -0.10520049929618835, 0.5329400897026062, 0.9447323679924011, 0.28343990445137024, 0.2584151029586792, -0.1632082760334015, 0.2201167643070221, 0.5960951447486877, -0.2727835774421692]], "pred_camera": [1.2857179641723633, -0.17286314070224762, 0.35413703322410583]}