{"pred_joints_img": [[393.2656555175781, 151.5042266845703, -51.69015884399414], [383.869873046875, 179.19422912597656, -14.896202087402344], [355.51995849609375, 206.98220825195312, -44.425533294677734], [330.1012878417969, 262.3603820800781, -42.85661315917969], [325.9425964355469, 319.78985595703125, -63.169769287109375], [409.8358459472656, 193.34173583984375, 22.045621871948242], [457.77947998046875, 230.80902099609375, 36.8778190612793], [466.06494140625, 181.26560974121094, 4.647301197052002], [396.5622253417969, 296.41473388671875, 6.633094310760498], [400.04498291015625, 320.9118957519531, -5.200584411621094], [475.46942138671875, 357.9984436035156, -41.186668395996094], [530.768310546875, 434.38055419921875, -27.668214797973633], [414.89276123046875, 310.893310546875, 21.923934936523438], [502.01080322265625, 329.3632507324219, 17.152055740356445], [501.0648193359375, 416.6915283203125, 54.937400817871094], [384.36517333984375, 142.8450164794922, -43.505191802978516], [400.4621276855469, 142.39019775390625, -42.589351654052734], [373.1807861328125, 148.275634765625, -21.666589736938477], [409.13983154296875, 147.2489471435547, -18.81635856628418], [547.2630615234375, 426.35211181640625, 46.968624114990234], [539.4055786132812, 423.74224853515625, 65.2701416015625], [488.14764404296875, 424.68646240234375, 63.163429260253906], [572.735595703125, 422.138427734375, -48.93031692504883], [558.5169677734375, 435.4518737792969, -57.46583938598633], [526.8233032226562, 449.71893310546875, -19.663089752197266], [530.768310546875, 434.38055419921875, -27.668214797973633], [475.46942138671875, 357.9984436035156, -41.186668395996094], [375.4037170410156, 302.92010498046875, -19.148801803588867], [406.6062927246094, 281.677734375, 34.549957275390625], [502.01080322265625, 329.3632507324219, 17.152055740356445], [501.0648193359375, 416.6915283203125, 54.937400817871094], [325.9425964355469, 319.78985595703125, -63.169769287109375], [330.1012878417969, 262.3603820800781, -42.85661315917969], [355.51995849609375, 206.98220825195312, -44.425533294677734], [409.8358459472656, 193.34173583984375, 22.045621871948242], [457.77947998046875, 230.80902099609375, 36.8778190612793], [466.06494140625, 181.26560974121094, 4.647301197052002], [385.4067687988281, 179.99154663085938, -16.618148803710938], [390.82220458984375, 114.80014038085938, -22.68838119506836], [387.74224853515625, 294.8562927246094, 10.503340721130371], [383.0952453613281, 193.81216430664062, -11.860785484313965], [375.3523254394531, 236.12350463867188, -0.16201668977737427], [394.3373107910156, 160.24853515625, -34.15301513671875], [390.2697448730469, 130.1625518798828, -20.510093688964844], [393.2656555175781, 151.5042266845703, -51.69015884399414], [400.4621276855469, 142.39019775390625, -42.589351654052734], [384.36517333984375, 142.8450164794922, -43.505191802978516], [409.13983154296875, 147.2489471435547, -18.81635856628418], [373.1807861328125, 148.275634765625, -21.666589736938477]], "pred_body_pose": [[2.4851250648498535, -0.7393094897270203, 1.3173006772994995, -0.7190809845924377, -0.004155866336077452, 0.2893880605697632, -0.7058566212654114, 0.043645553290843964, 0.015235105529427528, 0.6625897884368896, -0.058630142360925674, -0.0910649523139, 1.292763113975525, 0.026617616415023804, -0.10231772065162659, 0.6033626794815063, -0.016050707548856735, 0.09064915031194687, 0.006382664665579796, -0.0435766763985157, -0.0625946894288063, -0.016786271706223488, 0.10200052708387375, -0.10939014703035355, 0.09664186090230942, -0.04347291961312294, 0.09274177998304367, 0.003780966391786933, -0.04774625226855278, -0.04246411472558975, -0.21268734335899353, 0.0315253846347332, 0.1418537050485611, -0.10609439760446548, -0.05166609212756157, -0.2524682581424713, -0.1287177950143814, -0.46054282784461975, -0.12891963124275208, -0.03596131131052971, -0.13023680448532104, -0.1656082421541214, 0.010980186052620411, 0.08261683583259583, 0.28457340598106384, -0.0356389582157135, -0.392897367477417, 0.13972151279449463, -0.28602898120880127, -0.5841914415359497, -0.5179152488708496, 0.05697290599346161, -0.058203570544719696, 0.8983486294746399, -0.2007797360420227, -1.8402835130691528, 0.8022021651268005, 0.013561422936618328, 0.42260822653770447, -0.08769490569829941, 0.1659889668226242, -0.144066721200943, 0.4559866189956665, 0.13022714853286743, 0.06122979149222374, -0.24188116192817688, -0.17494572699069977, -0.09562321752309799, -0.24647928774356842, -0.19198325276374817, 0.09966375678777695, 0.2161399871110916]], "pred_rotmat": [[[[0.46772104501724243, -0.5333271622657776, 0.7048398852348328], [-0.3238190710544586, -0.845392644405365, -0.42479702830314636], [0.822422206401825, -0.029554124921560287, -0.5681094527244568]], [[0.960174024105072, -0.2598460614681244, -0.10269234329462051], [0.2626878023147583, 0.714332103729248, 0.6486329436302185], [-0.09518829733133316, -0.6497766375541687, 0.7541415095329285]], [[0.9989753365516663, -0.028768043965101242, 0.03493930399417877], [-0.0007760784938000143, 0.7609878182411194, 0.6487658023834229], [-0.04525211080908775, -0.648128092288971, 0.760185718536377]], [[0.994351863861084, 0.06567104160785675, -0.08337670564651489], [-0.10308127850294113, 0.7846171259880066, -0.6113511919975281], [0.02527071349322796, 0.6164928078651428, 0.786954939365387]], [[0.9951521754264832, 0.09087081998586655, -0.03761131688952446], [-0.061022330075502396, 0.2706194818019867, -0.9607503414154053], [-0.07712581753730774, 0.9583879709243774, 0.2748527228832245]], [[0.9958924055099487, -0.08981867134571075, 0.011436101980507374], [0.08043117076158524, 0.8195750713348389, -0.567298412322998], [0.041581232100725174, 0.5658881068229675, 0.8234328031539917]], [[0.9970929026603699, 0.06239459291100502, -0.043733809143304825], [-0.06267259269952774, 0.9980215430259705, -0.005013266112655401], [0.0433344803750515, 0.00773960305377841, 0.9990306496620178]], [[0.9888359308242798, 0.10812314599752426, 0.10253226011991501], [-0.10983213037252426, 0.9938874840736389, 0.011154565960168839], [-0.10069948434829712, -0.02229137346148491, 0.9946670532226562]], [[0.994763195514679, -0.09453273564577103, -0.038855407387018204], [0.09033837914466858, 0.9910444617271423, -0.09833531081676483], [0.04780334234237671, 0.0943102166056633, 0.9943944811820984]], [[0.997959315776825, 0.042344894260168076, -0.047793906182050705], [-0.04252535104751587, 0.9990915656089783, -0.0027649803087115288], [0.04763340577483177, 0.0047917901538312435, 0.9988534450531006]], [[0.9895000457763672, -0.1436242014169693, 0.01617589220404625], [0.13695617020130157, 0.9675011038780212, 0.21256673336029053], [-0.04617992788553238, -0.20811942219734192, 0.9770126342773438]], [[0.9670095443725586, 0.2519359886646271, -0.037693630903959274], [-0.24648983776569366, 0.9627439975738525, 0.11120634526014328], [0.06430618464946747, -0.0982464998960495, 0.9930822849273682]], [[0.8879586458206177, 0.1527525633573532, -0.4338158071041107], [-0.09467437863349915, 0.9837421774864197, 0.15260441601276398], [0.45007359981536865, -0.09443516284227371, 0.8879840970039368]], [[0.9778904914855957, 0.16668309271335602, -0.12628108263015747], [-0.16201741993427277, 0.9856948852539062, 0.046431299299001694], [0.13221393525600433, -0.02494499273598194, 0.9909071922302246]], [[0.9564169645309448, -0.2799711227416992, 0.08296234905719757], [0.2808716595172882, 0.959744930267334, 0.0008494153735227883], [-0.07986050844192505, 0.022489376366138458, 0.9965522885322571]], [[0.9143164753913879, -0.12877850234508514, -0.38398098945617676], [0.14257773756980896, 0.9897547364234924, 0.007557819131761789], [0.37907373905181885, -0.061657391488552094, 0.9233099818229675]], [[0.7123997211456299, 0.5391135811805725, -0.44926953315734863], [-0.38142529129981995, 0.8348293304443359, 0.39695677161216736], [0.5890682339668274, -0.1114291325211525, 0.8003637194633484]], [[0.6215319037437439, -0.7829329371452332, -0.026723552495241165], [0.7798357605934143, 0.6215980648994446, -0.07397334277629852], [0.07452747225761414, 0.025136807933449745, 0.9969021081924438]], [[-0.4178522825241089, -0.2285996526479721, -0.879284679889679], [0.48858094215393066, 0.7594183683395386, -0.4296189546585083], [0.7659556269645691, -0.6091189980506897, -0.20563526451587677]], [[0.9082943797111511, 0.08781608194112778, 0.4090106189250946], [-0.08217344433069229, 0.9961236715316772, -0.031387992203235626], [-0.4101814925670624, -0.00510026328265667, 0.911989688873291]], [[0.8880812525749207, -0.44846513867378235, -0.1009494811296463], [0.42505794763565063, 0.8847545981407166, -0.19114147126674652], [0.17503580451011658, 0.1268397569656372, 0.976357638835907]], [[0.9690771102905273, 0.24266095459461212, 0.04477854445576668], [-0.23473967611789703, 0.962515652179718, -0.1358710080385208], [-0.076070636510849, 0.12115819752216339, 0.9897140264511108]], [[0.9653437733650208, 0.25066596269607544, -0.07264923304319382], [-0.23407673835754395, 0.9547022581100464, 0.18371619284152985], [0.11540979146957397, -0.16034379601478577, 0.980290949344635]], [[0.9718952775001526, -0.22227980196475983, 0.07753132283687592], [0.20329467952251434, 0.9585375785827637, 0.19969220459461212], [-0.11870423704385757, -0.17831823229789734, 0.9767864346504211]]]], "pred_betas": [[-0.027319619432091713, -0.010147960856556892, 0.5603209733963013, 0.8840961456298828, 0.19764401018619537, 0.2724637985229492, -0.13280826807022095, 0.1827494502067566, 0.6319754123687744, -0.24396714568138123]], "pred_camera": [1.2175571918487549, -0.1701381802558899, 0.32809633016586304]}