{"pred_joints_img": [[395.6430969238281, 147.51502990722656, -49.776084899902344], [384.8916320800781, 177.38839721679688, -13.482267379760742], [355.47467041015625, 206.04995727539062, -42.92337417602539], [329.98468017578125, 262.49468994140625, -40.45401382446289], [324.38958740234375, 320.60760498046875, -61.6031379699707], [413.4599914550781, 191.32357788085938, 22.83991813659668], [462.2660827636719, 231.3197021484375, 31.45537757873535], [466.24835205078125, 181.12705993652344, -2.4711601734161377], [400.112060546875, 297.3187255859375, 6.863417148590088], [403.44659423828125, 322.0928649902344, -5.707894325256348], [478.57373046875, 362.13507080078125, -43.34215545654297], [542.6661376953125, 434.7149658203125, -37.29163360595703], [419.3299255371094, 312.21636962890625, 21.67464828491211], [507.7635498046875, 332.3209228515625, 17.60409164428711], [495.4111022949219, 419.91961669921875, 57.11126708984375], [385.42620849609375, 139.48739624023438, -41.94904708862305], [401.65020751953125, 138.2440185546875, -39.55975341796875], [372.44610595703125, 146.50843811035156, -20.94853401184082], [408.69586181640625, 143.68499755859375, -14.90675163269043], [541.3365478515625, 434.94305419921875, 51.744140625], [532.846435546875, 431.1359558105469, 69.9242935180664], [480.9723815917969, 426.42633056640625, 64.79943084716797], [582.804443359375, 418.2823791503906, -61.08009338378906], [568.8712158203125, 432.58587646484375, -69.57781982421875], [540.5252075195312, 450.73968505859375, -29.30997085571289], [542.6661376953125, 434.7149658203125, -37.29163360595703], [478.57373046875, 362.13507080078125, -43.34215545654297], [377.92095947265625, 303.610595703125, -19.007034301757812], [411.16632080078125, 282.6669616699219, 35.2593994140625], [507.7635498046875, 332.3209228515625, 17.60409164428711], [495.4111022949219, 419.91961669921875, 57.11126708984375], [324.38958740234375, 320.60760498046875, -61.6031379699707], [329.98468017578125, 262.49468994140625, -40.45401382446289], [355.47467041015625, 206.04995727539062, -42.92337417602539], [413.4599914550781, 191.32357788085938, 22.83991813659668], [462.2660827636719, 231.3197021484375, 31.45537757873535], [466.24835205078125, 181.12705993652344, -2.4711601734161377], [386.5724182128906, 177.99246215820312, -15.237198829650879], [388.645751953125, 111.43157958984375, -19.32516860961914], [391.2987976074219, 295.7641906738281, 11.025063514709473], [384.7290344238281, 192.25828552246094, -10.730295181274414], [377.68109130859375, 235.69769287109375, 1.6411688327789307], [395.576904296875, 157.10235595703125, -32.15432357788086], [388.77947998046875, 127.16300964355469, -17.659616470336914], [395.6430969238281, 147.51502990722656, -49.776084899902344], [401.65020751953125, 138.2440185546875, -39.55975341796875], [385.42620849609375, 139.48739624023438, -41.94904708862305], [408.69586181640625, 143.68499755859375, -14.90675163269043], [372.44610595703125, 146.50843811035156, -20.94853401184082]], "pred_body_pose": [[2.4851622581481934, -0.7241567969322205, 1.280552864074707, -0.6832906007766724, 0.004709400702267885, 0.3124940097332001, -0.6702216267585754, 0.0239558182656765, 0.022486083209514618, 0.6517837047576904, -0.054658494889736176, -0.0894605964422226, 1.3950399160385132, 0.04585292190313339, -0.10516788065433502, 0.46545976400375366, -0.028624262660741806, 0.07781330496072769, 0.012265359051525593, -0.04678208380937576, -0.05483259633183479, -0.006070984061807394, 0.08265984058380127, -0.10229253023862839, 0.11314520984888077, -0.032770637422800064, 0.10396779328584671, 0.003638781374320388, -0.047843120992183685, -0.03245100378990173, -0.2282184362411499, 0.040167905390262604, 0.11413785815238953, -0.0930858701467514, -0.04169484227895737, -0.2614783048629761, -0.15717293322086334, -0.39693889021873474, -0.13043545186519623, -0.028770530596375465, -0.1617766171693802, -0.15077921748161316, 0.020925985649228096, 0.08362285792827606, 0.2755562961101532, -0.05479498952627182, -0.3382468521595001, 0.1387641876935959, -0.27307844161987305, -0.6301809549331665, -0.5779309868812561, 0.03708338737487793, -0.0718345120549202, 0.9018739461898804, -0.15760311484336853, -1.8757846355438232, 0.7906742691993713, -0.027404606342315674, 0.41902869939804077, -0.09037628024816513, 0.16498318314552307, -0.14823973178863525, 0.44769906997680664, 0.12419748306274414, 0.06017235666513443, -0.23076100647449493, -0.17511361837387085, -0.09718729555606842, -0.23841719329357147, -0.19712619483470917, 0.09769754111766815, 0.21513833105564117]], "pred_rotmat": [[[[0.4893207550048828, -0.5359199047088623, 0.6880080103874207], [-0.3133864402770996, -0.8442639112472534, -0.4347497820854187], [0.8138514161109924, -0.0028802871238440275, -0.5810658931732178]], [[0.9534174799919128, -0.2854439616203308, -0.0975542664527893], [0.28237465023994446, 0.7307631373405457, 0.621489942073822], [-0.10611150413751602, -0.6200862526893616, 0.7773244976997375]], [[0.9994802474975586, -0.02856728620827198, 0.014941282570362091], [0.013105068355798721, 0.783460259437561, 0.6213038563728333], [-0.02945486083626747, -0.6207850575447083, 0.7834274172782898]], [[0.9947012662887573, 0.06592755764722824, -0.07888488471508026], [-0.10027788579463959, 0.7913337349891663, -0.6031047105789185], [0.022663047537207603, 0.6078194975852966, 0.7937517166137695]], [[0.9944254159927368, 0.10112757235765457, -0.0298549123108387], [-0.04694630205631256, 0.17110437154769897, -0.9841338396072388], [-0.09441474080085754, 0.9800492525100708, 0.17489810287952423]], [[0.9966263771057129, -0.08148519694805145, -0.009795079939067364], [0.0684080645442009, 0.8907049298286438, -0.44940513372421265], [0.045344382524490356, 0.44721898436546326, 0.8932742476463318]], [[0.997403621673584, 0.054496992379426956, -0.04707653820514679], [-0.055070534348487854, 0.9984221458435059, -0.01097241509705782], [0.04640429839491844, 0.013536455109715462, 0.998831033706665]], [[0.9913642406463623, 0.10174671560525894, 0.08273129910230637], [-0.10224783420562744, 0.9947572350502014, 0.0018318219808861613], [-0.0821111798286438, -0.010275098495185375, 0.9965701103210449]], [[0.9940705895423889, -0.10539067536592484, -0.02676633559167385], [0.10169045627117157, 0.9882186055183411, -0.11438031494617462], [0.038505617529153824, 0.11098023504018784, 0.9930762648582458]], [[0.9983294606208801, 0.032345835119485855, -0.04787538945674896], [-0.0325198769569397, 0.9994669556617737, -0.0028606848791241646], [0.0477573424577713, 0.0044128079898655415, 0.9988492131233215]], [[0.9927201867103577, -0.11743088811635971, 0.02677076868712902], [0.10831469297409058, 0.9676250219345093, 0.22796855866909027], [-0.05267462134361267, -0.22340930998325348, 0.9733003973960876]], [[0.9651747941970825, 0.2599867284297943, -0.029059289023280144], [-0.25613096356391907, 0.9617342352867126, 0.09728400409221649], [0.053239867091178894, -0.08645309507846832, 0.9948322772979736]], [[0.914152979850769, 0.15682567656040192, -0.3738047182559967], [-0.09546684473752975, 0.9794856905937195, 0.17746488749980927], [0.3939674496650696, -0.12654411792755127, 0.9103714227676392]], [[0.9756481647491455, 0.15185005962848663, -0.1582789421081543], [-0.14721491932868958, 0.988267719745636, 0.04067845270037651], [0.16259899735450745, -0.016386833041906357, 0.9865561723709106]], [[0.9588251709938049, -0.27087485790252686, 0.08532903343439102], [0.27261263132095337, 0.9620799422264099, -0.009194868616759777], [-0.0796026885509491, 0.03207804262638092, 0.9963103532791138]], [[0.9339244961738586, -0.1264629065990448, -0.33435341715812683], [0.14478699862957, 0.988997220993042, 0.030353151261806488], [0.3268360197544098, -0.07675758004188538, 0.9419589042663574]], [[0.6583288908004761, 0.5838114023208618, -0.47514981031417847], [-0.42297104001045227, 0.8090651631355286, 0.40805527567863464], [0.6226544380187988, -0.06765998154878616, 0.7795662879943848]], [[0.6179421544075012, -0.7848292589187622, -0.04680236428976059], [0.7823424935340881, 0.6197088956832886, -0.06245877221226692], [0.07802331447601318, 0.0019804330077022314, 0.9969494938850403]], [[-0.4450371265411377, -0.2420153021812439, -0.8621893525123596], [0.44820401072502136, 0.7733250260353088, -0.4484211206436157], [0.7752774357795715, -0.5860008001327515, -0.23568612337112427]], [[0.9095274806022644, 0.08196873217821121, 0.4074810743331909], [-0.09327660501003265, 0.9956086874008179, 0.007923861034214497], [-0.40504220128059387, -0.045215409249067307, 0.9131792187690735]], [[0.8910894393920898, -0.4412800073623657, -0.10597926378250122], [0.4173274636268616, 0.8885213136672974, -0.19070307910442352], [0.17831827700138092, 0.12570543587207794, 0.9759102463722229]], [[0.9717352390289307, 0.2317046821117401, 0.04520609229803085], [-0.2242763340473175, 0.9658685922622681, -0.12960737943649292], [-0.07369377464056015, 0.11580539494752884, 0.9905344247817993]], [[0.9671228528022766, 0.24302418529987335, -0.07491752505302429], [-0.22614240646362305, 0.9565985798835754, 0.1837899386882782], [0.11633139848709106, -0.16080541908740997, 0.9801064133644104]], [[0.9723048806190491, -0.22131280601024628, 0.07512512058019638], [0.20220553874969482, 0.9577633142471313, 0.20445653796195984], [-0.11720092594623566, -0.18360339105129242, 0.9759886264801025]]]], "pred_betas": [[-0.014679258689284325, -0.0667845755815506, 0.6250999569892883, 0.9313450455665588, 0.1486375480890274, 0.27885085344314575, -0.11746104061603546, 0.22171653807163239, 0.5227032899856567, -0.18062081933021545]], "pred_camera": [1.29575777053833, -0.17737746238708496, 0.3622964024543762]}