{"pred_joints_img": [[396.6059265136719, 147.01625061035156, -49.09762191772461], [384.92510986328125, 176.81845092773438, -13.38521957397461], [356.315185546875, 205.41021728515625, -43.24364471435547], [330.15008544921875, 260.9766845703125, -41.22996520996094], [324.22955322265625, 318.3890380859375, -62.64842224121094], [411.6482238769531, 190.44461059570312, 24.229963302612305], [457.7591857910156, 230.7584228515625, 39.498844146728516], [468.4480285644531, 181.92324829101562, 5.971881866455078], [399.64105224609375, 295.93536376953125, 6.886703968048096], [403.0654602050781, 320.4179382324219, -5.834651947021484], [478.1883239746094, 360.0496826171875, -41.79116439819336], [542.1458129882812, 431.566162109375, -35.33053207397461], [418.61102294921875, 310.86834716796875, 21.62296485900879], [505.837890625, 332.0797119140625, 15.887467384338379], [484.16925048828125, 416.7008056640625, 55.75606918334961], [385.906494140625, 139.25274658203125, -41.874305725097656], [401.8507995605469, 137.6411895751953, -38.7028923034668], [372.11895751953125, 146.465087890625, -21.651445388793945], [407.773681640625, 142.7823028564453, -13.885977745056152], [528.0095825195312, 436.1248474121094, 51.15284729003906], [519.8626708984375, 431.2420654296875, 69.05169677734375], [469.1585998535156, 421.54583740234375, 63.22764205932617], [582.2665405273438, 414.8740234375, -58.04063415527344], [568.6436157226562, 429.0080871582031, -66.96856689453125], [539.9883422851562, 447.53277587890625, -27.525775909423828], [542.1458129882812, 431.566162109375, -35.33053207397461], [478.1883239746094, 360.0496826171875, -41.79116439819336], [377.88287353515625, 301.956787109375, -19.11983299255371], [410.5350341796875, 281.6603698730469, 35.47258377075195], [505.837890625, 332.0797119140625, 15.887467384338379], [484.16925048828125, 416.7008056640625, 55.75606918334961], [324.22955322265625, 318.3890380859375, -62.64842224121094], [330.15008544921875, 260.9766845703125, -41.22996520996094], [356.315185546875, 205.41021728515625, -43.24364471435547], [411.6482238769531, 190.44461059570312, 24.229963302612305], [457.7591857910156, 230.7584228515625, 39.498844146728516], [468.4480285644531, 181.92324829101562, 5.971881866455078], [386.5106201171875, 177.32125854492188, -14.991094589233398], [387.3416442871094, 111.23049926757812, -19.41840934753418], [390.927734375, 294.44818115234375, 11.013555526733398], [384.4024963378906, 191.5184326171875, -10.318578720092773], [377.5537109375, 234.76119995117188, 1.688099980354309], [395.8507080078125, 156.4803924560547, -31.57684326171875], [387.7561340332031, 126.83976745605469, -17.669666290283203], [396.6059265136719, 147.01625061035156, -49.09762191772461], [401.8507995605469, 137.6411895751953, -38.7028923034668], [385.906494140625, 139.25274658203125, -41.874305725097656], [407.773681640625, 142.7823028564453, -13.885977745056152], [372.11895751953125, 146.465087890625, -21.651445388793945]], "pred_body_pose": [[2.474548816680908, -0.7171569466590881, 1.2943543195724487, -0.6851353645324707, -0.005775563418865204, 0.2841956913471222, -0.6654424667358398, 0.023962808772921562, 0.03312419354915619, 0.6570549011230469, -0.0490235798060894, -0.08265066146850586, 1.4910392761230469, 0.03952508792281151, -0.11090077459812164, 0.4560686945915222, -0.0303345900028944, 0.07601552456617355, 0.012962657026946545, -0.039341967552900314, -0.053189441561698914, -0.00824941135942936, 0.07651282846927643, -0.09930721670389175, 0.11583968997001648, -0.029847538098692894, 0.10423613339662552, 0.0076306527480483055, -0.04120403900742531, -0.02917957492172718, -0.23316937685012817, 0.03625545650720596, 0.11013492196798325, -0.09781499207019806, -0.032747965306043625, -0.26241323351860046, -0.17179879546165466, -0.3910025358200073, -0.12001687288284302, -0.025527721270918846, -0.12668420374393463, -0.15877336263656616, 0.021842505782842636, 0.068520687520504, 0.27411776781082153, -0.05177683010697365, -0.32246580719947815, 0.14171291887760162, -0.26893913745880127, -0.5683971047401428, -0.5891491770744324, 0.0310947485268116, -0.0824650451540947, 0.8924457430839539, -0.16534660756587982, -1.8448644876480103, 0.8005977272987366, -0.028413357213139534, 0.4251474440097809, -0.09080607444047928, 0.1737220585346222, -0.14374808967113495, 0.4315248429775238, 0.13413631916046143, 0.06022687628865242, -0.21711373329162598, -0.18510276079177856, -0.09809207171201706, -0.24073348939418793, -0.20596469938755035, 0.09803742915391922, 0.21598993241786957]], "pred_rotmat": [[[[0.4819400906562805, -0.5345631837844849, 0.6942448019981384], [-0.30517148971557617, -0.8451284170150757, -0.4388943612575531], [0.8213428258895874, -0.00034292973577976227, -0.5704346895217896]], [[0.9614184498786926, -0.2569526433944702, -0.09823377430438995], [0.2607315182685852, 0.7372952103614807, 0.623229444026947], [-0.08771314471960068, -0.6247969269752502, 0.7758448719978333]], [[0.9991947412490845, -0.03840624541044235, 0.011607764288783073], [0.023042326793074608, 0.7861449718475342, 0.617612361907959], [-0.03284555673599243, -0.6168476343154907, 0.7863969206809998]], [[0.9955500960350037, 0.06118657439947128, -0.07166910916566849], [-0.0922313779592514, 0.788663923740387, -0.6078673005104065], [0.019329527392983437, 0.611772358417511, 0.790797770023346]], [[0.9942687749862671, 0.09830543398857117, -0.04201852157711983], [-0.049571163952350616, 0.07569147646427155, -0.9958983063697815], [-0.09472180157899857, 0.9922735691070557, 0.08013078570365906]], [[0.9967102408409119, -0.08011897653341293, -0.012234494090080261], [0.06653008610010147, 0.895010232925415, -0.4410560429096222], [0.04628695920109749, 0.43879109621047974, 0.8973962068557739]], [[0.9978123903274536, 0.05289427563548088, -0.039656784385442734], [-0.0534040592610836, 0.9985020160675049, -0.011906948871910572], [0.038967568427324295, 0.013998733833432198, 0.9991424679756165]], [[0.9921522736549377, 0.09873101115226746, 0.07672078162431717], [-0.099361352622509, 0.99504154920578, 0.004433583468198776], [-0.07590263336896896, -0.012021871283650398, 0.9970427751541138]], [[0.994134247303009, -0.10552448034286499, -0.023697778582572937], [0.10207419097423553, 0.9878835082054138, -0.11690659821033478], [0.03574714809656143, 0.11380193382501602, 0.9928601384162903]], [[0.9987256526947021, 0.02900972217321396, -0.04129744693636894], [-0.02932407334446907, 0.9995452761650085, -0.007026310078799725], [0.041074834764003754, 0.008228365331888199, 0.9991222023963928]], [[0.9933158159255981, -0.11309738457202911, 0.023079432547092438], [0.10469140857458115, 0.9669386744499207, 0.23252828419208527], [-0.0486147403717041, -0.22855781018733978, 0.972315788269043]], [[0.9652644991874695, 0.26054105162620544, -0.019566597416996956], [-0.25735899806022644, 0.9610448479652405, 0.10079243034124374], [0.04506494849920273, -0.09225571155548096, 0.9947150349617004]], [[0.9177192449569702, 0.14915849268436432, -0.36816173791885376], [-0.08307918906211853, 0.978398323059082, 0.18930009007453918], [0.38844457268714905, -0.14313776791095734, 0.9102869629859924]], [[0.9794430136680603, 0.1592780202627182, -0.1237817034125328], [-0.15605534613132477, 0.9871147871017456, 0.03537175431847572], [0.127820685505867, -0.015327823348343372, 0.9916788935661316]], [[0.9603486061096191, -0.26972001791000366, 0.07058092951774597], [0.27120667695999146, 0.9624435901641846, -0.012222623452544212], [-0.06463346630334854, 0.030879998579621315, 0.997431218624115]], [[0.938619077205658, -0.1304778754711151, -0.3193269968032837], [0.14699852466583252, 0.9887380003929138, 0.028081512078642845], [0.3120667338371277, -0.07329843938350677, 0.9472284317016602]], [[0.6851409673690796, 0.5907196998596191, -0.4261831045150757], [-0.44708287715911865, 0.8029464483261108, 0.3942002058029175], [0.5750640630722046, -0.07954352349042892, 0.8142321705818176]], [[0.6245754957199097, -0.7787417769432068, -0.05887780338525772], [0.776344895362854, 0.6273019909858704, -0.06148810684680939], [0.08481752872467041, -0.007305513136088848, 0.9963696002960205]], [[-0.42271649837493896, -0.25045356154441833, -0.8709670901298523], [0.4650612473487854, 0.7649152278900146, -0.445671021938324], [0.7778359651565552, -0.5934455394744873, -0.2068660408258438]], [[0.9069871306419373, 0.08201564848423004, 0.41309523582458496], [-0.09390568733215332, 0.9955446124076843, 0.00852342788130045], [-0.4105556607246399, -0.04652262106537819, 0.9106478691101074]], [[0.8985887765884399, -0.4269178807735443, -0.10138757526874542], [0.4024350941181183, 0.8939240574836731, -0.19734685122966766], [0.1748836785554886, 0.13653172552585602, 0.9750768542289734]], [[0.9747623205184937, 0.2186504602432251, 0.045060895383358], [-0.2106180191040039, 0.9676207304000854, -0.13910511136054993], [-0.0740172415971756, 0.12610377371311188, 0.989251971244812]], [[0.9664984345436096, 0.24567003548145294, -0.07434384524822235], [-0.22766652703285217, 0.9542821645736694, 0.19368413090705872], [0.11852739751338959, -0.17026980221271515, 0.9782430529594421]], [[0.9720991253852844, -0.2224683165550232, 0.07437208294868469], [0.20244155824184418, 0.9558285474777222, 0.213094562292099], [-0.11849373579025269, -0.19209301471710205, 0.9741969108581543]]]], "pred_betas": [[-0.019229255616664886, -0.12215489894151688, 0.6324983835220337, 0.9615494608879089, 0.1439182162284851, 0.2887750566005707, -0.10352793335914612, 0.24598224461078644, 0.46946343779563904, -0.19603705406188965]], "pred_camera": [1.3001768589019775, -0.18179500102996826, 0.3678204417228699]}