{"pred_joints_img": [[398.79931640625, 149.85562133789062, -48.489131927490234], [386.956787109375, 176.83358764648438, -12.136024475097656], [354.8824768066406, 201.31936645507812, -38.392486572265625], [322.808349609375, 251.92776489257812, -38.1142578125], [323.66424560546875, 299.1050720214844, -75.106201171875], [414.59765625, 193.85665893554688, 22.844152450561523], [443.7213439941406, 245.72076416015625, 38.78938674926758], [475.91644287109375, 216.551513671875, -0.5949438810348511], [396.96588134765625, 292.4761962890625, 6.662332534790039], [399.1689453125, 316.0863342285156, -6.239605903625488], [471.42584228515625, 351.9740905761719, -45.354248046875], [513.804443359375, 433.78302001953125, -29.698694229125977], [415.09722900390625, 307.8697509765625, 20.39988136291504], [499.4425354003906, 328.897705078125, 10.88061809539795], [493.16424560546875, 415.56103515625, 44.998348236083984], [388.6346435546875, 141.5786895751953, -42.04018020629883], [404.2060241699219, 140.37330627441406, -38.96245574951172], [374.87628173828125, 146.95428466796875, -21.997167587280273], [409.634521484375, 144.2060089111328, -14.571022987365723], [536.9508666992188, 428.86199951171875, 34.856727600097656], [530.3748779296875, 426.1173095703125, 53.21222686767578], [480.1322021484375, 422.418212890625, 53.45261001586914], [556.314453125, 426.7000427246094, -49.611385345458984], [541.1729736328125, 438.13653564453125, -58.549842834472656], [507.9458923339844, 448.1470947265625, -21.79962921142578], [513.804443359375, 433.78302001953125, -29.698694229125977], [471.42584228515625, 351.9740905761719, -45.354248046875], [375.0319519042969, 297.1644287109375, -18.30965805053711], [408.4622802734375, 279.4842834472656, 34.4039306640625], [499.4425354003906, 328.897705078125, 10.88061809539795], [493.16424560546875, 415.56103515625, 44.998348236083984], [323.66424560546875, 299.1050720214844, -75.106201171875], [322.808349609375, 251.92776489257812, -38.1142578125], [354.8824768066406, 201.31936645507812, -38.392486572265625], [414.59765625, 193.85665893554688, 22.844152450561523], [443.7213439941406, 245.72076416015625, 38.78938674926758], [475.91644287109375, 216.551513671875, -0.5949438810348511], [388.2866516113281, 177.4496307373047, -13.622450828552246], [390.82781982421875, 113.15708923339844, -21.599990844726562], [388.5274353027344, 290.813232421875, 10.885438919067383], [385.46539306640625, 191.37164306640625, -8.652722358703613], [377.2991638183594, 232.60272216796875, 3.00583553314209], [397.6020812988281, 157.95974731445312, -30.912324905395508], [390.71160888671875, 128.2486114501953, -19.012855529785156], [398.79931640625, 149.85562133789062, -48.489131927490234], [404.2060241699219, 140.37330627441406, -38.96245574951172], [388.6346435546875, 141.5786895751953, -42.04018020629883], [409.634521484375, 144.2060089111328, -14.571022987365723], [374.87628173828125, 146.95428466796875, -21.997167587280273]], "pred_body_pose": [[2.4890031814575195, -0.6572856307029724, 1.2804397344589233, -0.7167630791664124, -0.017731357365846634, 0.283079594373703, -0.7164568901062012, 0.05575146898627281, 0.024197833612561226, 0.656621515750885, -0.06411612033843994, -0.06571731716394424, 1.331291913986206, 0.023213842883706093, -0.12455032020807266, 0.7536830306053162, -0.0028697478119283915, 0.10745171457529068, 0.02609439380466938, -0.06762000918388367, -0.056717727333307266, 0.002816680585965514, 0.0977388396859169, -0.1025896891951561, 0.07124235481023788, -0.06196114793419838, 0.09349943697452545, 0.020206904038786888, -0.059747468680143356, -0.03761209547519684, -0.2468748390674591, 0.027483608573675156, 0.15049242973327637, -0.14032244682312012, -0.031518105417490005, -0.2623448967933655, -0.17665082216262817, -0.3762173354625702, -0.08612289279699326, 0.007213860750198364, -0.1298561990261078, -0.25274738669395447, 0.011903582140803337, 0.0165606327354908, 0.23963244259357452, -0.016191141679883003, -0.2546038031578064, 0.14826920628547668, -0.10652048885822296, -0.4680326282978058, -0.7173060178756714, 0.057018570601940155, -0.06716599315404892, 0.8368373513221741, -0.15665271878242493, -1.6952952146530151, 0.5975039005279541, -0.09936312586069107, 0.768072247505188, -0.16086947917938232, 0.06567416340112686, -0.12962527573108673, 0.38513997197151184, 0.04635223001241684, 0.08215469866991043, -0.2610217034816742, -0.1497543305158615, -0.09708360582590103, -0.22709335386753082, -0.1510302722454071, 0.0975903794169426, 0.2170516699552536]], "pred_rotmat": [[[[0.5076597929000854, -0.5060648918151855, 0.6972659826278687], [-0.27157649397850037, -0.8620445728302002, -0.42793145775794983], [0.8176354765892029, 0.027882538735866547, -0.5750607252120972]], [[0.9617285132408142, -0.24982047080993652, -0.11255227029323578], [0.26191267371177673, 0.7174736857414246, 0.6454713344573975], [-0.08049865812063217, -0.6502470374107361, 0.7554460763931274]], [[0.9982313513755798, -0.04129200801253319, 0.04276891052722931], [0.0030400126706808805, 0.7539332509040833, 0.6569440364837646], [-0.05937143787741661, -0.6556521058082581, 0.75272536277771]], [[0.9959372878074646, 0.0407172292470932, -0.08031775802373886], [-0.08129747211933136, 0.7901248335838318, -0.6075307130813599], [0.038724079728126526, 0.611592173576355, 0.7902249693870544]], [[0.9931012392044067, 0.10389025509357452, -0.054376550018787384], [-0.07732564955949783, 0.23160524666309357, -0.969731867313385], [-0.08815179765224457, 0.9672465324401855, 0.23804083466529846]], [[0.9944966435432434, -0.09839890897274017, 0.03597345948219299], [0.09633850306272507, 0.7239370942115784, -0.6831060647964478], [0.041174374520778656, 0.6828123331069946, 0.7294326424598694]], [[0.9961080551147461, 0.055756065994501114, -0.06826407462358475], [-0.057519324123859406, 0.9980524182319641, -0.024141298606991768], [0.06678511202335358, 0.027973847463726997, 0.9973751306533813]], [[0.9899780750274658, 0.1023840382695198, 0.0972677543759346], [-0.10210919380187988, 0.9947425723075867, -0.0078123752027750015], [-0.0975562334060669, -0.002197852823883295, 0.9952276945114136]], [[0.9937185645103455, -0.09542839974164963, -0.05845330283045769], [0.09102063626050949, 0.9931014180183411, -0.07392527908086777], [0.06510461866855621, 0.06814046949148178, 0.9955492615699768]], [[0.9975089430809021, 0.036974918097257614, -0.060073625296354294], [-0.03818168491125107, 0.9990889430046082, -0.01906563900411129], [0.05931394174695015, 0.02131185680627823, 0.9980119466781616]], [[0.9883803725242615, -0.15175436437129974, 0.008652674965560436], [0.1450168937444687, 0.9584953784942627, 0.24547231197357178], [-0.04554503783583641, -0.2413652241230011, 0.9693649411201477]], [[0.9653505086898804, 0.2606436312198639, -0.012780464254319668], [-0.25625380873680115, 0.9560715556144714, 0.14234201610088348], [0.04931957274675369, -0.13413488864898682, 0.9897350668907166]], [[0.9266331791877747, 0.11629370599985123, -0.3575286269187927], [-0.050826434046030045, 0.9809768795967102, 0.1873527616262436], [0.3725152611732483, -0.15543538331985474, 0.9149165153503418]], [[0.9598991870880127, 0.2488923817873001, -0.12902013957500458], [-0.24982286989688873, 0.9682480096817017, 0.009183104149997234], [0.12720909714698792, 0.02341732569038868, 0.9915995001792908]], [[0.9712897539138794, -0.23723097145557404, 0.017820829525589943], [0.23742716014385223, 0.9713557362556458, -0.009814475663006306], [-0.014982068911194801, 0.013763850554823875, 0.9997929334640503]], [[0.9569105505943298, -0.14408071339130402, -0.2521168291568756], [0.14817321300506592, 0.9889575242996216, -0.00278119882568717], [0.249733567237854, -0.03469560667872429, 0.9676927924156189]], [[0.6554202437400818, 0.6549259424209595, -0.3761600852012634], [-0.6080898642539978, 0.7529851794242859, 0.2514756917953491], [0.4479409158229828, 0.0639168992638588, 0.8917755484580994]], [[0.6679049730300903, -0.7433246374130249, -0.037032950669527054], [0.7397156357765198, 0.6684987545013428, -0.0770079642534256], [0.08199839293956757, 0.02404015138745308, 0.9963424801826477]], [[-0.2221263349056244, -0.22171124815940857, -0.9494755864143372], [0.422614723443985, 0.8556798696517944, -0.2986782491207123], [0.8786675333976746, -0.46760672330856323, -0.09637060016393661]], [[0.7078163027763367, 0.10840047150850296, 0.6980296969413757], [-0.18082132935523987, 0.9830368161201477, 0.030695883557200432], [-0.6828614473342896, -0.14794571697711945, 0.715410590171814]], [[0.9185916185379028, -0.37855157256126404, -0.11352605372667313], [0.3701580762863159, 0.9247487187385559, -0.08844652771949768], [0.13846464455127716, 0.039223648607730865, 0.9895903468132019]], [[0.9627988338470459, 0.25957533717155457, 0.07509329169988632], [-0.25579166412353516, 0.9650845527648926, -0.05641286447644234], [-0.08711476624011993, 0.035106007009744644, 0.9955794811248779]], [[0.9697130918502808, 0.2311679869890213, -0.07885316759347916], [-0.21673010289669037, 0.9632576107978821, 0.1586279571056366], [0.1126256212592125, -0.1367337554693222, 0.9841845631599426]], [[0.9718692898750305, -0.22150996327400208, 0.08002085238695145], [0.20686820149421692, 0.9652700424194336, 0.15955954790115356], [-0.11258577555418015, -0.13851727545261383, 0.9839397072792053]]]], "pred_betas": [[-0.11053451895713806, -0.11143864691257477, 0.4364892840385437, 0.880579948425293, 0.16497395932674408, 0.2614074647426605, -0.20110008120536804, 0.24272020161151886, 0.662871241569519, -0.12947978079319]], "pred_camera": [1.2365442514419556, -0.11348754167556763, 0.30885323882102966]}