{"pred_joints_img": [[389.6107177734375, 151.8129425048828, -45.69614791870117], [387.5209045410156, 181.4810791015625, -5.864383697509766], [343.6318664550781, 199.63536071777344, -9.57127857208252], [301.64129638671875, 232.84536743164062, -43.64830017089844], [305.871337890625, 172.81167602539062, -63.918941497802734], [429.0296630859375, 208.43264770507812, 1.1483808755874634], [433.04083251953125, 273.556884765625, 4.449376583099365], [420.2486877441406, 321.7545471191406, -32.3748893737793], [392.9603271484375, 302.7344055175781, 6.223137855529785], [384.46405029296875, 325.5893249511719, -6.98992395401001], [397.53680419921875, 362.5212097167969, -94.3894271850586], [362.5790710449219, 447.904296875, -56.3475227355957], [412.9845275878906, 322.5390625, 8.649816513061523], [493.9599609375, 340.6384582519531, -34.642822265625], [478.19842529296875, 431.1061706542969, 4.258134365081787], [382.096435546875, 142.4291229248047, -36.478851318359375], [398.6324768066406, 143.45138549804688, -37.244510650634766], [372.60125732421875, 148.13284301757812, -13.20838737487793], [408.9245300292969, 149.90924072265625, -14.530476570129395], [515.6198120117188, 445.4949951171875, -23.708444595336914], [516.7381591796875, 444.03765869140625, -3.4334609508514404], [468.8916320800781, 436.759765625, 17.44351577758789], [380.779296875, 469.28558349609375, -96.9537582397461], [360.0189208984375, 466.5173034667969, -92.99279022216797], [353.1095886230469, 454.53302001953125, -42.53863525390625], [362.5790710449219, 447.904296875, -56.3475227355957], [397.53680419921875, 362.5212097167969, -94.3894271850586], [360.46929931640625, 301.7025146484375, -4.141192436218262], [418.38153076171875, 293.6802062988281, 25.855195999145508], [493.9599609375, 340.6384582519531, -34.642822265625], [478.19842529296875, 431.1061706542969, 4.258134365081787], [305.871337890625, 172.81167602539062, -63.918941497802734], [301.64129638671875, 232.84536743164062, -43.64830017089844], [343.6318664550781, 199.63536071777344, -9.57127857208252], [429.0296630859375, 208.43264770507812, 1.1483808755874634], [433.04083251953125, 273.556884765625, 4.449376583099365], [420.2486877441406, 321.7545471191406, -32.3748893737793], [388.0013732910156, 182.41676330566406, -8.112505912780762], [392.8173828125, 115.31744384765625, -15.656780242919922], [387.78192138671875, 300.1260986328125, 14.864035606384277], [387.0107116699219, 197.34756469726562, -3.941424608230591], [382.5053405761719, 239.11341857910156, 13.192620277404785], [391.4264221191406, 161.37208557128906, -27.726438522338867], [391.5128479003906, 131.15000915527344, -13.640111923217773], [389.6107177734375, 151.8129425048828, -45.69614791870117], [398.6324768066406, 143.45138549804688, -37.244510650634766], [382.096435546875, 142.4291229248047, -36.478851318359375], [408.9245300292969, 149.90924072265625, -14.530476570129395], [372.60125732421875, 148.13284301757812, -13.20838737487793]], "pred_body_pose": [[2.6747283935546875, -0.28608977794647217, 0.6291956901550293, -0.7954356670379639, 0.063728928565979, 0.488631933927536, -0.7312988638877869, 0.11249576508998871, -0.319528192281723, 0.6483324766159058, -0.08199506998062134, -0.006894921883940697, 1.5917092561721802, 0.022568034008145332, -0.15194454789161682, 1.5534716844558716, 0.16177555918693542, 0.057688694447278976, 0.08678591251373291, -0.1422736793756485, -0.0030748285353183746, -0.20126785337924957, 0.005422867834568024, -0.01940663903951645, -0.1811918467283249, -0.026170765981078148, 0.0637054517865181, -0.03276544809341431, -0.0921214297413826, -0.053443774580955505, -0.23059026896953583, 0.10835311561822891, 0.12040723115205765, -0.22379766404628754, -0.14847669005393982, -0.16689564287662506, -0.19150985777378082, -0.17058391869068146, -0.008284864015877247, 0.07729209959506989, -0.3924328684806824, -0.3643507659435272, -0.12334761023521423, 0.1242036521434784, 0.11671245098114014, -0.06643557548522949, -0.055626824498176575, -0.010606309399008751, 0.08800934255123138, -0.4332132935523987, -0.9332972168922424, -0.44000646471977234, 0.3951858580112457, 0.38739222288131714, 0.2729603350162506, -0.6303228735923767, 0.10986015200614929, -0.4921420216560364, 1.7006679773330688, -0.8673344254493713, 0.20494307577610016, -0.020489361137151718, 0.23075546324253082, 0.07659140229225159, 0.059781044721603394, -0.3834232985973358, -0.17718419432640076, -0.11578802764415741, -0.23179732263088226, -0.15491482615470886, 0.09413933753967285, 0.24990975856781006]], "pred_rotmat": [[[[0.8792482018470764, -0.2776825428009033, 0.38705936074256897], [-0.109146349132061, -0.9083467125892639, -0.4037243127822876], [0.4636912941932678, 0.31272777915000916, -0.8289702534675598]], [[0.8871925473213196, -0.44393619894981384, -0.125737726688385], [0.3968362510204315, 0.5951392650604248, 0.6988062858581543], [-0.2353939414024353, -0.669873058795929, 0.7041730880737305]], [[0.9456625580787659, 0.24708762764930725, 0.21135304868221283], [-0.3249978721141815, 0.6984202265739441, 0.6376405954360962], [0.009939849376678467, -0.6716820597648621, 0.7407727837562561]], [[0.9967334270477295, -0.019232871010899544, -0.07843837141990662], [-0.03206184506416321, 0.7971842885017395, -0.6028842329978943], [0.0741250216960907, 0.6034297347068787, 0.793963611125946]], [[0.9905110597610474, 0.10942572355270386, -0.08314884454011917], [-0.08053519576787949, -0.028099533170461655, -0.9963555335998535], [-0.11136338114738464, 0.9935977458953857, -0.01902027614414692]], [[0.9880187511444092, 0.06516268104314804, 0.1399027705192566], [0.13898126780986786, 0.018488578498363495, -0.9901224374771118], [-0.06710562855005264, 0.9977033734321594, 0.009210670366883278]], [[0.9898977875709534, -0.003098785877227783, -0.14174890518188477], [-0.009220005944371223, 0.9962380528450012, -0.0861663743853569], [0.14148268103599548, 0.0866028293967247, 0.9861452579498291]], [[0.9997977018356323, 0.018730709329247475, 0.007332280743867159], [-0.019818438217043877, 0.9796269536018372, 0.19984573125839233], [-0.0034396478440612555, -0.19995062053203583, 0.9797999858856201]], [[0.9976357221603394, -0.060943689197301865, -0.03176059573888779], [0.06567081809043884, 0.981613278388977, 0.1792283058166504], [0.020253779366612434, -0.18089032173156738, 0.983294665813446]], [[0.9943345785140991, 0.05484089255332947, -0.09105626493692398], [-0.05182561278343201, 0.9980370402336121, 0.03515680134296417], [0.09280557185411453, -0.030238576233386993, 0.9952248930931091]], [[0.9869675040245056, -0.13123011589050293, 0.09313400089740753], [0.10640978813171387, 0.966388463973999, 0.23403069376945496], [-0.12071547657251358, -0.2210702896118164, 0.9677581787109375]], [[0.9752574563026428, 0.1806047409772873, -0.1274944394826889], [-0.14765192568302155, 0.9613538384437561, 0.23237401247024536], [0.16453512012958527, -0.20779968798160553, 0.9642341136932373]], [[0.9854960441589355, 0.02443906106054783, -0.16792912781238556], [0.008050571195781231, 0.9817283153533936, 0.19011791050434113], [0.16950705647468567, -0.18871238827705383, 0.9672926068305969]], [[0.8600861430168152, 0.33203351497650146, -0.3873056471347809], [-0.36163270473480225, 0.9323128461837769, -0.0038113980554044247], [0.359824538230896, 0.14334052801132202, 0.9219435453414917]], [[0.9855293035507202, -0.12348522990942001, 0.11611781269311905], [0.10822145640850067, 0.9856348633766174, 0.12966102361679077], [-0.13046099245548248, -0.11521831154823303, 0.9847357869148254]], [[0.9983976483345032, 0.012439468875527382, -0.055204108357429504], [-0.00874621793627739, 0.9977383613586426, 0.0666460394859314], [0.05590829625725746, -0.06605641543865204, 0.9962484240531921]], [[0.5160455703735352, 0.758605420589447, -0.39776232838630676], [-0.7934620380401611, 0.598293125629425, 0.11163932830095291], [0.3226687014102936, 0.2579983174800873, 0.9106711149215698]], [[0.8531506061553955, -0.4392967224121094, 0.2813405990600586], [0.2725358009338379, 0.8352004289627075, 0.4776657521724701], [-0.4448127746582031, -0.3308453857898712, 0.8322758674621582]], [[0.8034337162971497, -0.18382525444030762, -0.5663060545921326], [0.018599003553390503, 0.9584292769432068, -0.284723162651062], [0.5951036810874939, 0.2182234674692154, 0.7734533548355103]], [[-0.30342897772789, 0.10576100647449493, 0.9469664692878723], [-0.7044269442558289, 0.644338071346283, -0.2976762354373932], [-0.641649067401886, -0.7573923468589783, -0.1210099384188652]], [[0.9733793139457703, -0.22917650640010834, 0.003293735906481743], [0.22501075267791748, 0.9527535438537598, -0.20403608679771423], [0.04362216964364052, 0.1993456333875656, 0.9789577722549438]], [[0.9256829619407654, 0.375762939453125, 0.04374134540557861], [-0.3712436258792877, 0.9245515465736389, -0.08592188358306885], [-0.07272738963365555, 0.06329772621393204, 0.9953411817550659]], [[0.9667063355445862, 0.2381834238767624, -0.09352856129407883], [-0.21783548593521118, 0.9577862024307251, 0.18759864568710327], [0.13426324725151062, -0.16097894310951233, 0.9777827858924866]], [[0.964623749256134, -0.25319263339042664, 0.0734468549489975], [0.23872452974319458, 0.9571155309677124, 0.16413557529449463], [-0.11185503751039505, -0.1407955139875412, 0.9836996793746948]]]], "pred_betas": [[0.11537028849124908, 0.47658824920654297, 0.4672662317752838, 0.5716394782066345, 0.08833623677492142, 0.10928221046924591, -0.49809956550598145, 0.3814716637134552, 0.615812361240387, -0.0021712854504585266]], "pred_camera": [1.2429354190826416, -0.017423974350094795, 0.3404138684272766]}