{"pred_joints_img": [[396.0550842285156, 154.1832733154297, -43.01780319213867], [388.6996154785156, 180.67019653320312, -3.7734901905059814], [346.9313659667969, 199.90045166015625, -14.3505220413208], [308.07379150390625, 238.6915740966797, -42.256385803222656], [312.6116638183594, 185.73980712890625, -73.48746490478516], [427.4801025390625, 205.90939331054688, 12.270069122314453], [439.2225341796875, 267.81304931640625, 19.15045166015625], [449.9934387207031, 313.8612060546875, -18.083396911621094], [393.93267822265625, 298.63690185546875, 6.299652576446533], [388.87530517578125, 320.6052551269531, -8.712122917175293], [427.753173828125, 360.05780029296875, -83.39248657226562], [386.8087463378906, 443.7806396484375, -56.810081481933594], [412.90576171875, 317.7485046386719, 12.28995418548584], [495.65533447265625, 337.165283203125, -19.78709602355957], [466.84149169921875, 426.1274108886719, 5.3720011711120605], [387.5859680175781, 144.47247314453125, -35.95573425292969], [403.636474609375, 145.2003631591797, -34.60531234741211], [375.5660400390625, 148.064697265625, -14.16372013092041], [410.94140625, 149.2084197998047, -10.856334686279297], [505.7651672363281, 444.07476806640625, -15.158552169799805], [503.19866943359375, 443.42889404296875, 4.425889015197754], [454.795654296875, 430.9858703613281, 15.887701988220215], [414.5581359863281, 468.36767578125, -87.18113708496094], [394.2463684082031, 464.89599609375, -90.19175720214844], [373.88104248046875, 449.12005615234375, -46.17906951904297], [386.8087463378906, 443.7806396484375, -56.810081481933594], [427.753173828125, 360.05780029296875, -83.39248657226562], [365.2243957519531, 297.5390625, -10.756194114685059], [414.43438720703125, 290.34423828125, 30.58078956604004], [495.65533447265625, 337.165283203125, -19.78709602355957], [466.84149169921875, 426.1274108886719, 5.3720011711120605], [312.6116638183594, 185.73980712890625, -73.48746490478516], [308.07379150390625, 238.6915740966797, -42.256385803222656], [346.9313659667969, 199.90045166015625, -14.3505220413208], [427.4801025390625, 205.90939331054688, 12.270069122314453], [439.2225341796875, 267.81304931640625, 19.15045166015625], [449.9934387207031, 313.8612060546875, -18.083396911621094], [389.49169921875, 181.63092041015625, -5.646090507507324], [395.1254577636719, 116.02859497070312, -16.89067840576172], [387.33837890625, 296.41180419921875, 13.424538612365723], [387.8580322265625, 196.22076416015625, -1.1379684209823608], [381.2963562011719, 237.39273071289062, 12.769635200500488], [395.65814208984375, 161.874755859375, -24.9038143157959], [393.7536926269531, 131.301513671875, -13.775408744812012], [396.0550842285156, 154.1832733154297, -43.01780319213867], [403.636474609375, 145.2003631591797, -34.60531234741211], [387.5859680175781, 144.47247314453125, -35.95573425292969], [410.94140625, 149.2084197998047, -10.856334686279297], [375.5660400390625, 148.064697265625, -14.16372013092041]], "pred_body_pose": [[2.5832765102386475, -0.3482985496520996, 0.9109827280044556, -0.8057876825332642, 0.07573097944259644, 0.37765029072761536, -0.6792904138565063, 0.15006956458091736, -0.2091691941022873, 0.6445631980895996, -0.08362983167171478, -0.01053186971694231, 1.6077842712402344, 0.062196146696805954, -0.19799217581748962, 1.5179457664489746, 0.16888107359409332, 0.060634855180978775, 0.0798759013414383, -0.14944981038570404, 0.005762403830885887, -0.13302406668663025, 0.0484737865626812, -0.0026329841930419207, -0.08786215633153915, -0.05561397224664688, 0.06167442724108696, -0.015308882109820843, -0.09391183406114578, -0.04413270205259323, -0.22871176898479462, 0.0766223594546318, 0.097543865442276, -0.2255253940820694, -0.10118423402309418, -0.1743326634168625, -0.17078691720962524, -0.20034880936145782, -0.019734876230359077, 0.07498729228973389, -0.3147255480289459, -0.37676379084587097, -0.10856326669454575, 0.05004529654979706, 0.17077480256557465, 0.022545265033841133, -0.09098958969116211, 0.014957200735807419, 0.06054146960377693, -0.3639910817146301, -0.8334866166114807, -0.35720157623291016, 0.25144290924072266, 0.4450405538082123, 0.06850850582122803, -0.6487380862236023, 0.13666430115699768, -0.49194401502609253, 1.7402549982070923, -0.7589417695999146, 0.16890127956867218, -0.025311442092061043, 0.24380473792552948, -0.023196261376142502, 0.07621444016695023, -0.3617998957633972, -0.17074984312057495, -0.11169755458831787, -0.2290240228176117, -0.12926089763641357, 0.09137548506259918, 0.239639550447464]], "pred_rotmat": [[[[0.7594040036201477, -0.35005906224250793, 0.548419713973999], [-0.10510551929473877, -0.8978540897369385, -0.4275638163089752], [0.6420735120773315, 0.26705172657966614, -0.7186271548271179]], [[0.9306238889694214, -0.3579461872577667, -0.07624717801809311], [0.3008730411529541, 0.6296729445457458, 0.7162314057350159], [-0.20836152136325836, -0.6894828081130981, 0.6936850547790527]], [[0.9682954549789429, 0.14248380064964294, 0.20518821477890015], [-0.2400198131799698, 0.7583207488059998, 0.6060857772827148], [-0.06924107670783997, -0.6361194252967834, 0.7684774994850159]], [[0.996570885181427, -0.016210880130529404, -0.08113954216241837], [-0.03582217916846275, 0.7994282841682434, -0.5996925234794617], [0.07458679378032684, 0.6005427241325378, 0.796106219291687]], [[0.9827871918678284, 0.16194263100624084, -0.08890368044376373], [-0.08201352506875992, -0.048759471625089645, -0.9954376816749573], [-0.1655387133359909, 0.9855947494506836, -0.034638699144124985]], [[0.9868014454841614, 0.06545153260231018, 0.14811797440052032], [0.14471890032291412, 0.053960494697093964, -0.9880002737045288], [-0.07265864312648773, 0.9963956475257874, 0.043776221573352814]], [[0.9888425469398499, -0.011689265258610249, -0.14850515127182007], [-0.00021959836885798723, 0.99680095911026, -0.07992328703403473], [0.14896433055400848, 0.07906416058540344, 0.985676646232605]], [[0.9988236427307129, -0.0005945065640844405, 0.04848678410053253], [-0.00584289338439703, 0.9911636114120483, 0.13251623511314392], [-0.048137117177248, -0.13264364004135132, 0.9899941682815552]], [[0.9965558648109436, -0.05908406898379326, -0.05818472057580948], [0.06396452337503433, 0.9942452907562256, 0.08593538403511047], [0.05277246609330177, -0.08936116099357605, 0.994600236415863]], [[0.9946213960647583, 0.0447700135409832, -0.09340223670005798], [-0.04333363473415375, 0.9989099502563477, 0.017351221293210983], [0.09407724440097809, -0.013210435397922993, 0.9954772591590881]], [[0.9923503398895264, -0.10515991598367691, 0.06466884911060333], [0.0877341628074646, 0.9692620038986206, 0.2298559844493866], [-0.08685271441936493, -0.22242403030395508, 0.971073567867279]], [[0.9798393845558167, 0.1830095648765564, -0.08013956248760223], [-0.16036337614059448, 0.9596819877624512, 0.23085495829582214], [0.11915715783834457, -0.21334931254386902, 0.9696822166442871]], [[0.9798528552055359, 0.036515768617391586, -0.19635415077209473], [-0.0024970925878733397, 0.9853068590164185, 0.1707753986120224], [0.1997050642967224, -0.166844442486763, 0.9655469059944153]], [[0.8819547295570374, 0.3499073386192322, -0.31578585505485535], [-0.37302666902542114, 0.9277170300483704, -0.01386271696537733], [0.2881092429161072, 0.1300228387117386, 0.9487292170524597]], [[0.9842230081558228, -0.17224736511707306, 0.04044721648097038], [0.16683393716812134, 0.9795989990234375, 0.11203648149967194], [-0.05892004445195198, -0.10352090746164322, 0.9928805828094482]], [[0.9957517981529236, -0.015959670767188072, -0.09068452566862106], [0.013909826055169106, 0.999634325504303, -0.023191386833786964], [0.09102147817611694, 0.021831458434462547, 0.995609700679779]], [[0.6142603158950806, 0.7124935984611511, -0.3391711115837097], [-0.7330460548400879, 0.6743344068527222, 0.08897525072097778], [0.29210904240608215, 0.1939740628004074, 0.936507523059845]], [[0.8735368847846985, -0.46022310853004456, 0.15851816534996033], [0.37328052520751953, 0.8423817157745361, 0.3886575400829315], [-0.31240200996398926, -0.2803349494934082, 0.9076438546180725]], [[0.7882470488548279, -0.14817972481250763, -0.5972514748573303], [0.10535676032304764, 0.9887409210205078, -0.10626042634248734], [0.6062726378440857, 0.020834987983107567, 0.7949838638305664]], [[-0.2937418222427368, 0.050565361976623535, 0.9545463919639587], [-0.665124237537384, 0.7063980102539062, -0.24209830164909363], [-0.6865314841270447, -0.7060063481330872, -0.1738663911819458]], [[0.9701804518699646, -0.24234192073345184, -0.0045014116913080215], [0.23809824883937836, 0.9563395977020264, -0.16948074102401733], [0.04537716507911682, 0.16335512697696686, 0.9855231642723083]], [[0.9324243068695068, 0.3527066707611084, 0.0786314383149147], [-0.3544544577598572, 0.9350295662879944, 0.009039069525897503], [-0.07033458352088928, -0.036299511790275574, 0.9968627691268921]], [[0.9677895307540894, 0.2349112182855606, -0.09055418521165848], [-0.21598799526691437, 0.9595151543617249, 0.18077565729618073], [0.1293543577194214, -0.15539418160915375, 0.979346752166748]], [[0.9673371315002441, -0.2422238290309906, 0.0747426301240921], [0.23049350082874298, 0.9631863236427307, 0.1383647322654724], [-0.10550631582736969, -0.11661764979362488, 0.9875569343566895]]]], "pred_betas": [[0.03274030610918999, 0.3422209620475769, 0.43183422088623047, 0.5140625238418579, -0.059373632073402405, 0.14478564262390137, -0.4216463267803192, 0.35033589601516724, 0.5551894903182983, 0.02648896723985672]], "pred_camera": [1.2141261100769043, -0.03274988755583763, 0.31152665615081787]}