{"pred_joints_img": [[399.941650390625, 155.62112426757812, -43.18647003173828], [387.8376770019531, 179.55740356445312, -6.188502788543701], [353.88665771484375, 200.61720275878906, -29.32912826538086], [320.829833984375, 244.07608032226562, -51.77565002441406], [314.9347229003906, 245.9732208251953, -110.57218170166016], [416.6576843261719, 198.92538452148438, 25.264310836791992], [434.00469970703125, 251.87188720703125, 49.28382873535156], [480.00848388671875, 274.4711608886719, 22.57301902770996], [394.5945129394531, 291.86810302734375, 6.500148773193359], [394.4424133300781, 313.5644836425781, -8.304036140441895], [453.7875061035156, 347.5352783203125, -64.8648681640625], [446.5920715332031, 438.15802001953125, -46.99087905883789], [412.6429443359375, 308.71533203125, 16.71770477294922], [494.0150451660156, 332.75018310546875, -0.9340739846229553], [475.96063232421875, 420.6161804199219, 21.861536026000977], [390.7455749511719, 146.46397399902344, -37.48570251464844], [405.9846496582031, 146.41868591308594, -34.58805465698242], [376.961181640625, 149.54039001464844, -17.714435577392578], [410.863525390625, 149.15103149414062, -10.742795944213867], [517.6273803710938, 434.77447509765625, 8.677974700927734], [512.0511474609375, 433.90679931640625, 27.065059661865234], [463.2171936035156, 426.90765380859375, 30.15911865234375], [484.6835632324219, 450.54046630859375, -70.34304809570312], [465.8104553222656, 453.73736572265625, -77.00050354003906], [435.2278137207031, 447.942626953125, -38.82270812988281], [446.5920715332031, 438.15802001953125, -46.99087905883789], [453.7875061035156, 347.5352783203125, -64.8648681640625], [370.83074951171875, 293.4315490722656, -15.740533828735352], [408.7720642089844, 282.0831298828125, 33.64286422729492], [494.0150451660156, 332.75018310546875, -0.9340739846229553], [475.96063232421875, 420.6161804199219, 21.861536026000977], [314.9347229003906, 245.9732208251953, -110.57218170166016], [320.829833984375, 244.07608032226562, -51.77565002441406], [353.88665771484375, 200.61720275878906, -29.32912826538086], [416.6576843261719, 198.92538452148438, 25.264310836791992], [434.00469970703125, 251.87188720703125, 49.28382873535156], [480.00848388671875, 274.4711608886719, 22.57301902770996], [388.87042236328125, 180.36221313476562, -7.6537957191467285], [395.1138916015625, 118.06040954589844, -19.376089096069336], [386.76434326171875, 290.32452392578125, 11.840476989746094], [385.9450988769531, 193.5440673828125, -2.5854690074920654], [378.2439270019531, 234.0952911376953, 7.892946243286133], [398.0829772949219, 162.35227966308594, -25.67786407470703], [393.8730773925781, 132.58145141601562, -15.983506202697754], [399.941650390625, 155.62112426757812, -43.18647003173828], [405.9846496582031, 146.41868591308594, -34.58805465698242], [390.7455749511719, 146.46397399902344, -37.48570251464844], [410.863525390625, 149.15103149414062, -10.742795944213867], [376.961181640625, 149.54039001464844, -17.714435577392578]], "pred_body_pose": [[2.4818382263183594, -0.5094262957572937, 1.1746140718460083, -0.7147825956344604, 0.04565204307436943, 0.2725183367729187, -0.7262239456176758, 0.08128662407398224, -0.1095133125782013, 0.6787548065185547, -0.06612640619277954, -0.025221887975931168, 1.4177775382995605, 0.02746579796075821, -0.15211175382137299, 1.2699190378189087, 0.0875110775232315, 0.11237741261720657, 0.04919251427054405, -0.0730310007929802, -0.03012220747768879, -0.0841793492436409, 0.12065214663743973, -0.04697689414024353, -0.024263709783554077, -0.0988001748919487, 0.0703011080622673, 0.011376839131116867, -0.051503878086805344, -0.0407024584710598, -0.21351157128810883, 0.02087271213531494, 0.12991933524608612, -0.1813400238752365, -0.06343970447778702, -0.20424596965312958, -0.13566559553146362, -0.3418693542480469, -0.03762788325548172, 0.03748539835214615, -0.13105058670043945, -0.31466588377952576, -0.05620259419083595, 0.021974937990307808, 0.20148368179798126, 0.019426029175519943, -0.20070397853851318, 0.08009973913431168, 0.0029674097895622253, -0.2516023814678192, -0.7344173192977905, -0.2021060287952423, 0.06694038957357407, 0.526062548160553, -0.11923221498727798, -1.0131851434707642, 0.30355310440063477, -0.4620113670825958, 0.9627318382263184, -0.3694600462913513, 0.057302191853523254, -0.06129322946071625, 0.28927308320999146, 0.020644087344408035, 0.05279511958360672, -0.29538464546203613, -0.1466226428747177, -0.1012376993894577, -0.21781305968761444, -0.1438220590353012, 0.08780208230018616, 0.2090725153684616]], "pred_rotmat": [[[[0.5922856330871582, -0.45828258991241455, 0.6627026200294495], [-0.1706441044807434, -0.8751789927482605, -0.45270562171936035], [0.7874504923820496, 0.15504474937915802, -0.5965591669082642]], [[0.9636567831039429, -0.2621499300003052, -0.051408447325229645], [0.23108462989330292, 0.7214515209197998, 0.652769148349762], [-0.13403469324111938, -0.6409252882003784, 0.7558104991912842]], [[0.991115152835846, 0.07161874324083328, 0.11207770556211472], [-0.128013476729393, 0.7423528432846069, 0.6576660871505737], [-0.03609998896718025, -0.6661702990531921, 0.744925320148468]], [[0.9975912570953369, 0.0017250035889446735, -0.06934457272291183], [-0.044893525540828705, 0.7781423926353455, -0.6264814734458923], [0.05287926644086838, 0.6280855536460876, 0.7763454914093018]], [[0.9899463057518005, 0.12192932516336441, -0.0716911032795906], [-0.08915767818689346, 0.14443163573741913, -0.9854900240898132], [-0.10980566591024399, 0.9819739460945129, 0.1538504958152771]], [[0.9911639094352722, -0.03579041734337807, 0.12772288918495178], [0.13259898126125336, 0.2920795679092407, -0.9471573233604431], [-0.003406102303415537, 0.9557240605354309, 0.2942444980144501]], [[0.9968817830085754, 0.028283748775720596, -0.07366597652435303], [-0.031873736530542374, 0.9983375072479248, -0.048022396862506866], [0.07218526303768158, 0.05022066831588745, 0.9961259961128235]], [[0.991634726524353, 0.04172226041555405, 0.12214644253253937], [-0.051858510822057724, 0.9953627586364746, 0.08101683109998703], [-0.11819981038570404, -0.08667343854904175, 0.9891999363899231]], [[0.9926575422286987, -0.06892498582601547, -0.0994003564119339], [0.07131915539503098, 0.9972380995750427, 0.020733458921313286], [0.09769675880670547, -0.027670374140143394, 0.9948316216468811]], [[0.9978461265563965, 0.040379490703344345, -0.05169723555445671], [-0.04096521437168121, 0.999107301235199, -0.01032064575701952], [0.05123433843255043, 0.012416205368936062, 0.9986094832420349]], [[0.9913879036903381, -0.13077819347381592, 0.006857485510408878], [0.1263449639081955, 0.9689302444458008, 0.2126290202140808], [-0.034451670944690704, -0.20993143320083618, 0.977108895778656]], [[0.9772789478302002, 0.20729446411132812, -0.0442136786878109], [-0.19586549699306488, 0.962943434715271, 0.18540935218334198], [0.08100960403680801, -0.1725367158651352, 0.9816662073135376]], [[0.9415254592895508, 0.05970345810055733, -0.3316102921962738], [-0.013849461451172829, 0.9902018904685974, 0.13895481824874878], [0.33665722608566284, -0.12623685598373413, 0.9331271648406982]], [[0.9424726366996765, 0.3061026334762573, -0.13433730602264404], [-0.31096717715263367, 0.9502801895141602, -0.016337720677256584], [0.12265707552433014, 0.057172346860170364, 0.9908009767532349]], [[0.9795362949371338, -0.200616717338562, 0.016172166913747787], [0.19938619434833527, 0.9782033562660217, 0.0579947791993618], [-0.02745438925921917, -0.05358348786830902, 0.9981858730316162]], [[0.9767424464225769, -0.08141457289457321, -0.19835801422595978], [0.07753095775842667, 0.9966166615486145, -0.0272806566208601], [0.19990792870521545, 0.011267287656664848, 0.9797499179840088]], [[0.7134970426559448, 0.662483811378479, -0.2281164675951004], [-0.6631937026977539, 0.7435866594314575, 0.08516443520784378], [0.2260444313287735, 0.09052082896232605, 0.969901978969574]], [[0.8631221652030945, -0.5048605799674988, 0.011655900627374649], [0.4916907548904419, 0.845422089099884, 0.20857055485248566], [-0.11515321582555771, -0.17429079115390778, 0.9779378175735474]], [[0.4915083348751068, -0.19448673725128174, -0.8488783836364746], [0.304308146238327, 0.9516544938087463, -0.04183659702539444], [0.815975546836853, -0.23775756359100342, 0.526930034160614]], [[0.5225406289100647, 0.09598993510007858, 0.8471937775611877], [-0.49542567133903503, 0.842865526676178, 0.2100740224123001], [-0.6939054727554321, -0.5294936895370483, 0.48798736929893494]], [[0.9566115736961365, -0.2866620421409607, -0.05214516445994377], [0.2831762731075287, 0.9568465352058411, -0.06523814052343369], [0.06859620660543442, 0.047641292214393616, 0.9965063333511353]], [[0.9553186297416687, 0.29149192571640015, 0.04897663742303848], [-0.29041019082069397, 0.9564903974533081, -0.028073059394955635], [-0.05502874776721001, 0.012595403008162975, 0.9984053373336792]], [[0.9713441133499146, 0.22232270240783691, -0.08404377102851868], [-0.2075766623020172, 0.9657565355300903, 0.15564802289009094], [0.1157699003815651, -0.13374224305152893, 0.9842309355735779]], [[0.9744439125061035, -0.2128450870513916, 0.07180622220039368], [0.2002929300069809, 0.9679949879646301, 0.15122336149215698], [-0.10169520974159241, -0.13297639787197113, 0.9858881831169128]]]], "pred_betas": [[0.006994539871811867, 0.023352280259132385, 0.2866002321243286, 0.4658326208591461, -0.053613871335983276, 0.1844494342803955, -0.15979275107383728, 0.20982539653778076, 0.5768994092941284, -0.04563652724027634]], "pred_camera": [1.1571580171585083, -0.049146704375743866, 0.25471562147140503]}