{"pred_joints_img": [[396.30926513671875, 155.06240844726562, -41.375648498535156], [386.34503173828125, 180.2611846923828, -3.6489005088806152], [348.9798889160156, 200.83612060546875, -22.59685516357422], [316.42510986328125, 245.7687530517578, -44.841339111328125], [321.150634765625, 224.13461303710938, -100.44742584228516], [419.64654541015625, 201.92823791503906, 22.256790161132812], [438.4527893066406, 257.0023498535156, 42.032569885253906], [473.0982666015625, 296.8222351074219, 16.801681518554688], [392.1170959472656, 294.11151123046875, 6.427258491516113], [390.43133544921875, 315.6498718261719, -8.824614524841309], [445.48883056640625, 349.3950500488281, -71.46440124511719], [429.0745544433594, 440.07666015625, -53.515357971191406], [410.4804992675781, 311.7471618652344, 15.151705741882324], [492.5177917480469, 334.59912109375, -6.577500820159912], [468.8828430175781, 422.6455383300781, 15.5126314163208], [386.8148193359375, 146.2002716064453, -35.409934997558594], [402.24664306640625, 145.67575073242188, -32.71349334716797], [373.4027404785156, 150.0704345703125, -15.276680946350098], [407.62176513671875, 148.6461944580078, -8.825960159301758], [509.7424621582031, 438.8267822265625, 0.6324813365936279], [504.790283203125, 437.8326721191406, 19.338287353515625], [455.97265625, 428.4526672363281, 24.113367080688477], [464.930908203125, 455.97357177734375, -78.8593521118164], [445.4387512207031, 457.4071350097656, -84.67228698730469], [417.0877990722656, 448.7490234375, -44.72811508178711], [429.0745544433594, 440.07666015625, -53.515357971191406], [445.48883056640625, 349.3950500488281, -71.46440124511719], [366.6994934082031, 294.5672607421875, -14.428755760192871], [408.1914367675781, 285.1602478027344, 32.92023849487305], [492.5177917480469, 334.59912109375, -6.577500820159912], [468.8828430175781, 422.6455383300781, 15.5126314163208], [321.150634765625, 224.13461303710938, -100.44742584228516], [316.42510986328125, 245.7687530517578, -44.841339111328125], [348.9798889160156, 200.83612060546875, -22.59685516357422], [419.64654541015625, 201.92823791503906, 22.256790161132812], [438.4527893066406, 257.0023498535156, 42.032569885253906], [473.0982666015625, 296.8222351074219, 16.801681518554688], [387.1020812988281, 181.10165405273438, -5.252651214599609], [390.4288330078125, 117.69346618652344, -16.869251251220703], [384.5491027832031, 292.41888427734375, 12.316125869750977], [384.93365478515625, 194.86790466308594, -0.4140220880508423], [377.1928405761719, 235.5648193359375, 10.870016098022461], [394.88232421875, 162.18580627441406, -23.658992767333984], [389.81646728515625, 132.44955444335938, -13.587158203125], [396.30926513671875, 155.06240844726562, -41.375648498535156], [402.24664306640625, 145.67575073242188, -32.71349334716797], [386.8148193359375, 146.2002716064453, -35.409934997558594], [407.62176513671875, 148.6461944580078, -8.825960159301758], [373.4027404785156, 150.0704345703125, -15.276680946350098]], "pred_body_pose": [[2.5051307678222656, -0.4490436017513275, 1.0956649780273438, -0.7396823167800903, 0.06541309505701065, 0.3055213391780853, -0.729947566986084, 0.10352474451065063, -0.12527339160442352, 0.6646676659584045, -0.06893715262413025, -0.03860427066683769, 1.494760274887085, 0.03560226783156395, -0.16978484392166138, 1.3512401580810547, 0.11381843686103821, 0.11337032169103622, 0.06340145319700241, -0.10553764551877975, -0.0012702567037194967, -0.10322485864162445, 0.11401116847991943, -0.048663679510354996, -0.02689267322421074, -0.10165131837129593, 0.07782551646232605, 0.005639038048684597, -0.07502558827400208, -0.03856191784143448, -0.21766231954097748, 0.02423955872654915, 0.16470064222812653, -0.22184836864471436, -0.07062426209449768, -0.20616044104099274, -0.16224507987499237, -0.2542616128921509, 0.022456450387835503, 0.060794346034526825, -0.20575198531150818, -0.3331925570964813, -0.0722631886601448, 0.03611627221107483, 0.21628856658935547, 0.01632666029036045, -0.16068413853645325, 0.04584145545959473, 0.024415239691734314, -0.24536597728729248, -0.7253878712654114, -0.20459149777889252, 0.14566409587860107, 0.5439192056655884, -0.032410696148872375, -0.7230494618415833, 0.17319165170192719, -0.396488219499588, 1.3715746402740479, -0.5485216379165649, 0.12540994584560394, -0.048117745667696, 0.265743225812912, 0.007868249900639057, 0.07411905378103256, -0.3314817547798157, -0.16293281316757202, -0.10455713421106339, -0.22327440977096558, -0.13901075720787048, 0.08983592689037323, 0.22238358855247498]], "pred_rotmat": [[[[0.6471647024154663, -0.42632851004600525, 0.6319982409477234], [-0.13982611894607544, -0.8813295960426331, -0.45133885741233826], [0.7494173645973206, 0.20372071862220764, -0.629977285861969]], [[0.953755795955658, -0.2966529428958893, -0.0484452061355114], [0.25081250071525574, 0.6966038942337036, 0.6721875667572021], [-0.16565930843353271, -0.653253436088562, 0.7387942671775818]], [[0.987398624420166, 0.07786388695240021, 0.13777197897434235], [-0.14997486770153046, 0.7382868528366089, 0.6576017141342163], [-0.05051180720329285, -0.6699774265289307, 0.7406610250473022]], [[0.9969934821128845, 0.013718090020120144, -0.0762612521648407], [-0.057853005826473236, 0.7865156531333923, -0.6148546934127808], [0.05154602974653244, 0.6174180507659912, 0.7849445939064026]], [[0.9875863790512085, 0.13453513383865356, -0.08107731491327286], [-0.09063223749399185, 0.0664779469370842, -0.9936631917953491], [-0.1282927691936493, 0.9886763691902161, 0.07784593105316162]], [[0.9889684319496155, -0.015742227435112, 0.14728735387325287], [0.14722411334514618, 0.21403662860393524, -0.9656673073768616], [-0.016323132440447807, 0.9766987562179565, 0.213993102312088]], [[0.9944371581077576, -0.0020743459463119507, -0.10531140118837357], [-0.004608445335179567, 0.9979918003082275, -0.06317444145679474], [0.10523097962141037, 0.06330832839012146, 0.992430567741394]], [[0.9923332929611206, 0.04258125275373459, 0.11602355539798737], [-0.05432454124093056, 0.9935023784637451, 0.10000965744256973], [-0.11101113259792328, -0.10554584115743637, 0.9881986975669861]], [[0.9918167591094971, -0.07623884081840515, -0.10240662097930908], [0.07896862924098969, 0.9966148734092712, 0.02286613918840885], [0.10031665861606598, -0.03076593019068241, 0.9944798350334167]], [[0.9964442253112793, 0.038304585963487625, -0.0750449001789093], [-0.03872740641236305, 0.999241054058075, -0.004186619538813829], [0.07482757419347763, 0.007078026887029409, 0.9971714019775391]], [[0.9862294793128967, -0.1652686446905136, 0.006124651059508324], [0.16002558171749115, 0.9629809260368347, 0.21693211793899536], [-0.04175001382827759, -0.21296478807926178, 0.9761673808097839]], [[0.9764458537101746, 0.21062463521957397, -0.04680696874856949], [-0.19508258998394012, 0.9545090198516846, 0.22551140189170837], [0.0921759158372879, -0.21106842160224915, 0.9731155633926392]], [[0.9676709175109863, -0.0016460540937259793, -0.25221067667007446], [0.04258522763848305, 0.9866880774497986, 0.15694956481456757], [0.24859490990638733, -0.16261598467826843, 0.9548594355583191]], [[0.9243226051330566, 0.31836676597595215, -0.2104049175977707], [-0.3307124972343445, 0.9433900713920593, -0.025384269654750824], [0.19041241705417633, 0.09304679185152054, 0.9772846102714539]], [[0.9760639667510986, -0.21567122638225555, 0.02801605500280857], [0.21307289600372314, 0.9741140007972717, 0.07551132887601852], [-0.043576449155807495, -0.06773443520069122, 0.9967512488365173]], [[0.986072301864624, -0.04693504050374031, -0.15955697000026703], [0.044317763298749924, 0.9988188147544861, -0.01992442086338997], [0.16030365228652954, 0.012575712986290455, 0.9869876503944397]], [[0.7208682298660278, 0.6536244750022888, -0.23048672080039978], [-0.6593277454376221, 0.7492427229881287, 0.06262809783220291], [0.2136257439851761, 0.10681968927383423, 0.9710580110549927]], [[0.8461523056030273, -0.526421070098877, 0.08310924470424652], [0.49750015139579773, 0.8361375331878662, 0.2310144603252411], [-0.19110162556171417, -0.15412656962871552, 0.9693942666053772]], [[0.736125648021698, -0.14645527303218842, -0.6608099341392517], [0.16882799565792084, 0.9851804375648499, -0.030275342985987663], [0.6554509997367859, -0.0892767533659935, 0.7499423623085022]], [[0.10573365539312363, 0.13546185195446014, 0.9851244688034058], [-0.5811933279037476, 0.812269926071167, -0.04931344464421272], [-0.8068671226501465, -0.5673337578773499, 0.16461379826068878]], [[0.9638012051582336, -0.2648286819458008, -0.03086918406188488], [0.2588386833667755, 0.9571444988250732, -0.12991133332252502], [0.06395051628351212, 0.11721856892108917, 0.9910449385643005]], [[0.9428659081459045, 0.3254297971725464, 0.0714096799492836], [-0.32485219836235046, 0.9455557465553284, -0.019884580746293068], [-0.07399286329746246, -0.004449096508324146, 0.9972488880157471]], [[0.9698287844657898, 0.22849488258361816, -0.08498456329107285], [-0.2115827053785324, 0.9620779156684875, 0.17215941846370697], [0.1210993081331253, -0.14898386597633362, 0.9813964366912842]], [[0.9714211821556091, -0.2257503718137741, 0.0733315721154213], [0.21334199607372284, 0.965830385684967, 0.1471623033285141], [-0.10404781997203827, -0.12731190025806427, 0.9863901138305664]]]], "pred_betas": [[0.02077348157763481, 0.12943395972251892, 0.277604341506958, 0.44251754879951477, -0.060157112777233124, 0.11674540489912033, -0.25641924142837524, 0.24121195077896118, 0.5782111287117004, 0.011047706007957458]], "pred_camera": [1.1570169925689697, -0.04113723337650299, 0.2551466226577759]}