{"pred_joints_img": [[393.8228759765625, 155.06398010253906, -46.98894119262695], [388.8045349121094, 181.38204956054688, -6.133628845214844], [345.74652099609375, 199.65750122070312, -12.616594314575195], [304.8534240722656, 235.52989196777344, -43.817527770996094], [308.38311767578125, 178.3917236328125, -69.52767181396484], [429.12811279296875, 207.34622192382812, 5.536192893981934], [435.50604248046875, 271.1224060058594, 12.645711898803711], [431.8922424316406, 320.6237487792969, -23.17533302307129], [393.3023986816406, 301.020263671875, 6.172406196594238], [386.0283203125, 323.5571594238281, -7.75258207321167], [405.9536437988281, 365.28564453125, -90.23494720458984], [364.8418273925781, 443.423583984375, -46.52958679199219], [412.8534851074219, 320.6424865722656, 10.30907917022705], [496.37518310546875, 339.8886413574219, -24.291915893554688], [472.4754638671875, 429.0231628417969, 10.012508392333984], [385.43890380859375, 145.22262573242188, -39.47880554199219], [401.7564697265625, 145.81907653808594, -38.75678253173828], [374.1846008300781, 148.9644775390625, -16.94185447692871], [410.0232849121094, 149.7275848388672, -15.057884216308594], [511.37005615234375, 445.9775390625, -12.985445976257324], [510.2089538574219, 444.55584716796875, 7.038327217102051], [461.4300842285156, 433.72467041015625, 21.821247100830078], [384.6273193359375, 470.598388671875, -81.75846862792969], [364.053466796875, 466.4584045410156, -80.1215591430664], [354.0338439941406, 447.4185485839844, -33.080596923828125], [364.8418273925781, 443.423583984375, -46.52958679199219], [405.9536437988281, 365.28564453125, -90.23494720458984], [362.3162536621094, 299.7638244628906, -7.185368537902832], [416.7381896972656, 292.2269592285156, 27.831697463989258], [496.37518310546875, 339.8886413574219, -24.291915893554688], [472.4754638671875, 429.0231628417969, 10.012508392333984], [308.38311767578125, 178.3917236328125, -69.52767181396484], [304.8534240722656, 235.52989196777344, -43.817527770996094], [345.74652099609375, 199.65750122070312, -12.616594314575195], [429.12811279296875, 207.34622192382812, 5.536192893981934], [435.50604248046875, 271.1224060058594, 12.645711898803711], [431.8922424316406, 320.6237487792969, -23.17533302307129], [389.3897705078125, 182.4111785888672, -8.35965347290039], [393.5584411621094, 116.29640197753906, -20.700305938720703], [387.5079040527344, 298.4290771484375, 14.14920425415039], [388.09149169921875, 196.954345703125, -3.62676739692688], [382.4990539550781, 238.46163940429688, 12.415460586547852], [394.1658020019531, 162.72682189941406, -28.46805763244629], [392.45098876953125, 131.76434326171875, -17.3968505859375], [393.8228759765625, 155.06398010253906, -46.98894119262695], [401.7564697265625, 145.81907653808594, -38.75678253173828], [385.43890380859375, 145.22262573242188, -39.47880554199219], [410.0232849121094, 149.7275848388672, -15.057884216308594], [374.1846008300781, 148.9644775390625, -16.94185447692871]], "pred_body_pose": [[2.646798849105835, -0.30662107467651367, 0.7526703476905823, -0.7841235995292664, 0.0811554417014122, 0.4838930666446686, -0.6684513092041016, 0.10570656508207321, -0.30690619349479675, 0.6498475670814514, -0.08024284988641739, -0.008304489776492119, 1.608216404914856, 0.05001108720898628, -0.16788779199123383, 1.613405466079712, 0.15443404018878937, 0.05609136074781418, 0.08542311936616898, -0.14554482698440552, 0.002994068432599306, -0.16534534096717834, -0.005291638430207968, -0.0028589211869984865, -0.15273800492286682, -0.007525981869548559, 0.04152432084083557, -0.027942780405282974, -0.09016847610473633, -0.046631988137960434, -0.22849099338054657, 0.11192843317985535, 0.07738426327705383, -0.2249535620212555, -0.15286891162395477, -0.11498728394508362, -0.1550123393535614, -0.16684480011463165, 0.0077050719410181046, 0.08305181562900543, -0.34165507555007935, -0.366336464881897, -0.10830248892307281, 0.08180489391088486, 0.13154730200767517, -0.01599806547164917, -0.05099469795823097, -0.0003904682816937566, 0.0850180983543396, -0.39043164253234863, -0.9171938300132751, -0.4147404730319977, 0.33891943097114563, 0.4173424243927002, 0.2255374938249588, -0.6322360634803772, 0.11391602456569672, -0.4992341995239258, 1.7039380073547363, -0.8260316252708435, 0.20655500888824463, -0.015785567462444305, 0.24311725795269012, 0.05411560460925102, 0.05938754603266716, -0.3868522346019745, -0.17088717222213745, -0.11239877343177795, -0.22068126499652863, -0.14136363565921783, 0.08722683042287827, 0.2291288822889328]], "pred_rotmat": [[[[0.8335939049720764, -0.30347445607185364, 0.46154579520225525], [-0.10543785989284515, -0.9076165556907654, -0.4063434898853302], [0.5422214865684509, 0.29006102681159973, -0.7885813117027283]], [[0.8879717588424683, -0.44739633798599243, -0.10650140792131424], [0.38817018270492554, 0.6049152612686157, 0.6952706575393677], [-0.2466372698545456, -0.6587215065956116, 0.710813581943512]], [[0.9496974349021912, 0.24569693207740784, 0.1941850632429123], [-0.3131643831729889, 0.7417117357254028, 0.5931205153465271], [0.0016985349357128143, -0.6240968108177185, 0.7813452482223511]], [[0.996860682964325, -0.017430756241083145, -0.07723300158977509], [-0.03287791088223457, 0.7962539792060852, -0.6040682196617126], [0.07202646136283875, 0.6047111749649048, 0.7931811809539795]], [[0.9877238273620605, 0.13584007322788239, -0.07712960243225098], [-0.07149121165275574, -0.04591509699821472, -0.996383786201477], [-0.13889025151729584, 0.9896662831306458, -0.035640064626932144]], [[0.9892128705978394, 0.06501984596252441, 0.13126465678215027], [0.1341039389371872, -0.04140159860253334, -0.9901020526885986], [-0.058941714465618134, 0.9970247149467468, -0.04967441037297249]], [[0.9894289970397949, -0.009181573987007141, -0.14472714066505432], [-0.003221830353140831, 0.9963555932044983, -0.08523544669151306], [0.14498230814933777, 0.08480071276426315, 0.9857935309410095]], [[0.9999819397926331, 0.0032823728397488594, -0.005031712353229523], [-0.002409417647868395, 0.9863575100898743, 0.16459953784942627], [0.005503344349563122, -0.1645844429731369, 0.9863476157188416]], [[0.9991114139556885, -0.04077720642089844, -0.01065906509757042], [0.041924308985471725, 0.9874995946884155, 0.15194366872310638], [0.004329984541982412, -0.15225552022457123, 0.98833167552948]], [[0.9948523044586182, 0.047804489731788635, -0.08935106545686722], [-0.04528726637363434, 0.9985237121582031, 0.02999160811305046], [0.09065288305282593, -0.025790756568312645, 0.9955485463142395]], [[0.9907963275909424, -0.08918745815753937, 0.10182492434978485], [0.06376317888498306, 0.9710728526115417, 0.2301124930381775], [-0.11940256506204605, -0.2215019166469574, 0.9678223133087158]], [[0.9818370938301086, 0.1303931176662445, -0.13781729340553284], [-0.09625386446714401, 0.9683181047439575, 0.2304239571094513], [0.1634966880083084, -0.21297334134578705, 0.9632814526557922]], [[0.9861119389533997, 0.0052370717748999596, -0.16599924862384796], [0.020514197647571564, 0.9880079627037048, 0.1530342847108841], [0.16481001675128937, -0.1543142944574356, 0.9741790294647217]], [[0.8772072792053223, 0.33691081404685974, -0.342050164937973], [-0.3646814823150635, 0.9309528470039368, -0.018281420692801476], [0.31227338314056396, 0.14077596366405487, 0.9395037293434143]], [[0.9880372881889343, -0.13518205285072327, 0.07421638816595078], [0.12634874880313873, 0.9855261445045471, 0.11302335560321808], [-0.08842092007398605, -0.10229414701461792, 0.9908166527748108]], [[0.998699963092804, 0.0007980955415405333, -0.050967294722795486], [1.75308232428506e-05, 0.9998720288276672, 0.016000401228666306], [0.05097353830933571, -0.015980495139956474, 0.9985721707344055]], [[0.5432422161102295, 0.7564083933830261, -0.36432698369026184], [-0.7869242429733276, 0.6099892258644104, 0.09307710081338882], [0.2926398515701294, 0.236134335398674, 0.9266080260276794]], [[0.8609474301338196, -0.45362693071365356, 0.23020008206367493], [0.3183816075325012, 0.833456814289093, 0.4516445994377136], [-0.39673998951911926, -0.3155508041381836, 0.8619889616966248]], [[0.801499605178833, -0.17390096187591553, -0.5721510648727417], [0.036732062697410583, 0.9692922234535217, -0.24315278232097626], [0.5968661308288574, 0.17387056350708008, 0.7832750678062439]], [[-0.2883365750312805, 0.08489330112934113, 0.9537585377693176], [-0.696172297000885, 0.6652939319610596, -0.269681453704834], [-0.6574240326881409, -0.7417392730712891, -0.1327282041311264]], [[0.9705738425254822, -0.2406209409236908, 0.00937727466225624], [0.23738797008991241, 0.9495456218719482, -0.2049633413553238], [0.040414322167634964, 0.20115812122821808, 0.9787246584892273]], [[0.9244005084037781, 0.3784513771533966, 0.04752250015735626], [-0.37527915835380554, 0.9246957898139954, -0.06405700743198395], [-0.06818631291389465, 0.04138012230396271, 0.9968141913414001]], [[0.9695637226104736, 0.22689783573150635, -0.0919964388012886], [-0.207834854722023, 0.9613416790962219, 0.18062907457351685], [0.12942436337471008, -0.15601137280464172, 0.979239284992218]], [[0.9701457619667053, -0.23220686614513397, 0.06997967511415482], [0.21995821595191956, 0.9639993906021118, 0.14941070973873138], [-0.10215455293655396, -0.1295575499534607, 0.986295759677887]]]], "pred_betas": [[0.12415272742509842, 0.4578564763069153, 0.47618725895881653, 0.5094472765922546, 0.16789685189723969, 0.08140627294778824, -0.44256138801574707, 0.3211090862751007, 0.5786112546920776, -0.14738334715366364]], "pred_camera": [1.2266030311584473, -0.02596445195376873, 0.32791900634765625]}