{"pred_joints_img": [[396.4878845214844, 154.97727966308594, -45.832130432128906], [388.6524963378906, 179.6602325439453, -5.603353500366211], [347.718994140625, 199.02999877929688, -17.647201538085938], [306.7864990234375, 239.20704650878906, -40.27648162841797], [312.0274353027344, 191.03140258789062, -78.54193115234375], [426.4153137207031, 203.30270385742188, 13.749095916748047], [442.0821838378906, 263.95648193359375, 23.902713775634766], [460.9708251953125, 310.3284912109375, -9.690903663635254], [394.74798583984375, 296.9031982421875, 6.239691257476807], [391.3717956542969, 318.94390869140625, -8.986165046691895], [440.1614685058594, 356.6551513671875, -78.86034393310547], [399.10235595703125, 441.7266845703125, -56.133949279785156], [413.6226501464844, 315.4949951171875, 13.628752708435059], [498.1399841308594, 328.73583984375, -17.623329162597656], [473.85516357421875, 420.2449951171875, 3.87579083442688], [387.7612609863281, 145.18846130371094, -39.28360366821289], [403.7652893066406, 145.50608825683594, -37.74138641357422], [375.6075744628906, 148.00888061523438, -17.586345672607422], [410.85009765625, 148.3219451904297, -13.781476020812988], [513.7138671875, 437.15997314453125, -15.556339263916016], [510.3865051269531, 436.97027587890625, 3.911325693130493], [461.4722900390625, 425.8123779296875, 13.81103801727295], [429.5087890625, 467.6045837402344, -82.5252685546875], [409.5751953125, 464.34490966796875, -87.61345672607422], [385.15802001953125, 446.7696228027344, -46.544010162353516], [399.10235595703125, 441.7266845703125, -56.133949279785156], [440.1614685058594, 356.6551513671875, -78.86034393310547], [367.4559020996094, 296.5877380371094, -12.89228343963623], [413.11700439453125, 288.30194091796875, 31.996078491210938], [498.1399841308594, 328.73583984375, -17.623329162597656], [473.85516357421875, 420.2449951171875, 3.87579083442688], [312.0274353027344, 191.03140258789062, -78.54193115234375], [306.7864990234375, 239.20704650878906, -40.27648162841797], [347.718994140625, 199.02999877929688, -17.647201538085938], [426.4153137207031, 203.30270385742188, 13.749095916748047], [442.0821838378906, 263.95648193359375, 23.902713775634766], [460.9708251953125, 310.3284912109375, -9.690903663635254], [389.45166015625, 180.59246826171875, -7.402209758758545], [394.4559326171875, 115.87681579589844, -21.42226219177246], [387.5748596191406, 295.0044250488281, 12.883743286132812], [387.6913146972656, 194.65670776367188, -2.250249147415161], [380.59954833984375, 236.0536346435547, 11.618128776550293], [396.033935546875, 161.8180694580078, -27.437633514404297], [393.3382263183594, 130.9422149658203, -17.657346725463867], [396.4878845214844, 154.97727966308594, -45.832130432128906], [403.7652893066406, 145.50608825683594, -37.74138641357422], [387.7612609863281, 145.18846130371094, -39.28360366821289], [410.85009765625, 148.3219451904297, -13.781476020812988], [375.6075744628906, 148.00888061523438, -17.586345672607422]], "pred_body_pose": [[2.545414447784424, -0.40071773529052734, 0.9994701147079468, -0.8685969114303589, 0.051077473908662796, 0.3390573561191559, -0.6930958032608032, 0.1625390648841858, -0.16910338401794434, 0.6568189263343811, -0.079878069460392, -0.01884627155959606, 1.610819935798645, 0.06099024415016174, -0.20693305134773254, 1.5312575101852417, 0.18060705065727234, 0.05995935574173927, 0.07209502905607224, -0.15443576872348785, 0.011799436993896961, -0.08836901187896729, 0.07356749475002289, -0.027845099568367004, -0.03284633159637451, -0.07569792121648788, 0.07984437793493271, 0.004288296680897474, -0.09990334510803223, -0.04013298451900482, -0.24821193516254425, 0.06300710141658783, 0.13253267109394073, -0.25208166241645813, -0.08798675984144211, -0.19718357920646667, -0.1391265094280243, -0.22026433050632477, -0.004773670341819525, 0.07266376167535782, -0.29285284876823425, -0.35279929637908936, -0.09923601895570755, 0.0119086392223835, 0.1613823026418686, 0.01349576935172081, -0.11834397166967392, 0.027357636019587517, 0.03684990480542183, -0.3429095447063446, -0.799974262714386, -0.30378296971321106, 0.162986621260643, 0.464400053024292, 0.0627572238445282, -0.631249725818634, 0.14420796930789948, -0.4550721347332001, 1.7041081190109253, -0.7688724994659424, 0.1767982542514801, -0.032979413866996765, 0.24819788336753845, -0.017500054091215134, 0.08034070581197739, -0.3672485649585724, -0.16845610737800598, -0.10602287948131561, -0.22397975623607635, -0.12914495170116425, 0.09181609004735947, 0.23570749163627625]], "pred_rotmat": [[[[0.707112193107605, -0.39103493094444275, 0.5891383290290833], [-0.12425525486469269, -0.8889246582984924, -0.44087812304496765], [0.6960983872413635, 0.23854675889015198, -0.6771575808525085]], [[0.9453651905059814, -0.31250086426734924, -0.09288663417100906], [0.2712668776512146, 0.5959757566452026, 0.7557957172393799], [-0.18082863092422485, -0.7397000193595886, 0.6481858491897583]], [[0.9736981391906738, 0.10055379569530487, 0.20445260405540466], [-0.20827151834964752, 0.7566648125648499, 0.6197429895401001], [-0.09238458424806595, -0.646024227142334, 0.7577056288719177]], [[0.9967533349990845, -0.007788910996168852, -0.08013807237148285], [-0.04278865084052086, 0.7918850779533386, -0.6091693043708801], [0.06820490211248398, 0.6106205582618713, 0.7889808416366577]], [[0.981421172618866, 0.16635754704475403, -0.09559120982885361], [-0.08792083710432053, -0.05289401486515999, -0.9947221875190735], [-0.17053574323654175, 0.9846458435058594, -0.037285011261701584]], [[0.9852123856544495, 0.07408598065376282, 0.15449243783950806], [0.15177206695079803, 0.04107532277703285, -0.9875617027282715], [-0.07951031625270844, 0.9964055418968201, 0.029223734512925148]], [[0.9880343079566956, -0.01729561947286129, -0.15326128900051117], [0.006188623607158661, 0.9973379969596863, -0.07265374064445496], [0.1541099101305008, 0.07083591818809509, 0.9855111837387085]], [[0.9969098567962646, 0.02453344129025936, 0.07462488114833832], [-0.031026938930153847, 0.9957127571105957, 0.08713995665311813], [-0.07216711342334747, -0.08918606489896774, 0.993397057056427]], [[0.9939539432525635, -0.07842718064785004, -0.0768415555357933], [0.08091090619564056, 0.9962770938873291, 0.029755493625998497], [0.07422184199094772, -0.03579290956258774, 0.9965991377830505]], [[0.9942099452018738, 0.03984137997031212, -0.0997961163520813], [-0.04026937484741211, 0.9991862773895264, -0.002277232939377427], [0.09962417930364609, 0.006282775197178125, 0.9950053095817566]], [[0.9893070459365845, -0.13846927881240845, 0.045803170651197433], [0.12293819338083267, 0.9606865048408508, 0.24893304705619812], [-0.07847205549478531, -0.24064023792743683, 0.9674370884895325]], [[0.9769017100334167, 0.2045714110136032, -0.06175423040986061], [-0.182594433426857, 0.9492551684379578, 0.2560739815235138], [0.11100593209266663, -0.2388831228017807, 0.9646825790405273]], [[0.9758674502372742, 0.019955644384026527, -0.2174500972032547], [0.010515973903238773, 0.990365207195282, 0.13808026909828186], [0.21811050176620483, -0.13703472912311554, 0.9662553071975708]], [[0.8967592120170593, 0.32981303334236145, -0.2950361669063568], [-0.35071343183517456, 0.9362830519676208, -0.019343752413988113], [0.2698575556278229, 0.1208198219537735, 0.9552903175354004]], [[0.9869462251663208, -0.1610039472579956, 0.003853795351460576], [0.15982574224472046, 0.9821078181266785, 0.09959915280342102], [-0.019820701330900192, -0.09768307209014893, 0.9950201511383057]], [[0.992632269859314, -0.028087161481380463, -0.11786521971225739], [0.026492005214095116, 0.999535322189331, -0.01507899072021246], [0.11823397129774094, 0.011845407076179981, 0.9929150938987732]], [[0.6445835828781128, 0.6966326236724854, -0.31498396396636963], [-0.7084895968437195, 0.6991146206855774, 0.09633899480104446], [0.2873227894306183, 0.16106435656547546, 0.9441947937011719]], [[0.8822228312492371, -0.4630120098590851, 0.08545661717653275], [0.41486436128616333, 0.8502689599990845, 0.3239295482635498], [-0.2226443588733673, -0.25032511353492737, 0.9422138929367065]], [[0.7976537942886353, -0.15336830914020538, -0.5832895636558533], [0.11513038724660873, 0.988062858581543, -0.10235625505447388], [0.5920249223709106, 0.014490487053990364, 0.8057894110679626]], [[-0.2707270085811615, 0.09296812117099762, 0.958156406879425], [-0.656857430934906, 0.7097792625427246, -0.2544635236263275], [-0.7037365436553955, -0.6982623338699341, -0.13108961284160614]], [[0.9688997268676758, -0.2472224086523056, -0.01069620531052351], [0.24143722653388977, 0.9539324045181274, -0.17810368537902832], [0.05423468351364136, 0.16998213529586792, 0.9839535355567932]], [[0.930167019367218, 0.3579460084438324, 0.0816333144903183], [-0.35933545231819153, 0.9332050681114197, 0.002510667312890291], [-0.07528194040060043, -0.03166908398270607, 0.9966592788696289]], [[0.9695250988006592, 0.22950656712055206, -0.0857187882065773], [-0.2117796093225479, 0.9610207676887512, 0.1777314990758896], [0.12316808849573135, -0.15416167676448822, 0.9803385734558105]], [[0.9682204127311707, -0.2384403496980667, 0.07546846568584442], [0.22666224837303162, 0.9641239643096924, 0.1381639987230301], [-0.10570482164621353, -0.11666734516620636, 0.9875299334526062]]]], "pred_betas": [[0.07574872672557831, 0.3989879786968231, 0.3972543179988861, 0.44500598311424255, -0.10213307291269302, 0.10710573196411133, -0.39520177245140076, 0.3241439163684845, 0.5676629543304443, 0.03635156899690628]], "pred_camera": [1.2106903791427612, -0.028640421107411385, 0.30138254165649414]}