{"pred_joints_img": [[400.0668640136719, 154.03575134277344, -41.90868377685547], [388.24029541015625, 180.05215454101562, -6.45243501663208], [355.24322509765625, 201.16769409179688, -30.341703414916992], [321.19256591796875, 245.9618682861328, -46.38932800292969], [321.9395446777344, 258.2732849121094, -103.67681884765625], [415.5365295410156, 199.11114501953125, 26.066545486450195], [432.9042053222656, 251.3924560546875, 50.197513580322266], [482.55511474609375, 247.22195434570312, 21.924964904785156], [395.809326171875, 292.1591491699219, 6.43864631652832], [395.81103515625, 314.06268310546875, -7.7847981452941895], [456.1507263183594, 349.4576416015625, -61.2025260925293], [460.3643798828125, 440.5302734375, -50.2037353515625], [413.5783386230469, 308.7248229980469, 17.19814682006836], [494.27197265625, 332.5639343261719, -0.30187344551086426], [484.60009765625, 420.5720520019531, 23.709564208984375], [390.31842041015625, 145.715087890625, -35.98331069946289], [405.3643493652344, 144.99307250976562, -32.71343231201172], [376.4037170410156, 150.48895263671875, -16.862756729125977], [409.89166259765625, 148.7420654296875, -9.085338592529297], [526.3314208984375, 432.8669738769531, 9.722190856933594], [521.0203857421875, 432.0477294921875, 28.08047866821289], [472.4418640136719, 427.71771240234375, 32.162410736083984], [499.8074645996094, 448.59234619140625, -72.4303970336914], [481.5782470703125, 453.142578125, -79.94257354736328], [449.9693908691406, 451.71734619140625, -42.60822677612305], [460.3643798828125, 440.5302734375, -50.2037353515625], [456.1507263183594, 349.4576416015625, -61.2025260925293], [372.5749816894531, 293.9585876464844, -15.990681648254395], [409.6875915527344, 281.8975524902344, 33.292842864990234], [494.27197265625, 332.5639343261719, -0.30187344551086426], [484.60009765625, 420.5720520019531, 23.709564208984375], [321.9395446777344, 258.2732849121094, -103.67681884765625], [321.19256591796875, 245.9618682861328, -46.38932800292969], [355.24322509765625, 201.16769409179688, -30.341703414916992], [415.5365295410156, 199.11114501953125, 26.066545486450195], [432.9042053222656, 251.3924560546875, 50.197513580322266], [482.55511474609375, 247.22195434570312, 21.924964904785156], [389.1624755859375, 180.619384765625, -7.708698749542236], [392.7508544921875, 118.32975769042969, -16.380891799926758], [388.0556335449219, 290.41790771484375, 11.521954536437988], [386.1297302246094, 194.00900268554688, -2.836095094680786], [378.88568115234375, 234.3553009033203, 6.884621620178223], [398.215087890625, 161.70108032226562, -24.842161178588867], [392.2054443359375, 132.9052734375, -13.76103401184082], [400.0668640136719, 154.03575134277344, -41.90868377685547], [405.3643493652344, 144.99307250976562, -32.71343231201172], [390.31842041015625, 145.715087890625, -35.98331069946289], [409.89166259765625, 148.7420654296875, -9.085338592529297], [376.4037170410156, 150.48895263671875, -16.862756729125977]], "pred_body_pose": [[2.495318651199341, -0.5267848372459412, 1.1927096843719482, -0.7227911353111267, 0.020419595763087273, 0.26567336916923523, -0.7194799184799194, 0.09262873232364655, -0.09692076593637466, 0.6594536304473877, -0.06784743815660477, -0.02354300767183304, 1.3345422744750977, 0.018325040116906166, -0.13966910541057587, 1.1033793687820435, 0.08696039021015167, 0.1014646664261818, 0.034855835139751434, -0.06057972088456154, -0.05067460611462593, -0.04978475719690323, 0.12314818799495697, -0.08201809972524643, 0.029864374548196793, -0.10057609528303146, 0.10720770061016083, 0.015915146097540855, -0.048131514340639114, -0.04248090460896492, -0.22061270475387573, 0.02770121768116951, 0.1656121015548706, -0.18841664493083954, -0.04196944460272789, -0.2651773989200592, -0.1719360649585724, -0.3616311550140381, -0.047770027071237564, 0.01959899626672268, -0.08785106986761093, -0.31822818517684937, -0.03433900326490402, 0.007150722201913595, 0.20600536465644836, 0.004528993275016546, -0.18378958106040955, 0.10909802466630936, -0.04338539019227028, -0.2395308017730713, -0.7306962013244629, -0.10455326735973358, 0.006239934824407101, 0.6039634346961975, -0.22539424896240234, -1.3785521984100342, 0.5091123580932617, -0.2952127158641815, 1.0084636211395264, -0.33781006932258606, 0.015986353158950806, -0.09179618209600449, 0.36493393778800964, 0.04725966230034828, 0.07650115340948105, -0.33152297139167786, -0.14232879877090454, -0.10201303660869598, -0.2308209240436554, -0.15208302438259125, 0.09211942553520203, 0.22326615452766418]], "pred_rotmat": [[[[0.5823606252670288, -0.45865559577941895, 0.6711863279342651], [-0.18718712031841278, -0.879108726978302, -0.4383249878883362], [0.7910860180854797, 0.12962578237056732, -0.5978127121925354]], [[0.9662215113639832, -0.24718759953975677, -0.07289893925189972], [0.23314407467842102, 0.7178712487220764, 0.6559762358665466], [-0.10981712490320206, -0.6508142948150635, 0.7512529492378235]], [[0.9914071559906006, 0.05663614347577095, 0.11791586130857468], [-0.12035855650901794, 0.7480318546295166, 0.652657687664032], [-0.051240816712379456, -0.6612417101860046, 0.748420774936676]], [[0.9975144267082214, 0.00029125247965566814, -0.07046214491128922], [-0.043416693806648254, 0.7901507616043091, -0.6113729476928711], [0.05549764633178711, 0.6129125356674194, 0.7881994247436523]], [[0.9914807677268982, 0.11186483502388, -0.06672463566064835], [-0.09086599200963974, 0.22699221968650818, -0.9696483612060547], [-0.09332358092069626, 0.9674506783485413, 0.23522312939167023]], [[0.9919534921646118, -0.038592271506786346, 0.12057726085186005], [0.12506313621997833, 0.44677698612213135, -0.8858609199523926], [-0.019683752208948135, 0.8938126564025879, 0.4480084478855133]], [[0.9968830347061157, 0.04955655708909035, -0.06138710305094719], [-0.051666803658008575, 0.998109757900238, -0.033278580754995346], [0.0596218965947628, 0.03634652495384216, 0.997559130191803]], [[0.9890759587287903, 0.0786261186003685, 0.12468608468770981], [-0.08474460244178772, 0.9954066872596741, 0.044542841613292694], [-0.12061110883951187, -0.05462272837758064, 0.9911959767341614]], [[0.9892157316207886, -0.10830512642860413, -0.09860149025917053], [0.10530707240104675, 0.9938189387321472, -0.035133667290210724], [0.1017971783876419, 0.02437133900821209, 0.9945065975189209]], [[0.9979401230812073, 0.04206707328557968, -0.04843435436487198], [-0.042832814157009125, 0.9989714026451111, -0.014881583862006664], [0.04775851219892502, 0.01692551001906395, 0.9987155199050903]], [[0.9859926104545593, -0.16653470695018768, 0.00919635035097599], [0.16046254336833954, 0.9621944427490234, 0.22007650136947632], [-0.045499060302972794, -0.21551817655563354, 0.975439190864563]], [[0.9642816781997681, 0.2643667757511139, -0.016462203115224838], [-0.25652965903282166, 0.9475626349449158, 0.1905713975429535], [0.0659797191619873, -0.1795414686203003, 0.9815351963043213]], [[0.9343671798706055, 0.0771554559469223, -0.34785768389701843], [-0.0158160962164402, 0.9842926263809204, 0.17583484947681427], [0.3559603691101074, -0.15879257023334503, 0.9209110140800476]], [[0.9460013508796692, 0.31160593032836914, -0.08934856951236725], [-0.3133120834827423, 0.9496349096298218, -0.005392278078943491], [0.08316825330257416, 0.033095087856054306, 0.9959858059883118]], [[0.9788325428962708, -0.20463164150714874, 0.003574636299163103], [0.20438696444034576, 0.9782705903053284, 0.03482349216938019], [-0.010622948408126831, -0.03335575759410858, 0.9993871450424194]], [[0.9772463440895081, -0.10868353396654129, -0.18214674293994904], [0.10785432159900665, 0.9940611720085144, -0.014481990598142147], [0.1826389729976654, -0.005492840427905321, 0.9831646084785461]], [[0.7186821699142456, 0.6655145883560181, -0.20146013796329498], [-0.655626118183136, 0.7450838685035706, 0.12249256670475006], [0.2316252887248993, 0.04404929280281067, 0.9718072414398193]], [[0.8232349753379822, -0.5671614408493042, -0.024740424007177353], [0.5665292143821716, 0.8179571628570557, 0.09995376318693161], [-0.036453310400247574, -0.0963016003370285, 0.9946844577789307]], [[0.10500849783420563, -0.2124568223953247, -0.9715119004249573], [0.46999478340148926, 0.8715293407440186, -0.13979126513004303], [0.8764005899429321, -0.4419262409210205, 0.1913715898990631]], [[0.48957768082618713, 0.13893453776836395, 0.8608198761940002], [-0.4076226055622101, 0.9091774225234985, 0.0850895494222641], [-0.7708160877227783, -0.3925475776195526, 0.5017458200454712]], [[0.930031418800354, -0.35709184408187866, -0.08675851672887802], [0.355641633272171, 0.9340687990188599, -0.03216375410556793], [0.09252383559942245, -0.0009416398825123906, 0.9957100749015808]], [[0.9426869750022888, 0.32683172821998596, 0.06724845618009567], [-0.32325172424316406, 0.9444786310195923, -0.05889248475432396], [-0.08276266604661942, 0.033778995275497437, 0.9959965944290161]], [[0.9683796167373657, 0.23481421172618866, -0.08428016304969788], [-0.22039610147476196, 0.9634885787963867, 0.1520371437072754], [0.11690346151590347, -0.12865465879440308, 0.9847748279571533]], [[0.9710306525230408, -0.22720462083816528, 0.07401122152805328], [0.21328964829444885, 0.9637585282325745, 0.1602405160665512], [-0.10773632675409317, -0.13981260359287262, 0.9842994809150696]]]], "pred_betas": [[-0.025415822863578796, 0.024134673178195953, 0.3569585084915161, 0.5263965725898743, -0.049444809556007385, 0.19120833277702332, -0.13252684473991394, 0.198659747838974, 0.5896830558776855, -0.048459939658641815]], "pred_camera": [1.1395570039749146, -0.027881670743227005, 0.24291840195655823]}