{"pred_joints_img": [[390.5597229003906, 153.6210174560547, -44.76173782348633], [388.2878112792969, 181.75250244140625, -4.672760963439941], [345.232177734375, 200.4018096923828, -10.035792350769043], [305.54412841796875, 235.60218811035156, -43.649837493896484], [305.46307373046875, 177.22265625, -66.91549682617188], [429.3282775878906, 207.927001953125, 3.5167009830474854], [433.663818359375, 272.33935546875, 6.584563732147217], [423.12335205078125, 318.9905090332031, -31.806867599487305], [393.9824523925781, 301.93316650390625, 6.1407647132873535], [385.9034423828125, 324.4685974121094, -7.378340244293213], [399.6872863769531, 362.9710693359375, -92.89454650878906], [364.1328125, 447.25897216796875, -55.757057189941406], [413.7174072265625, 321.6196594238281, 9.069202423095703], [495.21722412109375, 341.294921875, -30.31941032409668], [476.27227783203125, 431.0105285644531, 6.122959613800049], [382.8281555175781, 144.12588500976562, -36.13451385498047], [399.1973571777344, 144.8489532470703, -36.661685943603516], [373.2463073730469, 149.00344848632812, -13.017807960510254], [409.1939697265625, 150.0911102294922, -13.805795669555664], [514.2593383789062, 446.0274353027344, -19.828725814819336], [514.4327392578125, 444.7100830078125, 0.25191551446914673], [466.3535461425781, 436.37200927734375, 18.702674865722656], [382.3802795410156, 469.5460205078125, -95.2055435180664], [361.841796875, 466.4676208496094, -91.65584564208984], [354.480712890625, 453.37005615234375, -42.11066818237305], [364.1328125, 447.25897216796875, -55.757057189941406], [399.6872863769531, 362.9710693359375, -92.89454650878906], [362.2705383300781, 300.6518249511719, -5.222144603729248], [418.61810302734375, 293.11639404296875, 26.369821548461914], [495.21722412109375, 341.294921875, -30.31941032409668], [476.27227783203125, 431.0105285644531, 6.122959613800049], [305.46307373046875, 177.22265625, -66.91549682617188], [305.54412841796875, 235.60218811035156, -43.649837493896484], [345.232177734375, 200.4018096923828, -10.035792350769043], [429.3282775878906, 207.927001953125, 3.5167009830474854], [433.663818359375, 272.33935546875, 6.584563732147217], [423.12335205078125, 318.9905090332031, -31.806867599487305], [388.7820129394531, 182.753173828125, -7.039071083068848], [392.6328125, 116.252685546875, -16.487627029418945], [388.6664733886719, 299.3116760253906, 14.47908878326416], [387.8556823730469, 197.54641723632812, -2.9427762031555176], [383.28497314453125, 239.0810546875, 13.403229713439941], [392.2676696777344, 162.28282165527344, -26.680160522460938], [391.61566162109375, 131.8728485107422, -13.903975486755371], [390.5597229003906, 153.6210174560547, -44.76173782348633], [399.1973571777344, 144.8489532470703, -36.661685943603516], [382.8281555175781, 144.12588500976562, -36.13451385498047], [409.1939697265625, 150.0911102294922, -13.805795669555664], [373.2463073730469, 149.00344848632812, -13.017807960510254]], "pred_body_pose": [[2.6602649688720703, -0.2890743315219879, 0.6729206442832947, -0.7747411727905273, 0.07474663853645325, 0.4865429401397705, -0.6989132165908813, 0.10536465048789978, -0.3306525945663452, 0.639575183391571, -0.08167992532253265, -0.005362688563764095, 1.581281304359436, 0.0354616753757, -0.15627628564834595, 1.5312848091125488, 0.1514388471841812, 0.058259934186935425, 0.09168632328510284, -0.14036913216114044, 0.0005980981513857841, -0.19067570567131042, 0.0008864242117851973, -0.006584594026207924, -0.15830589830875397, -0.02075844444334507, 0.06052620708942413, -0.036322787404060364, -0.08842136710882187, -0.04932603985071182, -0.2237664759159088, 0.1125747486948967, 0.09550046920776367, -0.2159193903207779, -0.14984683692455292, -0.15401983261108398, -0.16730758547782898, -0.1824517846107483, -0.0021807514131069183, 0.07709962874650955, -0.38513684272766113, -0.36321938037872314, -0.11605106294155121, 0.12436152249574661, 0.12892000377178192, -0.039635468274354935, -0.061158161610364914, -0.0018103871261700988, 0.09042902290821075, -0.4339669644832611, -0.9403314590454102, -0.43189898133277893, 0.3738164007663727, 0.41241955757141113, 0.24766430258750916, -0.6499527096748352, 0.11960731446743011, -0.5350086092948914, 1.6704769134521484, -0.8283043503761292, 0.18795841932296753, -0.02037115767598152, 0.24779942631721497, 0.052798788994550705, 0.05846639350056648, -0.3945004343986511, -0.17142212390899658, -0.11504831910133362, -0.23413044214248657, -0.15121276676654816, 0.09198541194200516, 0.2503868043422699]], "pred_rotmat": [[[[0.8641815781593323, -0.2857149541378021, 0.4141945242881775], [-0.10372942686080933, -0.9066295027732849, -0.4089781641960144], [0.49237215518951416, 0.31046727299690247, -0.8131295442581177]], [[0.8871155977249146, -0.4480203688144684, -0.1109217032790184], [0.3940645158290863, 0.6100947260856628, 0.6873845458030701], [-0.240289568901062, -0.6534998416900635, 0.7177734971046448]], [[0.9427778124809265, 0.2631136476993561, 0.2047957479953766], [-0.33309265971183777, 0.7159573435783386, 0.6135587692260742], [0.014810644090175629, -0.6466655135154724, 0.7626299262046814]], [[0.9967643022537231, -0.02022896334528923, -0.07779292017221451], [-0.0302264466881752, 0.8024466037750244, -0.5959579944610596], [0.07448026537895203, 0.5963810086250305, 0.7992386817932129]], [[0.9896454215049744, 0.12091875076293945, -0.07733433693647385], [-0.07569786161184311, -0.018076017498970032, -0.9969669580459595], [-0.12194988131523132, 0.9924978613853455, -0.008735557086765766]], [[0.9892401099205017, 0.0569567009806633, 0.1347590833902359], [0.13258974254131317, 0.04030648246407509, -0.990351140499115], [-0.06183880195021629, 0.9975626468658447, 0.032320912927389145]], [[0.9901711344718933, -0.00701520498842001, -0.13968506455421448], [-0.005824605002999306, 0.9958064556121826, -0.09129925817251205], [0.1397397667169571, 0.09121549874544144, 0.9859779477119446]], [[0.9999780058860779, 0.006460465025156736, 0.0015069155488163233], [-0.006628974340856075, 0.9818548560142517, 0.18951809406280518], [-0.000255196908256039, -0.18952392041683197, 0.9818760752677917]], [[0.9979577660560608, -0.05859340727329254, -0.025436917319893837], [0.06187162920832634, 0.9856727123260498, 0.15691106021404266], [0.015878520905971527, -0.15816445648670197, 0.9872850179672241]], [[0.9948792457580566, 0.05083527788519859, -0.08735597133636475], [-0.047626662999391556, 0.9981255531311035, 0.03843141347169876], [0.08914591372013092, -0.03407414257526398, 0.9954355359077454]], [[0.9891683459281921, -0.10688067227602005, 0.1006101444363594], [0.08184074610471725, 0.9705808758735657, 0.22643926739692688], [-0.12185228615999222, -0.21575257182121277, 0.9688150882720947]], [[0.9770899415016174, 0.16770146787166595, -0.13104026019573212], [-0.13559603691101074, 0.9650995135307312, 0.22404612600803375], [0.164039745926857, -0.20114465057849884, 0.9657287001609802]], [[0.9834381341934204, 0.017343543469905853, -0.1804123967885971], [0.01302645355463028, 0.9860730767250061, 0.16580182313919067], [0.18077538907527924, -0.1654059737920761, 0.9695159196853638]], [[0.8631809949874878, 0.331643670797348, -0.380698025226593], [-0.3606361448764801, 0.9326922297477722, -0.005181987304240465], [0.3533554971218109, 0.14176644384860992, 0.9246848821640015]], [[0.9840177297592163, -0.13513219356536865, 0.11596716940402985], [0.12075462192296982, 0.9850128889083862, 0.12315791845321655], [-0.13087177276611328, -0.10718600451946259, 0.9855879545211792]], [[0.9981290102005005, 0.0030202683992683887, -0.06106814742088318], [-0.000597299775108695, 0.9992132186889648, 0.03965570777654648], [0.061139874160289764, -0.03954503685235977, 0.997345507144928]], [[0.5103152990341187, 0.7619611620903015, -0.39873990416526794], [-0.7977949976921082, 0.5925646424293518, 0.11131143569946289], [0.32109418511390686, 0.26130878925323486, 0.910283625125885]], [[0.8513884544372559, -0.4565790295600891, 0.2582117021083832], [0.3016968071460724, 0.8289414644241333, 0.4709937274456024], [-0.4290882349014282, -0.32309699058532715, 0.8434996008872986]], [[0.7905426621437073, -0.18712195754051208, -0.5831190347671509], [0.032723307609558105, 0.963722288608551, -0.264893501996994], [0.6115321516990662, 0.19032801687717438, 0.7679868340492249]], [[-0.25717809796333313, 0.07508206367492676, 0.9634427428245544], [-0.7214438319206238, 0.6483952403068542, -0.243109792470932], [-0.642944872379303, -0.7575923800468445, -0.11258556693792343]], [[0.9693396687507629, -0.24570567905902863, 0.003057151334360242], [0.24190764129161835, 0.9520238637924194, -0.18743349611759186], [0.04314299300312996, 0.18242627382278442, 0.9822725653648376]], [[0.9215423464775085, 0.3854682147502899, 0.0466272346675396], [-0.38242265582084656, 0.9218534231185913, -0.06276395171880722], [-0.06717697530984879, 0.04000832512974739, 0.9969387650489807]], [[0.9662488102912903, 0.2401277869939804, -0.09328387677669525], [-0.2205655723810196, 0.9582394361495972, 0.1820109337568283], [0.1330941766500473, -0.15529263019561768, 0.9788616299629211]], [[0.9647004008293152, -0.25338202714920044, 0.07176777720451355], [0.23958125710487366, 0.9575546979904175, 0.16028040647506714], [-0.10933373868465424, -0.13742835819721222, 0.9844589829444885]]]], "pred_betas": [[0.11311941593885422, 0.48989567160606384, 0.4938233196735382, 0.5389939546585083, 0.137259379029274, 0.09526896476745605, -0.4614306390285492, 0.3195940852165222, 0.6377459764480591, -0.054398149251937866]], "pred_camera": [1.2297143936157227, -0.02243044227361679, 0.33322882652282715]}