{"pred_joints_img": [[394.0566711425781, 154.59115600585938, -45.04991912841797], [388.7413330078125, 181.3310546875, -4.859102725982666], [346.5221252441406, 200.3174591064453, -14.37352466583252], [307.8992614746094, 234.90402221679688, -49.06890869140625], [313.41876220703125, 177.39041137695312, -72.71687316894531], [428.5050964355469, 206.82696533203125, 9.192949295043945], [438.2436828613281, 269.8085021972656, 16.451419830322266], [440.3213806152344, 317.5181579589844, -21.329256057739258], [393.8025207519531, 300.3983459472656, 6.240053176879883], [387.66156005859375, 322.61090087890625, -8.599348068237305], [416.67559814453125, 363.1507263183594, -88.40412139892578], [375.3862609863281, 442.6041564941406, -48.43682098388672], [413.33349609375, 319.7964172363281, 11.005314826965332], [496.9093933105469, 340.63629150390625, -21.23701286315918], [467.1468811035156, 429.32830810546875, 7.880637168884277], [385.6172180175781, 144.90748596191406, -37.53892517089844], [401.8731994628906, 145.38833618164062, -36.78302764892578], [374.3774719238281, 148.84646606445312, -15.11655330657959], [410.1440734863281, 149.38198852539062, -13.12104606628418], [506.0423583984375, 447.6690979003906, -13.523512840270996], [504.046630859375, 446.73468017578125, 6.388193130493164], [455.3228454589844, 433.68206787109375, 18.929969787597656], [398.87066650390625, 469.67718505859375, -81.18780517578125], [378.2196044921875, 465.97943115234375, -81.57061767578125], [363.5934753417969, 446.74078369140625, -36.00640106201172], [375.3862609863281, 442.6041564941406, -48.43682098388672], [416.67559814453125, 363.1507263183594, -88.40412139892578], [363.6729736328125, 299.2894592285156, -8.910292625427246], [415.96978759765625, 291.9556884765625, 29.339996337890625], [496.9093933105469, 340.63629150390625, -21.23701286315918], [467.1468811035156, 429.32830810546875, 7.880637168884277], [313.41876220703125, 177.39041137695312, -72.71687316894531], [307.8992614746094, 234.90402221679688, -49.06890869140625], [346.5221252441406, 200.3174591064453, -14.37352466583252], [428.5050964355469, 206.82696533203125, 9.192949295043945], [438.2436828613281, 269.8085021972656, 16.451419830322266], [440.3213806152344, 317.5181579589844, -21.329256057739258], [389.3687438964844, 182.35366821289062, -6.986692905426025], [393.47430419921875, 116.11705017089844, -18.601009368896484], [387.5892639160156, 298.1539001464844, 13.894281387329102], [388.1079406738281, 196.92288208007812, -2.52394700050354], [382.0444641113281, 238.5004425048828, 12.702690124511719], [394.42388916015625, 162.38961791992188, -26.7232723236084], [392.452880859375, 131.58547973632812, -15.434683799743652], [394.0566711425781, 154.59115600585938, -45.04991912841797], [401.8731994628906, 145.38833618164062, -36.78302764892578], [385.6172180175781, 144.90748596191406, -37.53892517089844], [410.1440734863281, 149.38198852539062, -13.12104606628418], [374.3774719238281, 148.84646606445312, -15.11655330657959]], "pred_body_pose": [[2.6032092571258545, -0.3277563452720642, 0.8241894841194153, -0.7674462199211121, 0.09475786983966827, 0.4345451295375824, -0.6656659245491028, 0.11087993532419205, -0.2569727897644043, 0.6648640632629395, -0.08013893663883209, -0.006410770118236542, 1.6194268465042114, 0.06370511651039124, -0.18321257829666138, 1.6136444807052612, 0.14920789003372192, 0.06532572209835052, 0.08574345707893372, -0.1441618949174881, 0.005753107834607363, -0.1539739966392517, 0.00764690525829792, 0.010687477886676788, -0.13574530184268951, -0.01350300945341587, 0.03298262506723404, -0.029313938692212105, -0.08627434074878693, -0.043696850538253784, -0.22441531717777252, 0.10040435940027237, 0.06167840212583542, -0.21217629313468933, -0.14034274220466614, -0.10449711233377457, -0.16577838361263275, -0.20072805881500244, 0.0046035172417759895, 0.07911565154790878, -0.3375368118286133, -0.368726521730423, -0.11745557188987732, 0.09481338411569595, 0.13962678611278534, 3.898553768522106e-05, -0.07737979292869568, 0.006561029702425003, 0.0869031772017479, -0.37302806973457336, -0.8723238110542297, -0.4209730923175812, 0.33407822251319885, 0.38377416133880615, 0.18165040016174316, -0.6670205593109131, 0.12185338884592056, -0.5229660272598267, 1.7292134761810303, -0.7852926850318909, 0.1958240121603012, -0.01816975139081478, 0.24227528274059296, 0.015549595467746258, 0.0648932158946991, -0.3731386363506317, -0.1729273796081543, -0.11191478371620178, -0.2197207808494568, -0.1295904964208603, 0.08652737736701965, 0.22105912864208221]], "pred_rotmat": [[[[0.7998359799385071, -0.3314181864261627, 0.5004241466522217], [-0.10275203734636307, -0.8970334529876709, -0.4298522174358368], [0.5913580656051636, 0.29239168763160706, -0.7515335083007812]], [[0.9074127674102783, -0.4138015806674957, -0.07328306883573532], [0.3457247316837311, 0.6359373927116394, 0.6899695992469788], [-0.2389070689678192, -0.651422917842865, 0.7201191782951355]], [[0.9625078439712524, 0.19988670945167542, 0.18336835503578186], [-0.2705436944961548, 0.7562984824180603, 0.5956665873527527], [-0.01961536705493927, -0.6229429244995117, 0.7820212841033936]], [[0.9968873262405396, -0.019717613235116005, -0.07633404433727264], [-0.03160199150443077, 0.7870964407920837, -0.6160199046134949], [0.07222869247198105, 0.6165147423744202, 0.7840233445167542]], [[0.9850050806999207, 0.15324290096759796, -0.07925690710544586], [-0.07101260870695114, -0.05855224281549454, -0.9957554340362549], [-0.1572331190109253, 0.9864523410797119, -0.046792078763246536]], [[0.9893991947174072, 0.05597811937332153, 0.13399894535541534], [0.1364305466413498, -0.04212989658117294, -0.9897534251213074], [-0.049759190529584885, 0.9975427389144897, -0.04932041093707085]], [[0.9896165132522583, -0.011892110109329224, -0.14323997497558594], [-0.000439836730947718, 0.9963160753250122, -0.08575519919395447], [0.14373211562633514, 0.0849277675151825, 0.9859656095504761]], [[0.9999138712882996, -0.011232524178922176, 0.006795345339924097], [0.010057460516691208, 0.9881125688552856, 0.1534026861190796], [-0.008437668904662132, -0.15332111716270447, 0.9881404638290405]], [[0.9993659257888794, -0.031959474086761475, -0.015693670138716698], [0.03378943353891373, 0.9902586936950684, 0.13507778942584991], [0.011223778128623962, -0.13552242517471313, 0.9907106757164001]], [[0.9953275918960571, 0.04488595575094223, -0.08548765629529953], [-0.04235907271504402, 0.9986167550086975, 0.031147425994277], [0.08676750212907791, -0.027380717918276787, 0.9958521127700806]], [[0.9930944442749023, -0.07222601026296616, 0.09244886785745621], [0.049814119935035706, 0.9730615019798279, 0.2250998169183731], [-0.10621649026870728, -0.2189401239156723, 0.9699398279190063]], [[0.9847883582115173, 0.11797992885112762, -0.12756410241127014], [-0.08838973939418793, 0.9722066521644592, 0.21679836511611938], [0.14959651231765747, -0.20222516357898712, 0.9678460359573364]], [[0.9799571633338928, 0.01199272833764553, -0.19884711503982544], [0.021096082404255867, 0.9863256812095642, 0.1634521335363388], [0.19808824360370636, -0.16437098383903503, 0.9663039445877075]], [[0.8776992559432983, 0.3401157557964325, -0.3375875651836395], [-0.3662550151348114, 0.9303956627845764, -0.014868734404444695], [0.30903294682502747, 0.13669341802597046, 0.94117671251297]], [[0.9858075380325317, -0.14419354498386383, 0.08597555011510849], [0.1330963522195816, 0.9834128618240356, 0.1232256069779396], [-0.10231779515743256, -0.11003369092941284, 0.9886474609375]], [[0.9969862103462219, -0.006555945612490177, -0.07730191946029663], [0.006552928127348423, 0.9999784827232361, -0.0002926644228864461], [0.07730217278003693, -0.0002147716877516359, 0.9970077276229858]], [[0.5829778909683228, 0.731204628944397, -0.3542267084121704], [-0.7612429857254028, 0.6439480781555176, 0.07641993463039398], [0.28398221731185913, 0.22510147094726562, 0.9320319294929504]], [[0.8751910924911499, -0.4242818355560303, 0.23243388533592224], [0.288681298494339, 0.843561053276062, 0.45284420251846313], [-0.38820573687553406, -0.32922589778900146, 0.8607593774795532]], [[0.7794036269187927, -0.17022471129894257, -0.6029538512229919], [0.05395457148551941, 0.9770437479019165, -0.20609302818775177], [0.6241945028305054, 0.1280975639820099, 0.7706958651542664]], [[-0.2906900942325592, 0.04372481256723404, 0.9558176398277283], [-0.6909335255622864, 0.6814561486244202, -0.24130550026893616], [-0.6618989109992981, -0.730551540851593, -0.16788160800933838]], [[0.9707249999046326, -0.2401271015405655, 0.005653486121445894], [0.23659780621528625, 0.9518702626228333, -0.19484464824199677], [0.041406095027923584, 0.19047817587852478, 0.9808177947998047]], [[0.9291329383850098, 0.3647654056549072, 0.06048380583524704], [-0.3637683689594269, 0.9310938715934753, -0.02714269794523716], [-0.06621681898832321, 0.0032170775812119246, 0.9978001117706299]], [[0.9698280096054077, 0.2260177880525589, -0.09137585014104843], [-0.20681051909923553, 0.9612041115760803, 0.1825273036956787], [0.1290852427482605, -0.15812261402606964, 0.9789455533027649]], [[0.9719942808151245, -0.22394640743732452, 0.07123985886573792], [0.2128014862537384, 0.9673691987991333, 0.13752205669879913], [-0.09971281886100769, -0.11851070821285248, 0.9879334568977356]]]], "pred_betas": [[0.10766146332025528, 0.4066854417324066, 0.5021938681602478, 0.5166551470756531, 0.12367849797010422, 0.0973537266254425, -0.4177621006965637, 0.3362688422203064, 0.5313032269477844, -0.14128682017326355]], "pred_camera": [1.2229650020599365, -0.023472901433706284, 0.32412800192832947]}