{"pred_joints_img": [[396.3910217285156, 155.8973388671875, -47.396034240722656], [387.6012268066406, 181.13650512695312, -8.236665725708008], [347.9510192871094, 201.91201782226562, -22.177532196044922], [310.1975402832031, 244.00518798828125, -44.54833221435547], [312.3224792480469, 202.16851806640625, -88.74212646484375], [424.2493896484375, 203.06561279296875, 13.756129264831543], [442.9852600097656, 261.21875, 27.378602981567383], [465.8436584472656, 301.3954772949219, -10.062211036682129], [393.7724609375, 297.0284423828125, 6.253514289855957], [390.92730712890625, 319.2816467285156, -8.377019882202148], [442.9601745605469, 355.81292724609375, -74.67919158935547], [410.1557312011719, 443.86444091796875, -56.37994384765625], [412.4457092285156, 315.132080078125, 14.473108291625977], [495.2627868652344, 331.5465393066406, -15.924164772033691], [473.0997314453125, 420.2068786621094, 12.323553085327148], [387.3904724121094, 146.45028686523438, -40.97846984863281], [403.21075439453125, 146.5294952392578, -38.94441604614258], [374.6665954589844, 149.8096466064453, -19.918354034423828], [409.5740661621094, 149.6553955078125, -15.001373291015625], [512.490966796875, 437.432861328125, -6.474517345428467], [509.6346435546875, 435.9056396484375, 12.84196662902832], [461.0605773925781, 425.3992919921875, 22.67862319946289], [443.7161560058594, 465.97149658203125, -81.49837493896484], [424.0073547363281, 464.3365173339844, -87.45524597167969], [396.5262145996094, 450.4645690917969, -47.61721420288086], [410.1557312011719, 443.86444091796875, -56.37994384765625], [442.9601745605469, 355.81292724609375, -74.67919158935547], [367.1147155761719, 297.47576904296875, -13.341435432434082], [411.4956970214844, 287.6581115722656, 31.933334350585938], [495.2627868652344, 331.5465393066406, -15.924164772033691], [473.0997314453125, 420.2068786621094, 12.323553085327148], [312.3224792480469, 202.16851806640625, -88.74212646484375], [310.1975402832031, 244.00518798828125, -44.54833221435547], [347.9510192871094, 201.91201782226562, -22.177532196044922], [424.2493896484375, 203.06561279296875, 13.756129264831543], [442.9852600097656, 261.21875, 27.378602981567383], [465.8436584472656, 301.3954772949219, -10.062211036682129], [388.4030456542969, 181.96524047851562, -9.78790283203125], [393.0596618652344, 117.61196899414062, -22.519075393676758], [386.5377502441406, 295.03955078125, 12.614104270935059], [386.6425476074219, 195.94424438476562, -4.6087870597839355], [379.56597900390625, 236.777587890625, 9.552985191345215], [395.5199279785156, 163.0325927734375, -29.266788482666016], [392.02899169921875, 132.60604858398438, -19.08780860900879], [396.3910217285156, 155.8973388671875, -47.396034240722656], [403.21075439453125, 146.5294952392578, -38.94441604614258], [387.3904724121094, 146.45028686523438, -40.97846984863281], [409.5740661621094, 149.6553955078125, -15.001373291015625], [374.6665954589844, 149.8096466064453, -19.918354034423828]], "pred_body_pose": [[2.5561318397521973, -0.43085116147994995, 1.0287669897079468, -0.8385891318321228, 0.02275606244802475, 0.3140554130077362, -0.7214794754981995, 0.15905620157718658, -0.14621497690677643, 0.6669121980667114, -0.07667800039052963, -0.02441471442580223, 1.5893915891647339, 0.03054576739668846, -0.18040460348129272, 1.4530597925186157, 0.18420813977718353, 0.06768793612718582, 0.059856709092855453, -0.13422195613384247, 0.01095870416611433, -0.09783748537302017, 0.08323141932487488, -0.03740416094660759, -0.027428746223449707, -0.0824396163225174, 0.08837493509054184, 0.0037911413237452507, -0.08935956656932831, -0.037108682096004486, -0.24370992183685303, 0.0436653308570385, 0.14585411548614502, -0.24028272926807404, -0.08125219494104385, -0.21670813858509064, -0.17611025273799896, -0.22665336728096008, -0.012094825506210327, 0.05790223181247711, -0.2733335793018341, -0.3343617916107178, -0.09780912846326828, 0.026239829137921333, 0.18858623504638672, 0.01271981094032526, -0.13726471364498138, 0.026111241430044174, 0.04837159812450409, -0.3256707191467285, -0.7720004320144653, -0.2836857736110687, 0.15362921357154846, 0.4683718979358673, 0.08389224857091904, -0.7816805243492126, 0.19234150648117065, -0.4620683789253235, 1.593889832496643, -0.7359291315078735, 0.14603163301944733, -0.05264962092041969, 0.2668132781982422, 0.01026624720543623, 0.07979056239128113, -0.3775038421154022, -0.15421220660209656, -0.10872208327054977, -0.22724787890911102, -0.13940507173538208, 0.09245240688323975, 0.24001435935497284]], "pred_rotmat": [[[[0.6899634599685669, -0.4019079804420471, 0.6020136475563049], [-0.1470448225736618, -0.8921715617179871, -0.42709219455718994], [0.7087512016296387, 0.20615500211715698, -0.6746642589569092]], [[0.9536530375480652, -0.28263017535209656, -0.10327630490064621], [0.26478955149650574, 0.625170111656189, 0.7341993451118469], [-0.1429416537284851, -0.7275179624557495, 0.6710329055786133]], [[0.9777436852455139, 0.0780627429485321, 0.19473962485790253], [-0.1874958723783493, 0.7416118383407593, 0.6440939903259277], [-0.09414147585630417, -0.6662716865539551, 0.7397427558898926]], [[0.9968822002410889, -0.0020020899828523397, -0.07887959480285645], [-0.04724113643169403, 0.7855648398399353, -0.6169734001159668], [0.06320027261972427, 0.6187760829925537, 0.7830210328102112]], [[0.9865399599075317, 0.13223186135292053, -0.09619501233100891], [-0.09319408982992172, -0.028713444247841835, -0.9952337741851807], [-0.13436372578144073, 0.9908028244972229, -0.01600373163819313]], [[0.9839549660682678, 0.0655975192785263, 0.16592051088809967], [0.15742121636867523, 0.11848960071802139, -0.9803972244262695], [-0.08397147804498672, 0.9907861351966858, 0.10626199096441269]], [[0.9909485578536987, -0.01492885872721672, -0.1334092617034912], [0.00690930150449276, 0.9981518983840942, -0.06037439778447151], [0.13406401872634888, 0.05890616029500961, 0.9892203211784363]], [[0.9958429336547852, 0.033227164298295975, 0.08481039106845856], [-0.04135819897055626, 0.9945225715637207, 0.0959916040301323], [-0.08115632086992264, -0.09910016506910324, 0.9917625188827515]], [[0.9927061200141907, -0.08701971173286438, -0.08343920856714249], [0.08927805721759796, 0.9957242608070374, 0.023720450699329376], [0.08101829886436462, -0.03099672496318817, 0.9962305426597595]], [[0.9953225255012512, 0.0368814654648304, -0.08929026871919632], [-0.03721996769309044, 0.9993048310279846, -0.00212850677780807], [0.08914969116449356, 0.00544193247333169, 0.9960033297538757]], [[0.98848956823349, -0.14913944900035858, 0.025415783748030663], [0.13857075572013855, 0.9599428176879883, 0.24353228509426117], [-0.060717955231666565, -0.23720720410346985, 0.9695598483085632]], [[0.9734653830528259, 0.2223820984363556, -0.053958311676979065], [-0.2030389904975891, 0.9481346607208252, 0.24457290768623352], [0.10554836690425873, -0.2271275818347931, 0.968128502368927]], [[0.9744176268577576, 0.03175023943185806, -0.22249075770378113], [0.007891959510743618, 0.9845262765884399, 0.1750590056180954], [0.22460617125034332, -0.17233648896217346, 0.9590891599655151]], [[0.9082116484642029, 0.31609249114990234, -0.27429401874542236], [-0.33167022466659546, 0.9433299899101257, -0.011109588667750359], [0.2552381157875061, 0.10106503218412399, 0.9615817666053772]], [[0.9819424152374268, -0.18842768669128418, 0.01685233786702156], [0.18587099015712738, 0.9775203466415405, 0.09952870011329651], [-0.035227466374635696, -0.09459910541772842, 0.9948919415473938]], [[0.990254282951355, -0.026897216215729713, -0.1366490125656128], [0.025154097005724907, 0.9995788335800171, -0.01446725707501173], [0.13698060810565948, 0.010888980701565742, 0.990513801574707]], [[0.6691038012504578, 0.6770833730697632, -0.3063628077507019], [-0.691933274269104, 0.7179911136627197, 0.07561153173446655], [0.2711610496044159, 0.16139066219329834, 0.9489070773124695]], [[0.8817523717880249, -0.46473801136016846, 0.08081648498773575], [0.4223176836967468, 0.8540729284286499, 0.30365654826164246], [-0.21014387905597687, -0.23361966013908386, 0.9493479132652283]], [[0.6932954788208008, -0.20305676758289337, -0.6914544701576233], [0.14098228514194489, 0.9791593551635742, -0.14618827402591705], [0.7067285776138306, 0.0038688445929437876, 0.7074741721153259]], [[-0.16167330741882324, 0.11573171615600586, 0.9800346493721008], [-0.6709133982658386, 0.7153937816619873, -0.1951589435338974], [-0.7236967086791992, -0.6890703439712524, -0.03801412135362625]], [[0.9633120894432068, -0.2664099633693695, -0.0324900783598423], [0.2587823271751404, 0.9541088342666626, -0.15069171786308289], [0.07114484906196594, 0.13675528764724731, 0.9880467653274536]], [[0.9264817833900452, 0.36860448122024536, 0.07591022551059723], [-0.3677954375743866, 0.929573655128479, -0.024887798354029655], [-0.07973789423704147, -0.004861344583332539, 0.9968041181564331]], [[0.968498945236206, 0.23228031396865845, -0.0897529125213623], [-0.21563559770584106, 0.9625619053840637, 0.16424351930618286], [0.12454326450824738, -0.1397157609462738, 0.9823281168937683]], [[0.9671580791473389, -0.24300357699394226, 0.07452860474586487], [0.2302069067955017, 0.9617536067962646, 0.14844103157520294], [-0.10774986445903778, -0.12640894949436188, 0.9861088991165161]]]], "pred_betas": [[0.014500098302960396, 0.32094550132751465, 0.43044376373291016, 0.5340698957443237, -0.10498642921447754, 0.15891659259796143, -0.34668105840682983, 0.31604504585266113, 0.5930764079093933, 0.04844868928194046]], "pred_camera": [1.1894453763961792, -0.03316420316696167, 0.28760039806365967]}