{"pred_joints_img": [[386.6573791503906, 152.2659149169922, -43.36151885986328], [386.1665344238281, 184.710693359375, -8.020928382873535], [342.932861328125, 201.91065979003906, -5.381124496459961], [300.0704650878906, 242.6231689453125, -17.83421516418457], [292.72406005859375, 199.89585876464844, -59.98428726196289], [426.1656188964844, 210.8289031982422, -4.446261405944824], [440.06219482421875, 271.3242492675781, -7.69317626953125], [442.96624755859375, 306.49969482421875, -54.9708137512207], [388.2817687988281, 303.39300537109375, 5.996503829956055], [377.44781494140625, 326.4040222167969, -2.124166250228882], [373.9128723144531, 373.4507141113281, -79.94900512695312], [349.8149108886719, 457.6467590332031, -43.90608215332031], [406.7618103027344, 323.1544189453125, 8.914644241333008], [479.2518310546875, 346.5438537597656, -36.921119689941406], [481.6118469238281, 432.51568603515625, 2.5696487426757812], [379.9492492675781, 144.20306396484375, -33.230430603027344], [395.7264099121094, 145.0222625732422, -34.90888977050781], [371.8956298828125, 151.8840789794922, -10.957181930541992], [406.849365234375, 153.51222229003906, -14.46423053741455], [515.3642578125, 444.1068115234375, -28.021093368530273], [517.9607543945312, 441.8758544921875, -8.755224227905273], [474.5560302734375, 439.44464111328125, 16.196943283081055], [361.5296325683594, 477.44439697265625, -85.1378402709961], [342.1763916015625, 475.3726806640625, -78.11194610595703], [343.70220947265625, 464.84814453125, -29.20821189880371], [349.8149108886719, 457.6467590332031, -43.90608215332031], [373.9128723144531, 373.4507141113281, -79.94900512695312], [356.0398254394531, 301.4999084472656, -0.2691895365715027], [415.14794921875, 293.6903076171875, 20.449142456054688], [479.2518310546875, 346.5438537597656, -36.921119689941406], [481.6118469238281, 432.51568603515625, 2.5696487426757812], [292.72406005859375, 199.89585876464844, -59.98428726196289], [300.0704650878906, 242.6231689453125, -17.83421516418457], [342.932861328125, 201.91065979003906, -5.381124496459961], [426.1656188964844, 210.8289031982422, -4.446261405944824], [440.06219482421875, 271.3242492675781, -7.69317626953125], [442.96624755859375, 306.49969482421875, -54.9708137512207], [386.5368957519531, 185.2223663330078, -9.345941543579102], [391.47515869140625, 120.39857482910156, -11.141337394714355], [384.3988952636719, 299.2022705078125, 14.280489921569824], [385.4298095703125, 199.99856567382812, -5.238475799560547], [381.62628173828125, 240.65773010253906, 9.473851203918457], [389.293701171875, 163.16067504882812, -27.049278259277344], [390.24127197265625, 135.65438842773438, -10.652572631835938], [386.6573791503906, 152.2659149169922, -43.36151885986328], [395.7264099121094, 145.0222625732422, -34.90888977050781], [379.9492492675781, 144.20306396484375, -33.230430603027344], [406.849365234375, 153.51222229003906, -14.46423053741455], [371.8956298828125, 151.8840789794922, -10.957181930541992]], "pred_body_pose": [[2.8631551265716553, -0.2298394739627838, 0.47176018357276917, -0.8301498293876648, 0.06589975953102112, 0.5428224205970764, -0.7413387298583984, 0.0638476312160492, -0.3447188138961792, 0.5353603363037109, -0.07056552171707153, -0.0340307243168354, 1.402258038520813, 0.00455504423007369, -0.1543997973203659, 1.334821343421936, 0.16139154136180878, 0.09075956046581268, 0.018515631556510925, -0.12663011252880096, -0.017887774854898453, -0.1612216979265213, 0.07520201057195663, -0.12349941581487656, -0.13419312238693237, -0.08074704557657242, 0.14956267178058624, -0.025201568379998207, -0.09026698023080826, -0.04756709560751915, -0.2506496012210846, 0.08346401154994965, 0.2699694037437439, -0.25677376985549927, -0.10659819841384888, -0.3184158504009247, -0.28711897134780884, -0.12234757095575333, -0.026713497936725616, 0.034479785710573196, -0.2980390787124634, -0.35035744309425354, -0.1052308902144432, 0.05046527460217476, 0.17732103168964386, -0.04293643683195114, -0.05331619083881378, 0.01866077072918415, 0.01527726836502552, -0.3891119956970215, -0.7818564772605896, -0.2509279251098633, 0.2607874274253845, 0.5366036891937256, -0.06246771290898323, -0.7457274794578552, 0.19683115184307098, -0.40757983922958374, 1.6208592653274536, -0.7010097503662109, 0.07801593095064163, -0.03512794151902199, 0.18305277824401855, -0.03409777954220772, 0.07370728254318237, -0.26616355776786804, -0.1562226265668869, -0.10994380712509155, -0.22746451199054718, -0.14339476823806763, 0.09575017541646957, 0.24979326128959656]], "pred_rotmat": [[[[0.9358590245246887, -0.19033890962600708, 0.2965450584888458], [-0.11620773375034332, -0.9611925482749939, -0.25020918250083923], [0.3326614499092102, 0.19969968497753143, -0.9216595888137817]], [[0.8624127507209778, -0.48291251063346863, -0.15178850293159485], [0.4325648844242096, 0.5472927093505859, 0.7164902687072754], [-0.26292935013771057, -0.6835687160491943, 0.6808832287788391]], [[0.9419138431549072, 0.28499120473861694, 0.1777028739452362], [-0.3297300934791565, 0.6841073036193848, 0.6505960822105408], [0.06384631991386414, -0.6713994741439819, 0.7383403182029724]], [[0.99700528383255, 0.013961797580122948, -0.07606184482574463], [-0.05082710087299347, 0.8595916628837585, -0.5084472894668579], [0.05828329175710678, 0.5107907056808472, 0.85772705078125]], [[0.9899218678474426, 0.11074497550725937, -0.0882624015212059], [-0.10534912347793579, 0.15938258171081543, -0.9815797805786133], [-0.09463752806186676, 0.9809856414794922, 0.16944319009780884]], [[0.9852999448776245, 0.026690399274230003, 0.16873550415039062], [0.15804710984230042, 0.23251372575759888, -0.9596658945083618], [-0.0648471862077713, 0.9722268581390381, 0.22487741708755493]], [[0.9918338060379028, 0.016667349264025688, -0.12644337117671967], [-0.01900872029364109, 0.999669075012207, -0.017333155497908592], [0.12611262500286102, 0.019595136865973473, 0.9918224215507507]], [[0.989587128162384, 0.11649788916110992, 0.08453211188316345], [-0.12857475876808167, 0.979458212852478, 0.15533886849880219], [-0.06469902396202087, -0.1645900309085846, 0.9842379093170166]], [[0.9856117963790894, -0.14299967885017395, -0.09011337161064148], [0.1537931114435196, 0.9798904061317444, 0.1271318942308426], [0.0701214000582695, -0.13916151225566864, 0.9877839088439941]], [[0.9947994351387024, 0.048615965992212296, -0.08950207382440567], [-0.046343181282281876, 0.9985525012016296, 0.027300093322992325], [0.09069973230361938, -0.02301030606031418, 0.9956125020980835]], [[0.9605475068092346, -0.27393171191215515, 0.048059914261102676], [0.2532590627670288, 0.9329485893249512, 0.2558647692203522], [-0.11492691189050674, -0.2335987091064453, 0.9655171036720276]], [[0.9444586038589478, 0.3225007653236389, -0.06317656487226486], [-0.29553428292274475, 0.9175776243209839, 0.2659149467945099], [0.1437271684408188, -0.23247478902339935, 0.961924135684967]], [[0.9922225475311279, 0.04369978606700897, -0.11655285209417343], [-0.008857776410877705, 0.9587633609771729, 0.28406745195388794], [0.12416030466556549, -0.28082579374313354, 0.9516937136650085]], [[0.8960736393928528, 0.3330172300338745, -0.29351598024368286], [-0.343112587928772, 0.939121425151825, 0.018020901829004288], [0.2816483974456787, 0.08456098288297653, 0.9557843804359436]], [[0.9830689430236816, -0.1786375641822815, 0.04079226404428482], [0.17334696650505066, 0.9788215756416321, 0.10889983177185059], [-0.05938194692134857, -0.09998483210802078, 0.9932153820991516]], [[0.9984052777290344, -0.017500994727015495, -0.053671907633543015], [0.019789237529039383, 0.9989045858383179, 0.04240316525101662], [0.05287101864814758, -0.04339766874909401, 0.9976579546928406]], [[0.6422836780548096, 0.6833744049072266, -0.34708940982818604], [-0.6889505386352539, 0.7131859064102173, 0.12927886843681335], [0.3358851671218872, 0.15609373152256012, 0.9288788437843323]], [[0.8281502723693848, -0.5315081477165222, 0.1779501885175705], [0.46832209825515747, 0.8305860161781311, 0.3013324737548828], [-0.30796360969543457, -0.16621056199073792, 0.936767041683197]], [[0.7171213030815125, -0.1556159406900406, -0.6793531179428101], [0.1999213695526123, 0.9797205924987793, -0.013383680023252964], [0.6676588654518127, -0.1262194812297821, 0.7336894869804382]], [[-0.17656737565994263, 0.1263187676668167, 0.9761494398117065], [-0.6247958540916443, 0.7519286870956421, -0.2103174924850464], [-0.7605617642402649, -0.6470293402671814, -0.053842633962631226]], [[0.9826878905296326, -0.18317532539367676, -0.027773136273026466], [0.18044407665729523, 0.9802699089050293, -0.08069035410881042], [0.04200564697384834, 0.07428193092346191, 0.9963522553443909]], [[0.9621075987815857, 0.261493057012558, 0.07726825028657913], [-0.2639901638031006, 0.9642288088798523, 0.023913439363241196], [-0.06825108081102371, -0.043405357748270035, 0.996723473072052]], [[0.9683201313018799, 0.23265916109085083, -0.09069684892892838], [-0.2156093418598175, 0.9622063040733337, 0.16634789109230042], [0.12597143650054932, -0.14152291417121887, 0.9818872213363647]], [[0.9644914865493774, -0.2527879476547241, 0.07651429623365402], [0.23916296660900116, 0.958838164806366, 0.15307049453258514], [-0.11205919831991196, -0.12933580577373505, 0.9852487444877625]]]], "pred_betas": [[0.03444633632898331, 0.37224650382995605, 0.5664076209068298, 0.7312994003295898, 0.2334090769290924, 0.09516678005456924, -0.33725568652153015, 0.3359638750553131, 0.6658141613006592, -0.17898014187812805]], "pred_camera": [1.1698722839355469, 0.009004287421703339, 0.3079124093055725]}