{"pred_joints_img": [[388.2459716796875, 152.85679626464844, -43.19942855834961], [387.0118103027344, 185.332275390625, -8.410590171813965], [343.4249267578125, 202.39300537109375, -7.701646327972412], [303.0426330566406, 245.80763244628906, -15.898797988891602], [291.0547790527344, 213.39305114746094, -64.83563232421875], [426.3534851074219, 211.23138427734375, -1.6519994735717773], [440.89666748046875, 271.0454406738281, -1.3657325506210327], [443.125244140625, 298.505126953125, -52.937923431396484], [386.1822509765625, 302.89892578125, 6.110202789306641], [375.17529296875, 325.54266357421875, -2.3827483654022217], [370.41766357421875, 370.96710205078125, -80.13714599609375], [350.66278076171875, 456.56719970703125, -46.969451904296875], [404.2875671386719, 322.8068542480469, 9.06435489654541], [476.9037170410156, 345.7628479003906, -35.16922378540039], [478.7159423828125, 431.9271240234375, 1.895568609237671], [381.8334045410156, 144.93585205078125, -32.90619659423828], [397.4632568359375, 145.96868896484375, -34.756248474121094], [373.90167236328125, 152.79742431640625, -10.847241401672363], [408.66571044921875, 154.92660522460938, -14.706791877746582], [512.9484252929688, 442.52935791015625, -28.00547218322754], [515.2034912109375, 440.7314147949219, -8.71813678741455], [471.3873596191406, 439.18865966796875, 15.017682075500488], [361.5172424316406, 474.04571533203125, -89.13304901123047], [342.42486572265625, 472.8787536621094, -81.47135925292969], [345.338134765625, 464.4760437011719, -32.54359436035156], [350.66278076171875, 456.56719970703125, -46.969451904296875], [370.41766357421875, 370.96710205078125, -80.13714599609375], [354.0950012207031, 300.5216369628906, -0.41030973196029663], [412.90289306640625, 293.7842712402344, 21.170331954956055], [476.9037170410156, 345.7628479003906, -35.16922378540039], [478.7159423828125, 431.9271240234375, 1.895568609237671], [291.0547790527344, 213.39305114746094, -64.83563232421875], [303.0426330566406, 245.80763244628906, -15.898797988891602], [343.4249267578125, 202.39300537109375, -7.701646327972412], [426.3534851074219, 211.23138427734375, -1.6519994735717773], [440.89666748046875, 271.0454406738281, -1.3657325506210327], [443.125244140625, 298.505126953125, -52.937923431396484], [387.35418701171875, 185.8353729248047, -9.7185697555542], [393.97088623046875, 121.85433959960938, -10.713482856750488], [382.23272705078125, 298.79229736328125, 14.498226165771484], [385.8413391113281, 200.5070343017578, -5.260102272033691], [380.88641357421875, 240.68661499023438, 9.417325019836426], [390.8531494140625, 164.01060485839844, -27.250194549560547], [392.4389343261719, 136.95230102539062, -10.453646659851074], [388.2459716796875, 152.85679626464844, -43.19942855834961], [397.4632568359375, 145.96868896484375, -34.756248474121094], [381.8334045410156, 144.93585205078125, -32.90619659423828], [408.66571044921875, 154.92660522460938, -14.706791877746582], [373.90167236328125, 152.79742431640625, -10.847241401672363]], "pred_body_pose": [[2.857842445373535, -0.20905281603336334, 0.4955770671367645, -0.8377989530563354, 0.06666076183319092, 0.5544317960739136, -0.7522066235542297, 0.03374714031815529, -0.35548150539398193, 0.5549603700637817, -0.06081783026456833, -0.041026148945093155, 1.3895444869995117, 0.016029322519898415, -0.15180689096450806, 1.3069108724594116, 0.11963396519422531, 0.10815264284610748, 0.019840609282255173, -0.10890154540538788, -0.016544794663786888, -0.16161037981510162, 0.07454723119735718, -0.12173053622245789, -0.1384029984474182, -0.07064294815063477, 0.13858620822429657, -0.023488691076636314, -0.0787547156214714, -0.044534891843795776, -0.247927725315094, 0.08015582710504532, 0.26257190108299255, -0.24312520027160645, -0.11802682280540466, -0.3024722933769226, -0.29299959540367126, -0.1491309404373169, -0.03291856870055199, 0.04084381088614464, -0.256883829832077, -0.3332535922527313, -0.07639291882514954, 0.04283945634961128, 0.20716466009616852, -0.06019708141684532, -0.09404060989618301, 0.02581099420785904, 0.023303354158997536, -0.3849503993988037, -0.7879769206047058, -0.22008654475212097, 0.21205048263072968, 0.5908396244049072, -0.0182044580578804, -0.9475929737091064, 0.23941510915756226, -0.3997364044189453, 1.5345028638839722, -0.6325631141662598, 0.06223779544234276, -0.05073090270161629, 0.1938370019197464, -0.034711092710494995, 0.06990057975053787, -0.2529490888118744, -0.15536855161190033, -0.10801510512828827, -0.226053386926651, -0.1478995978832245, 0.09456352144479752, 0.23845741152763367]], "pred_rotmat": [[[[0.9325088262557983, -0.1788221299648285, 0.3137674033641815], [-0.09993332624435425, -0.9626495242118835, -0.25163328647613525], [0.3470456004142761, 0.20329444110393524, -0.9155494570732117]], [[0.8568156361579895, -0.49103495478630066, -0.15732677280902863], [0.43974801898002625, 0.5365666747093201, 0.7202207446098328], [-0.269237220287323, -0.6862804889678955, 0.6756703853607178]], [[0.9398463368415833, 0.30382925271987915, 0.15612997114658356], [-0.3277808725833893, 0.6734486818313599, 0.6625908017158508], [0.09616894274950027, -0.6739100217819214, 0.7325276732444763]], [[0.9973785281181335, 0.022477159276604652, -0.06878064572811127], [-0.05535642430186272, 0.849169135093689, -0.5252118110656738], [0.04660113528370857, 0.5276424288749695, 0.8481873273849487]], [[0.9901267290115356, 0.11641431599855423, -0.07808063179254532], [-0.0975397601723671, 0.17214079201221466, -0.9802312254905701], [-0.10067208856344223, 0.978169322013855, 0.18179622292518616]], [[0.9887692332267761, -0.01198477391153574, 0.14896899461746216], [0.14700888097286224, 0.2574310302734375, -0.9550485610961914], [-0.026903197169303894, 0.9662224054336548, 0.25630176067352295]], [[0.9939396977424622, 0.01543106697499752, -0.1088382750749588], [-0.01758948154747486, 0.9996666312217712, -0.018899274989962578], [0.10851036012172699, 0.02069914899766445, 0.9938797950744629]], [[0.9898515939712524, 0.1147889494895935, 0.08376932144165039], [-0.12678994238376617, 0.9796111583709717, 0.15584120154380798], [-0.06417249888181686, -0.16488078236579895, 0.9842237234115601]], [[0.9879453778266907, -0.132716104388237, -0.0796894058585167], [0.1424579918384552, 0.9808884263038635, 0.13252775371074677], [0.06057785451412201, -0.14228257536888123, 0.9879706501960754]], [[0.9959100484848022, 0.045394305139780045, -0.07811742275953293], [-0.04354582354426384, 0.998733401298523, 0.02520688809454441], [0.07916273176670074, -0.021702110767364502, 0.9966253638267517]], [[0.96274334192276, -0.26644811034202576, 0.046160291880369186], [0.24680082499980927, 0.9355341196060181, 0.2527158558368683], [-0.11052018404006958, -0.23190809786319733, 0.9664388298988342]], [[0.9480088353157043, 0.30839794874191284, -0.07854892313480377], [-0.2800939381122589, 0.9257271885871887, 0.2541194558143616], [0.1510847806930542, -0.21890640258789062, 0.9639779329299927]], [[0.988443911075592, 0.053972482681274414, -0.141653373837471], [-0.010673249140381813, 0.9569277763366699, 0.29012975096702576], [0.15121108293533325, -0.2852650582790375, 0.9464455246925354]], [[0.9127869606018066, 0.3182472586631775, -0.25600531697273254], [-0.3285840153694153, 0.9444714188575745, 0.0025319717824459076], [0.24259546399116516, 0.08180810511112213, 0.9666721820831299]], [[0.977717936038971, -0.20705179870128632, 0.03459951654076576], [0.2037929743528366, 0.9757259488105774, 0.08016917109489441], [-0.05035882815718651, -0.0713317021727562, 0.9961804747581482]], [[0.9952502846717834, -0.022927146404981613, -0.09461091458797455], [0.028581921011209488, 0.997857391834259, 0.058853086084127426], [0.09305886179208755, -0.061277713626623154, 0.9937731623649597]], [[0.6394922733306885, 0.6865149140357971, -0.3460446894168854], [-0.6949247121810913, 0.7086992859840393, 0.12175770103931427], [0.3288300931453705, 0.1626119166612625, 0.9302839040756226]], [[0.8101305961608887, -0.5707065463066101, 0.13409879803657532], [0.5257328152656555, 0.8084573149681091, 0.2645784616470337], [-0.2594098150730133, -0.14384295046329498, 0.9549951553344727]], [[0.5592172741889954, -0.19510596990585327, -0.8057355284690857], [0.21102571487426758, 0.9733980298042297, -0.08924335986375809], [0.8017132878303528, -0.12012448161840439, 0.5855133533477783]], [[-0.07372809201478958, 0.12799954414367676, 0.9890299439430237], [-0.6061561107635498, 0.7817627191543579, -0.1463616043329239], [-0.791921079158783, -0.6102975010871887, 0.019949834793806076]], [[0.9800003170967102, -0.19399090111255646, -0.04434962198138237], [0.19084510207176208, 0.9793527126312256, -0.06668093055486679], [0.05636942386627197, 0.05688342824578285, 0.9967882037162781]], [[0.9657658934593201, 0.2487991452217102, 0.07345157116651535], [-0.25121137499809265, 0.9675958156585693, 0.025517981499433517], [-0.06472257524728775, -0.04309626668691635, 0.9969722032546997]], [[0.9688429832458496, 0.23112379014492035, -0.08902337402105331], [-0.21446281671524048, 0.9626519083976746, 0.165248304605484], [0.12389133125543594, -0.1410074383020401, 0.9822260141372681]], [[0.9673376083374023, -0.2419300526380539, 0.07568228989839554], [0.22804604470729828, 0.960918664932251, 0.15694032609462738], [-0.11069310456514359, -0.13455522060394287, 0.9847039580345154]]]], "pred_betas": [[0.047353941947221756, 0.2817014157772064, 0.6041171550750732, 0.7332967519760132, 0.20121845602989197, 0.11078286916017532, -0.29456034302711487, 0.3382641673088074, 0.586364209651947, -0.16396299004554749]], "pred_camera": [1.1604756116867065, -0.001379945781081915, 0.30418986082077026]}