{"pred_joints_img": [[389.0601806640625, 150.73561096191406, -46.135780334472656], [388.21600341796875, 184.05389404296875, -11.041006088256836], [343.5350646972656, 201.29209899902344, -8.983322143554688], [307.45751953125, 247.3862762451172, 5.72115421295166], [284.5173034667969, 254.3797607421875, -49.71347427368164], [427.79705810546875, 209.5211181640625, 0.2256060391664505], [446.40655517578125, 267.8026123046875, 10.629414558410645], [463.1926574707031, 275.0525207519531, -45.45071029663086], [386.3114929199219, 302.773193359375, 6.335727691650391], [374.7534484863281, 325.67230224609375, -1.8819894790649414], [371.930419921875, 368.52618408203125, -82.0380859375], [351.80255126953125, 456.32696533203125, -52.71526336669922], [404.6507568359375, 323.01422119140625, 8.8919095993042], [474.0146484375, 347.5182189941406, -40.81917190551758], [480.0697937011719, 433.68426513671875, -2.1981523036956787], [382.0753479003906, 143.23931884765625, -35.615699768066406], [397.95672607421875, 143.52011108398438, -37.228694915771484], [374.04998779296875, 151.97201538085938, -13.567948341369629], [409.4721374511719, 152.53848266601562, -16.99182891845703], [512.2014770507812, 444.85247802734375, -35.030826568603516], [516.1402587890625, 442.4882507324219, -15.708038330078125], [473.68560791015625, 441.12725830078125, 11.685905456542969], [363.9642639160156, 472.3409423828125, -95.68437957763672], [344.27947998046875, 471.076416015625, -88.57042694091797], [345.9774475097656, 464.9893798828125, -38.59071350097656], [351.80255126953125, 456.32696533203125, -52.71526336669922], [371.930419921875, 368.52618408203125, -82.0380859375], [353.4294738769531, 300.20574951171875, 0.6999403834342957], [414.1634216308594, 293.7121276855469, 20.846010208129883], [474.0146484375, 347.5182189941406, -40.81917190551758], [480.0697937011719, 433.68426513671875, -2.1981523036956787], [284.5173034667969, 254.3797607421875, -49.71347427368164], [307.45751953125, 247.3862762451172, 5.72115421295166], [343.5350646972656, 201.29209899902344, -8.983322143554688], [427.79705810546875, 209.5211181640625, 0.2256060391664505], [446.40655517578125, 267.8026123046875, 10.629414558410645], [463.1926574707031, 275.0525207519531, -45.45071029663086], [388.4616394042969, 184.33905029296875, -11.968280792236328], [393.08526611328125, 119.84429931640625, -12.439482688903809], [382.5909729003906, 298.6444396972656, 15.01956844329834], [386.7029113769531, 199.0556640625, -5.8920159339904785], [381.3468933105469, 239.54202270507812, 9.16191577911377], [391.95587158203125, 162.2168426513672, -30.080842971801758], [392.1744079589844, 135.11488342285156, -12.429736137390137], [389.0601806640625, 150.73561096191406, -46.135780334472656], [397.95672607421875, 143.52011108398438, -37.228694915771484], [382.0753479003906, 143.23931884765625, -35.615699768066406], [409.4721374511719, 152.53848266601562, -16.99182891845703], [374.04998779296875, 151.97201538085938, -13.567948341369629]], "pred_body_pose": [[2.8719913959503174, -0.1964712291955948, 0.45738616585731506, -0.8499972224235535, 0.032499849796295166, 0.5204616189002991, -0.8049910068511963, 0.06653118133544922, -0.3253612220287323, 0.5667882561683655, -0.06661415845155716, -0.03690634295344353, 1.3761969804763794, -0.012658302672207355, -0.1430201232433319, 1.3026260137557983, 0.13007596135139465, 0.1079552099108696, 0.012097498401999474, -0.07194118201732635, -0.03733227774500847, -0.16063764691352844, 0.10147831588983536, -0.13949067890644073, -0.132330060005188, -0.076532743871212, 0.12859128415584564, 0.004788284655660391, -0.0653030052781105, -0.03896666318178177, -0.25126913189888, 0.04696277901530266, 0.28613564372062683, -0.2562040686607361, -0.10143903642892838, -0.3283592164516449, -0.3273555636405945, -0.17550309002399445, -0.027483755722641945, 0.03798025846481323, -0.13689929246902466, -0.33453547954559326, 0.0011210029479116201, -0.03031305968761444, 0.245362788438797, -0.08025448024272919, -0.07844021916389465, 0.07638107985258102, -0.01735929399728775, -0.28363823890686035, -0.7604561448097229, -0.055934567004442215, 0.03452497348189354, 0.7438260316848755, -0.13085483014583588, -1.3358839750289917, 0.46675074100494385, -0.1946912407875061, 1.3280781507492065, -0.45936647057533264, 0.05086100846529007, -0.07084855437278748, 0.27802228927612305, -0.006141541991382837, 0.07361465692520142, -0.24780647456645966, -0.16459770500659943, -0.11008813977241516, -0.24638426303863525, -0.1620660126209259, 0.09513906389474869, 0.24119944870471954]], "pred_rotmat": [[[[0.9424136877059937, -0.1664092093706131, 0.2901110351085663], [-0.09584638476371765, -0.9654253125190735, -0.2424199879169464], [0.3204214572906494, 0.2006538212299347, -0.9257797598838806]], [[0.8749324083328247, -0.45109492540359497, -0.1760871261358261], [0.4256848096847534, 0.5431320071220398, 0.72374027967453], [-0.23083700239658356, -0.7081814408302307, 0.6672280430793762]], [[0.9482545256614685, 0.260643869638443, 0.18132339417934418], [-0.3109009265899658, 0.6462898254394531, 0.6968860030174255], [0.06445159763097763, -0.71719890832901, 0.6938816905021667]], [[0.9971783757209778, 0.01655816100537777, -0.07321913540363312], [-0.053296420723199844, 0.8430430889129639, -0.5351988673210144], [0.05286497622728348, 0.5375910997390747, 0.8415468335151672]], [[0.9912355542182922, 0.09415245056152344, -0.09266798198223114], [-0.10896487534046173, 0.18610787391662598, -0.9764684438705444], [-0.07469064742326736, 0.9780077934265137, 0.194736048579216]], [[0.987652599811554, -0.006263329181820154, 0.15653450787067413], [0.15269970893859863, 0.26173147559165955, -0.9529843926429749], [-0.03500115126371384, 0.9651203751564026, 0.25945618748664856]], [[0.9967172145843506, 0.03685560077428818, -0.0720863789319992], [-0.03772541880607605, 0.9992303848266602, -0.01074185036122799], [0.07163500785827637, 0.013426076620817184, 0.9973405003547668]], [[0.9851910471916199, 0.1300896257162094, 0.11169318109750748], [-0.1463155299425125, 0.9774734973907471, 0.15210933983325958], [-0.08938928693532944, -0.166199192404747, 0.982032299041748]], [[0.988840639591217, -0.12269077450037003, -0.08450474590063095], [0.13278473913669586, 0.9830330610275269, 0.12654735147953033], [0.06754475831985474, -0.13635611534118652, 0.988354504108429]], [[0.9971099495887756, 0.03877269849181175, -0.06533307582139969], [-0.03908523544669151, 0.9992297291755676, -0.003511947812512517], [0.06514658033847809, 0.006055356934666634, 0.9978573322296143]], [[0.9584736227989197, -0.28499463200569153, 0.010309291072189808], [0.2733384072780609, 0.9283803105354309, 0.2517860531806946], [-0.0813286155462265, -0.23851238191127777, 0.9677280187606812]], [[0.9418439269065857, 0.3311919569969177, -0.056937552988529205], [-0.3055984079837799, 0.9145897626876831, 0.2648303508758545], [0.13978420197963715, -0.23202884197235107, 0.9626125693321228]], [[0.9844032526016235, 0.05524815618991852, -0.1670268476009369], [0.0015426900936290622, 0.9466623663902283, 0.3222235441207886], [0.1759202778339386, -0.317455530166626, 0.9318122863769531]], [[0.9353882670402527, 0.32464754581451416, -0.14018838107585907], [-0.32979002594947815, 0.9439429640769958, -0.014501707628369331], [0.12762188911437988, 0.05979745835065842, 0.9900186657905579]], [[0.969594419002533, -0.24288776516914368, -0.029868371784687042], [0.24285396933555603, 0.9700509905815125, -0.004809562582522631], [0.030142024159431458, -0.0025903265923261642, 0.9995422959327698]], [[0.9940156936645508, -0.07300394773483276, -0.08125977963209152], [0.07928946614265442, 0.9938719868659973, 0.0770171508193016], [0.07513926178216934, -0.08299930393695831, 0.9937127828598022]], [[0.6883244514465332, 0.6819661855697632, -0.24724794924259186], [-0.6773069500923157, 0.7262459993362427, 0.11756717413663864], [0.2597396671772003, 0.0865383967757225, 0.9617933034896851]], [[0.7354105710983276, -0.6775233745574951, 0.011550793424248695], [0.6756803393363953, 0.7344863414764404, 0.06313403695821762], [-0.05125868320465088, -0.03862478956580162, 0.9979382157325745]], [[0.15633809566497803, -0.251118540763855, -0.9552474617958069], [0.39841654896736145, 0.9009993672370911, -0.17165179550647736], [0.9037823677062988, -0.35375070571899414, 0.24091030657291412]], [[0.1674884408712387, 0.2110535353422165, 0.9630181789398193], [-0.42905786633491516, 0.8950629830360413, -0.1215386837720871], [-0.88761305809021, -0.39283421635627747, 0.2404668778181076]], [[0.9591323733329773, -0.27589380741119385, -0.0628298968076706], [0.2723158001899719, 0.9603402018547058, -0.059923604130744934], [0.0768706277012825, 0.04036509990692139, 0.9962236285209656]], [[0.966772198677063, 0.24482929706573486, 0.07355374097824097], [-0.24527889490127563, 0.9694479703903198, -0.0029970540199428797], [-0.07204028218984604, -0.015143709257245064, 0.9972867965698242]], [[0.9638898372650146, 0.2512866258621216, -0.08815512806177139], [-0.23331674933433533, 0.9564655423164368, 0.17531976103782654], [0.12837284803390503, -0.14842088520526886, 0.9805567860603333]], [[0.9666467905044556, -0.24510806798934937, 0.07427018880844116], [0.2298089861869812, 0.9581066966056824, 0.17093706130981445], [-0.11305679380893707, -0.14816778898239136, 0.9824787974357605]]]], "pred_betas": [[0.0487632229924202, 0.1867222785949707, 0.6724038124084473, 0.806074857711792, 0.17572039365768433, 0.07200826704502106, -0.2979605197906494, 0.34567514061927795, 0.5139586925506592, -0.0962638258934021]], "pred_camera": [1.1735745668411255, 0.02395312860608101, 0.3081689178943634]}