{"pred_joints_img": [[388.84466552734375, 151.03150939941406, -51.403507232666016], [386.32733154296875, 184.34457397460938, -14.637974739074707], [341.330810546875, 203.79086303710938, -15.029533386230469], [302.3468017578125, 249.84580993652344, -0.08577272295951843], [277.8310852050781, 273.5478515625, -52.07489013671875], [427.50091552734375, 208.42388916015625, -0.8033002018928528], [448.5725402832031, 268.4310302734375, 6.004354953765869], [470.93658447265625, 265.6736145019531, -50.399898529052734], [387.4345703125, 305.0317077636719, 6.515918254852295], [376.0088195800781, 328.6283264160156, -2.2097785472869873], [373.6505432128906, 370.09283447265625, -86.22016906738281], [352.6705017089844, 459.14703369140625, -52.0121955871582], [406.48602294921875, 325.5564880371094, 9.2604341506958], [476.5429992675781, 347.45953369140625, -45.37200927734375], [481.4419250488281, 437.5926513671875, -8.343862533569336], [380.9124755859375, 143.23086547851562, -41.228755950927734], [397.3250732421875, 143.3634033203125, -41.83053207397461], [371.3343811035156, 151.89230346679688, -19.01069450378418], [407.83465576171875, 152.12191772460938, -20.205215454101562], [513.7109375, 448.95989990234375, -42.800148010253906], [517.9837036132812, 447.33331298828125, -22.953304290771484], [474.9391174316406, 445.35040283203125, 5.829452991485596], [364.1820068359375, 476.8213195800781, -95.95796203613281], [344.1368408203125, 475.10797119140625, -88.36763000488281], [346.7431945800781, 467.5727233886719, -37.17988204956055], [352.6705017089844, 459.14703369140625, -52.0121955871582], [373.6505432128906, 370.09283447265625, -86.22016906738281], [353.80950927734375, 302.9772644042969, 0.49295151233673096], [415.859375, 295.5325927734375, 22.050094604492188], [476.5429992675781, 347.45953369140625, -45.37200927734375], [481.4419250488281, 437.5926513671875, -8.343862533569336], [277.8310852050781, 273.5478515625, -52.07489013671875], [302.3468017578125, 249.84580993652344, -0.08577272295951843], [341.330810546875, 203.79086303710938, -15.029533386230469], [427.50091552734375, 208.42388916015625, -0.8033002018928528], [448.5725402832031, 268.4310302734375, 6.004354953765869], [470.93658447265625, 265.6736145019531, -50.399898529052734], [386.8424987792969, 184.72190856933594, -15.681768417358398], [390.4738464355469, 118.71257019042969, -17.182329177856445], [383.54034423828125, 301.0906982421875, 15.612582206726074], [385.2412414550781, 199.5876007080078, -9.379613876342773], [380.3926696777344, 240.67971801757812, 8.03918743133545], [390.9156188964844, 162.49620056152344, -34.54056930541992], [389.7151794433594, 134.37245178222656, -16.923324584960938], [388.84466552734375, 151.03150939941406, -51.403507232666016], [397.3250732421875, 143.3634033203125, -41.83053207397461], [380.9124755859375, 143.23086547851562, -41.228755950927734], [407.83465576171875, 152.12191772460938, -20.205215454101562], [371.3343811035156, 151.89230346679688, -19.01069450378418]], "pred_body_pose": [[2.8600845336914062, -0.21613822877407074, 0.4727056622505188, -0.8989463448524475, 0.021863121539354324, 0.4823143482208252, -0.8277585506439209, 0.06278154253959656, -0.3413448929786682, 0.6006086468696594, -0.06623148173093796, -0.006669157650321722, 1.4143338203430176, 0.00040841358713805676, -0.15495187044143677, 1.380751609802246, 0.12424895167350769, 0.10524445027112961, 0.021689720451831818, -0.051928747445344925, -0.043028172105550766, -0.15447703003883362, 0.09890597313642502, -0.13936786353588104, -0.1472867876291275, -0.08054713904857635, 0.11622531712055206, 0.00013393102562986314, -0.051230527460575104, -0.03615190088748932, -0.25484004616737366, 0.04534729942679405, 0.28137949109077454, -0.25378504395484924, -0.0881422683596611, -0.32375001907348633, -0.3298656940460205, -0.18449611961841583, -0.055191319435834885, 0.01328633539378643, -0.16769066452980042, -0.32654449343681335, 0.010533725842833519, 0.007350124418735504, 0.23055963218212128, -0.10101288557052612, -0.0617457740008831, 0.07799869030714035, -0.08037564158439636, -0.34300658106803894, -0.7572168707847595, -0.03260120004415512, 0.007795213721692562, 0.7018670439720154, -0.24147212505340576, -1.3927905559539795, 0.5072545409202576, -0.17501255869865417, 1.1124995946884155, -0.3375193774700165, 0.011132176034152508, -0.07174738496541977, 0.29379597306251526, 0.013760901056230068, 0.06772376596927643, -0.24564385414123535, -0.15856453776359558, -0.10940567404031754, -0.24806948006153107, -0.1790713667869568, 0.09524870663881302, 0.24504685401916504]], "pred_rotmat": [[[[0.9369334578514099, -0.18211376667022705, 0.2983124256134033], [-0.10649425536394119, -0.9616879820823669, -0.25261643528938293], [0.3328884541988373, 0.20491622388362885, -0.9204317331314087]], [[0.8932158946990967, -0.4118701219558716, -0.18035629391670227], [0.3938635289669037, 0.5232467651367188, 0.7557011842727661], [-0.21687988936901093, -0.7460401058197021, 0.6295929551124573]], [[0.9437076449394226, 0.27303680777549744, 0.1867266297340393], [-0.32160818576812744, 0.6253490447998047, 0.7109898924827576], [0.07735709846019745, -0.7310193777084351, 0.6779575347900391]], [[0.9978510141372681, -0.013021058402955532, -0.06421613693237305], [-0.025562291964888573, 0.8250352144241333, -0.5645028352737427], [0.06033100187778473, 0.5649312734603882, 0.8229293823242188]], [[0.9898882508277893, 0.10795924067497253, -0.09201102703809738], [-0.10747271776199341, 0.14745992422103882, -0.9832116365432739], [-0.09257885068655014, 0.9831583499908447, 0.15757152438163757]], [[0.9887454509735107, -0.001647267839871347, 0.1495985984802246], [0.14728982746601105, 0.18605130910873413, -0.971437394618988], [-0.026232797652482986, 0.982538640499115, 0.18420001864433289]], [[0.9977269768714905, 0.04242927208542824, -0.05235176160931587], [-0.043555110692977905, 0.9988395571708679, -0.02055484987795353], [0.05141888186335564, 0.022788314148783684, 0.9984171986579895]], [[0.9854615926742554, 0.13053280115127563, 0.10875052213668823], [-0.14574407041072845, 0.978452205657959, 0.1462526023387909], [-0.08731643855571747, -0.159976065158844, 0.9832514524459839]], [[0.9900366067886353, -0.10950823873281479, -0.0885181650519371], [0.1213306114077568, 0.9824602007865906, 0.14160096645355225], [0.07145910710096359, -0.15093010663986206, 0.9859582781791687]], [[0.9980348944664001, 0.03612478822469711, -0.05119938403367996], [-0.03613164648413658, 0.9993467330932617, 0.0007918938063085079], [0.05119454115629196, 0.00105958036147058, 0.9986881613731384]], [[0.9598769545555115, -0.2802824378013611, 0.008831809274852276], [0.2688662111759186, 0.9288145303726196, 0.25497934222221375], [-0.07966934889554977, -0.2423742264509201, 0.9669061303138733]], [[0.9445337653160095, 0.32530465722084045, -0.045086029917001724], [-0.30326345562934875, 0.9166301488876343, 0.26042360067367554], [0.12604422867298126, -0.23230595886707306, 0.9644411206245422]], [[0.9816819429397583, 0.08392034471035004, -0.1710497885942459], [-0.023797733709216118, 0.9447479248046875, 0.3269326686859131], [0.18903525173664093, -0.3168732821941376, 0.9294390678405762]], [[0.9333784580230713, 0.31814900040626526, -0.1660899966955185], [-0.32035204768180847, 0.9471938610076904, 0.014083197340369225], [0.16179998219013214, 0.0400623194873333, 0.9860100150108337]], [[0.9735121726989746, -0.22847752273082733, 0.008493916131556034], [0.2285546213388443, 0.9734837412834167, -0.00959679763764143], [-0.006076037418097258, 0.011283922009170055, 0.9999178647994995]], [[0.99506014585495, -0.07462432235479355, -0.06547197699546814], [0.0808510035276413, 0.9918698668479919, 0.09827082604169846], [0.057606298476457596, -0.10307884961366653, 0.9930036067962646]], [[0.6741062998771667, 0.6852127313613892, -0.2757975459098816], [-0.6592090129852295, 0.7265455722808838, 0.19384276866912842], [0.3332030177116394, 0.051137592643499374, 0.9414673447608948]], [[0.763631284236908, -0.6456413865089417, -0.0038084033876657486], [0.6453976035118103, 0.7631505131721497, 0.03260878100991249], [-0.018147194758057594, -0.027359018102288246, 0.9994609951972961]], [[0.09298613667488098, -0.19811931252479553, -0.9757572412490845], [0.4757916331291199, 0.8697106838226318, -0.13124623894691467], [0.874629020690918, -0.452053040266037, 0.175134539604187]], [[0.39855316281318665, 0.17832446098327637, 0.8996421098709106], [-0.3516075909137726, 0.9356762766838074, -0.029700305312871933], [-0.8470699787139893, -0.3044838309288025, 0.43561697006225586]], [[0.9546160697937012, -0.2897281050682068, -0.06903433799743652], [0.28893548250198364, 0.9571087956428528, -0.0214223749935627], [0.07228004932403564, 0.0005036715883761644, 0.9973841905593872]], [[0.9677120447158813, 0.2434500753879547, 0.06531017273664474], [-0.2425231635570526, 0.9698987603187561, -0.021884968504309654], [-0.06867215037345886, 0.0053391167894005775, 0.9976249933242798]], [[0.9635471105575562, 0.25261372327804565, -0.08810935914516449], [-0.2354080080986023, 0.9570145606994629, 0.169429212808609], [0.12712207436561584, -0.14251138269901276, 0.9815959334373474]], [[0.9657303094863892, -0.2493915855884552, 0.07189443707466125], [0.23247860372066498, 0.9543297290802002, 0.1876387596130371], [-0.11540654301643372, -0.16449452936649323, 0.9796033501625061]]]], "pred_betas": [[0.045490674674510956, 0.21637322008609772, 0.6102969646453857, 0.7322316765785217, 0.09894189983606339, 0.11042149364948273, -0.3772735893726349, 0.39354896545410156, 0.5381858944892883, 0.0388127937912941]], "pred_camera": [1.2069004774093628, 0.0197407528758049, 0.3254925608634949]}