{"pred_joints_img": [[389.7038879394531, 151.52200317382812, -46.40610885620117], [388.677978515625, 181.20361328125, -6.957664966583252], [344.1676940917969, 198.9189910888672, -8.495367050170898], [300.17657470703125, 230.63487243652344, -40.501800537109375], [304.8626708984375, 171.51773071289062, -62.013919830322266], [429.7728271484375, 209.327880859375, -1.8686436414718628], [433.3182067871094, 273.98309326171875, 0.6301800608634949], [418.0089111328125, 321.281982421875, -35.69059753417969], [392.14630126953125, 302.6515197753906, 6.203969478607178], [382.6936340332031, 325.6219177246094, -5.92397928237915], [388.30535888671875, 359.60943603515625, -94.58116149902344], [359.8716735839844, 449.7872619628906, -65.10114288330078], [411.6434326171875, 322.843017578125, 8.615662574768066], [493.7991027832031, 341.67266845703125, -30.54617691040039], [476.125, 430.86260986328125, 8.53501033782959], [382.5154724121094, 142.048828125, -37.092464447021484], [398.9276123046875, 143.09976196289062, -38.37558364868164], [373.7106018066406, 147.4043731689453, -13.516282081604004], [409.9618835449219, 149.2805633544922, -16.01729393005371], [514.5335083007812, 445.7889709472656, -17.36606216430664], [514.7116088867188, 444.1292419433594, 2.8666279315948486], [466.0762939453125, 436.4365234375, 21.15997886657715], [375.5534362792969, 466.961669921875, -108.39822387695312], [354.99969482421875, 465.3875427246094, -102.779541015625], [352.0807800292969, 458.0523376464844, -51.189388275146484], [359.8716735839844, 449.7872619628906, -65.10114288330078], [388.30535888671875, 359.60943603515625, -94.58116149902344], [359.26812744140625, 301.0668029785156, -2.6937882900238037], [418.0647277832031, 293.5803527832031, 24.90058135986328], [493.7991027832031, 341.67266845703125, -30.54617691040039], [476.125, 430.86260986328125, 8.53501033782959], [304.8626708984375, 171.51773071289062, -62.013919830322266], [300.17657470703125, 230.63487243652344, -40.501800537109375], [344.1676940917969, 198.9189910888672, -8.495367050170898], [429.7728271484375, 209.327880859375, -1.8686436414718628], [433.3182067871094, 273.98309326171875, 0.6301800608634949], [418.0089111328125, 321.281982421875, -35.69059753417969], [388.9998779296875, 182.15338134765625, -9.053262710571289], [393.8717346191406, 114.74688720703125, -17.120521545410156], [387.1524658203125, 299.5907897949219, 15.118610382080078], [387.84124755859375, 197.27325439453125, -4.957788944244385], [383.4543762207031, 238.61526489257812, 12.065674781799316], [392.0029602050781, 160.85594177246094, -28.50591468811035], [392.618408203125, 130.52879333496094, -14.90257453918457], [389.7038879394531, 151.52200317382812, -46.40610885620117], [398.9276123046875, 143.09976196289062, -38.37558364868164], [382.5154724121094, 142.048828125, -37.092464447021484], [409.9618835449219, 149.2805633544922, -16.01729393005371], [373.7106018066406, 147.4043731689453, -13.516282081604004]], "pred_body_pose": [[2.7230608463287354, -0.2546549439430237, 0.5948190689086914, -0.7969603538513184, 0.10374772548675537, 0.5591697692871094, -0.7934261560440063, 0.0893121063709259, -0.36812084913253784, 0.6323197484016418, -0.0892728716135025, -0.0099945068359375, 1.5898443460464478, 0.03743080794811249, -0.15593920648097992, 1.4509203433990479, 0.1299475133419037, 0.07225804030895233, 0.06687276065349579, -0.14517363905906677, -0.00593219418078661, -0.19863112270832062, 0.002008705399930477, -0.03892992064356804, -0.14817644655704498, -0.026552168652415276, 0.10297028720378876, -0.03862360864877701, -0.09642092138528824, -0.0520794540643692, -0.23152928054332733, 0.11034289002418518, 0.13412001729011536, -0.21696321666240692, -0.1335904598236084, -0.21304884552955627, -0.21797610819339752, -0.16112037003040314, -0.007435999345034361, 0.08081858605146408, -0.3915700614452362, -0.3834204077720642, -0.1255561262369156, 0.12420409172773361, 0.13721239566802979, -0.01987733133137226, -0.04569327086210251, 0.001265905098989606, 0.09502707421779633, -0.43133488297462463, -0.9042049050331116, -0.43428635597229004, 0.40089091658592224, 0.36573779582977295, 0.24598905444145203, -0.6370576024055481, 0.09937164932489395, -0.4869731068611145, 1.6970722675323486, -0.832062840461731, 0.20330241322517395, -0.02707122266292572, 0.21420960128307343, 0.09835722297430038, 0.06323796510696411, -0.35672610998153687, -0.2001398652791977, -0.11832692474126816, -0.24056188762187958, -0.18143126368522644, 0.09882881492376328, 0.26431506872177124]], "pred_rotmat": [[[[0.8962215781211853, -0.2433086484670639, 0.3709282875061035], [-0.10047582536935806, -0.9257710576057434, -0.3644895851612091], [0.432078093290329, 0.2893941104412079, -0.8541426062583923]], [[0.8507952690124512, -0.5121629238128662, -0.11762893944978714], [0.4358775019645691, 0.5627590417861938, 0.7023624181747437], [-0.2935272753238678, -0.6488384008407593, 0.7020330429077148]], [[0.9327594041824341, 0.2892865240573883, 0.2151120901107788], [-0.35570028424263, 0.6414958238601685, 0.6796766519546509], [0.058627791702747345, -0.7104902267456055, 0.7012605667114258]], [[0.9961005449295044, -0.017949284985661507, -0.08638031780719757], [-0.03660683333873749, 0.8067411780357361, -0.5897698998451233], [0.08027251809835434, 0.5906322002410889, 0.8029382824897766]], [[0.9896544814109802, 0.1214919313788414, -0.07631295174360275], [-0.07361502945423126, -0.02654888667166233, -0.9969332218170166], [-0.12314537167549133, 0.9922372698783875, -0.01733059249818325]], [[0.990772008895874, 0.02947082556784153, 0.13229665160179138], [0.12793108820915222, 0.11909030377864838, -0.9846071600914001], [-0.0447724424302578, 0.9924459457397461, 0.11422110348939896]], [[0.989467203617096, 0.0010631921468302608, -0.1447533816099167], [-0.01075067464262247, 0.9977512359619141, -0.06615831702947617], [0.14435751736164093, 0.06701768189668655, 0.9872535467147827]], [[0.9992427825927734, 0.03846580535173416, 0.005848180036991835], [-0.03886343166232109, 0.9795848727226257, 0.197238489985466], [0.0018581477925181389, -0.19731642305850983, 0.9803380370140076]], [[0.9943616986274719, -0.10043857246637344, -0.034012965857982635], [0.1043621152639389, 0.9837654829025269, 0.14599303901195526], [0.01879744417965412, -0.14871956408023834, 0.9887006878852844]], [[0.994002103805542, 0.053822316229343414, -0.09519948810338974], [-0.05010237544775009, 0.9979003071784973, 0.041044704616069794], [0.09720872342586517, -0.03602880239486694, 0.9946116209030151]], [[0.9850231409072876, -0.14494019746780396, 0.09339049458503723], [0.11957042664289474, 0.9644522070884705, 0.23565837740898132], [-0.12422703951597214, -0.22096221148967743, 0.9673383235931396]], [[0.968671441078186, 0.2235129177570343, -0.10824772715568542], [-0.19479414820671082, 0.9541919827461243, 0.22709663212299347], [0.1540481448173523, -0.19889600574970245, 0.9678375124931335]], [[0.9870719909667969, 0.024798069149255753, -0.15834765136241913], [0.010107654146850109, 0.9763609766960144, 0.21591007709503174], [0.1599586009979248, -0.21471931040287018, 0.9634879231452942]], [[0.8536319732666016, 0.34868648648262024, -0.3869498074054718], [-0.379531592130661, 0.9251718521118164, -0.0035802610218524933], [0.3567466735839844, 0.1499159038066864, 0.9220938086509705]], [[0.9829443097114563, -0.14383624494075775, 0.11459317803382874], [0.1283065527677536, 0.9827761650085449, 0.1329977810382843], [-0.13174934685230255, -0.11602635681629181, 0.9844693541526794]], [[0.9989554286003113, -0.0008113394724205136, -0.04568692669272423], [0.0017194222891703248, 0.9998016357421875, 0.019840184599161148], [0.045661769807338715, -0.01989801786839962, 0.9987586736679077]], [[0.5391258597373962, 0.74031662940979, -0.4015902578830719], [-0.7779607772827148, 0.6204140186309814, 0.09931526333093643], [0.32267695665359497, 0.25887805223464966, 0.9104185104370117]], [[0.8585939407348633, -0.42059627175331116, 0.29311299324035645], [0.25339171290397644, 0.8452008366584778, 0.47056156396865845], [-0.4456557631492615, -0.3297489285469055, 0.8322599530220032]], [[0.800260603427887, -0.1669640690088272, -0.5759392380714417], [0.016376089304685593, 0.9661820530891418, -0.25734058022499084], [0.5994287133216858, 0.19650790095329285, 0.7759316563606262]], [[-0.2864553928375244, 0.09812934696674347, 0.9530550837516785], [-0.6933417916297913, 0.6652868986129761, -0.2768944501876831], [-0.6612265110015869, -0.7401108145713806, -0.12253784388303757]], [[0.9768610000610352, -0.21381516754627228, -0.005060597788542509], [0.208351731300354, 0.9567098617553711, -0.20321369171142578], [0.04829169437289238, 0.19745716452598572, 0.9791213274002075]], [[0.9351409077644348, 0.3514798581600189, 0.04442484304308891], [-0.34533268213272095, 0.9323364496231079, -0.10721074044704437], [-0.0791013091802597, 0.08491577953100204, 0.9932434558868408]], [[0.9643982648849487, 0.24783025681972504, -0.09228260070085526], [-0.2243683934211731, 0.9514920115470886, 0.21052737534046173], [0.139981210231781, -0.18232695758342743, 0.9732224941253662]], [[0.960557222366333, -0.2682665288448334, 0.07323195040225983], [0.25050339102745056, 0.949090301990509, 0.1909860521554947], [-0.12073888629674911, -0.16510817408561707, 0.9788572192192078]]]], "pred_betas": [[0.11417348682880402, 0.43343091011047363, 0.5386298894882202, 0.6728233098983765, 0.10554113984107971, 0.11139895766973495, -0.3694504499435425, 0.3531857132911682, 0.5233302116394043, -0.09890980273485184]], "pred_camera": [1.2374069690704346, -0.006421150639653206, 0.3406088650226593]}