{"pred_joints_img": [[387.1256408691406, 151.54832458496094, -47.83721160888672], [388.07098388671875, 183.6060028076172, -10.790395736694336], [343.9331970214844, 201.6767120361328, -7.081092834472656], [299.2978210449219, 238.6624298095703, -28.654024124145508], [301.5621337890625, 183.87258911132812, -57.59198760986328], [428.9137878417969, 211.5352783203125, -8.491578102111816], [435.8598937988281, 274.8144226074219, -7.0534443855285645], [425.3888244628906, 321.0980529785156, -44.64726257324219], [391.3907165527344, 303.8306884765625, 6.128520965576172], [380.61322021484375, 327.0027770996094, -3.136707305908203], [380.8524169921875, 365.89434814453125, -88.1573486328125], [353.3392333984375, 453.9227600097656, -57.035099029541016], [410.2083435058594, 324.034912109375, 8.3497953414917], [485.2442321777344, 343.7149658203125, -39.85016632080078], [477.12164306640625, 433.534423828125, -3.4392130374908447], [380.6690368652344, 142.91822814941406, -37.533180236816406], [396.7452697753906, 143.939697265625, -39.77130126953125], [373.1962585449219, 149.96536254882812, -14.293118476867676], [408.8208312988281, 151.95191955566406, -18.9755859375], [512.36279296875, 445.927001953125, -33.66783905029297], [514.4620971679688, 444.82177734375, -13.796090126037598], [468.924072265625, 440.27569580078125, 9.831745147705078], [366.6190185546875, 471.599853515625, -100.07476806640625], [346.552001953125, 469.65985107421875, -93.59574127197266], [346.4385986328125, 462.01800537109375, -42.775516510009766], [353.3392333984375, 453.9227600097656, -57.035099029541016], [380.8524169921875, 365.89434814453125, -88.1573486328125], [358.36456298828125, 301.9307556152344, 0.08001857995986938], [418.51739501953125, 294.4539794921875, 21.72113609313965], [485.2442321777344, 343.7149658203125, -39.85016632080078], [477.12164306640625, 433.534423828125, -3.4392130374908447], [301.5621337890625, 183.87258911132812, -57.59198760986328], [299.2978210449219, 238.6624298095703, -28.654024124145508], [343.9331970214844, 201.6767120361328, -7.081092834472656], [428.9137878417969, 211.5352783203125, -8.491578102111816], [435.8598937988281, 274.8144226074219, -7.0534443855285645], [425.3888244628906, 321.0980529785156, -44.64726257324219], [388.32293701171875, 184.355712890625, -12.288753509521484], [393.2760009765625, 117.85508728027344, -16.393070220947266], [387.2542419433594, 300.04290771484375, 15.093116760253906], [387.366455078125, 199.6916961669922, -7.975895881652832], [384.3900451660156, 240.05604553222656, 9.364435195922852], [390.33074951171875, 162.2178192138672, -30.958524703979492], [391.986572265625, 133.4547576904297, -15.339290618896484], [387.1256408691406, 151.54832458496094, -47.83721160888672], [396.7452697753906, 143.939697265625, -39.77130126953125], [380.6690368652344, 142.91822814941406, -37.533180236816406], [408.8208312988281, 151.95191955566406, -18.9755859375], [373.1962585449219, 149.96536254882812, -14.293118476867676]], "pred_body_pose": [[2.8238208293914795, -0.22497408092021942, 0.4803010821342468, -0.8674055337905884, 0.09559515118598938, 0.5332071781158447, -0.81516033411026, 0.10588542371988297, -0.34060198068618774, 0.597808837890625, -0.08338020741939545, -0.014257033355534077, 1.5083554983139038, 0.04621587693691254, -0.18060146272182465, 1.3969403505325317, 0.1612606942653656, 0.0823916420340538, 0.029779959470033646, -0.14594481885433197, -0.0007911428692750633, -0.18514353036880493, 0.05039212107658386, -0.06846442073583603, -0.1449299454689026, -0.07241211831569672, 0.13568885624408722, -0.03232370316982269, -0.09918034821748734, -0.04946824908256531, -0.24328307807445526, 0.11083095520734787, 0.20313555002212524, -0.24247613549232483, -0.10694862902164459, -0.2860069274902344, -0.29047608375549316, -0.1277218759059906, -0.013798939064145088, 0.06827589869499207, -0.36863523721694946, -0.3960352838039398, -0.12659525871276855, 0.10007379204034805, 0.17639420926570892, -0.041491761803627014, -0.048838403075933456, -0.004984443541616201, 0.07511424273252487, -0.40995916724205017, -0.843229353427887, -0.3581279218196869, 0.36490389704704285, 0.4311251640319824, 0.09981533139944077, -0.6334740519523621, 0.12846873700618744, -0.4345220923423767, 1.7559709548950195, -0.8006941080093384, 0.1858038604259491, -0.02241538278758526, 0.18529418110847473, 0.025194020941853523, 0.07100971788167953, -0.2934218943119049, -0.19970232248306274, -0.11794173717498779, -0.2366849184036255, -0.1605425328016281, 0.10014300793409348, 0.2535805106163025]], "pred_rotmat": [[[[0.9330689907073975, -0.1954851597547531, 0.30194026231765747], [-0.10682572424411774, -0.952155351638794, -0.28633639216423035], [0.3434685170650482, 0.2349165976047516, -0.909309446811676]], [[0.8656258583068848, -0.482976496219635, -0.13200628757476807], [0.4070361852645874, 0.5252792239189148, 0.7472639679908752], [-0.2915707230567932, -0.7005822658538818, 0.6512841582298279]], [[0.9404768943786621, 0.25702139735221863, 0.22235846519470215], [-0.33778858184814453, 0.6348289847373962, 0.6949036717414856], [0.03744551166892052, -0.7286509275436401, 0.6838608980178833]], [[0.9965296387672424, -0.01076825987547636, -0.08253955841064453], [-0.03758125379681587, 0.826576292514801, -0.5615686178207397], [0.07427235692739487, 0.5627216696739197, 0.8233031034469604]], [[0.985721230506897, 0.14731714129447937, -0.08155577629804611], [-0.09003406763076782, 0.05181989073753357, -0.9945896863937378], [-0.14229390025138855, 0.9877309203147888, 0.06434352695941925]], [[0.9861414432525635, 0.0374770425260067, 0.16161848604679108], [0.15292352437973022, 0.17244718968868256, -0.9730756878852844], [-0.06433866173028946, 0.9843055009841919, 0.16432620584964752]], [[0.9893693923950195, -0.0013808790827170014, -0.1454174816608429], [-0.002957320073619485, 0.9995570778846741, -0.029612334445118904], [0.145393967628479, 0.02972758561372757, 0.9889270663261414]], [[0.9963991045951843, 0.06334301829338074, 0.05636024847626686], [-0.07264059036970139, 0.9805845618247986, 0.18214641511440277], [-0.04372828081250191, -0.18558457493782043, 0.9816548824310303]], [[0.9882164597511292, -0.12945330142974854, -0.08167048543691635], [0.13990896940231323, 0.9803651571273804, 0.1389590948820114], [0.06207818537950516, -0.14874809980392456, 0.9869246482849121]], [[0.993864893913269, 0.05095958337187767, -0.09816155582666397], [-0.04775727167725563, 0.9982559680938721, 0.0347023569047451], [0.09975878149271011, -0.02980152703821659, 0.9945652484893799]], [[0.9734767079353333, -0.21269568800926208, 0.08428177982568741], [0.185984805226326, 0.9502447247505188, 0.24988916516304016], [-0.13323868811130524, -0.22758620977401733, 0.9645992517471313]], [[0.9539687037467957, 0.29161757230758667, -0.0700213760137558], [-0.26601195335388184, 0.9305888414382935, 0.2514798641204834], [0.13849705457687378, -0.2212773859500885, 0.9653263688087463]], [[0.9918175339698792, 0.03196275979280472, -0.12359793484210968], [0.004826557356864214, 0.9580709338188171, 0.28649067878723145], [0.12757261097431183, -0.28474298119544983, 0.9500772953033447]], [[0.8572238087654114, 0.36441949009895325, -0.36382120847702026], [-0.3889707624912262, 0.92122882604599, 0.006263349205255508], [0.33744505047798157, 0.13614670932292938, 0.9314478039741516]], [[0.9795328974723816, -0.1810230016708374, 0.08801095187664032], [0.16841435432434082, 0.9765414595603943, 0.13417701423168182], [-0.11023546010255814, -0.11660849303007126, 0.9870413541793823]], [[0.9987953305244446, 0.005993865430355072, -0.048701412975788116], [-0.003968159202486277, 0.9991270899772644, 0.04158486798405647], [0.04890815541148186, -0.041341520845890045, 0.9979472756385803]], [[0.5919156670570374, 0.7099802494049072, -0.3815282881259918], [-0.7385695576667786, 0.6673139929771423, 0.09595322608947754], [0.3227240741252899, 0.22498896718025208, 0.9193633794784546]], [[0.8463457226753235, -0.46263909339904785, 0.26393938064575195], [0.33675575256347656, 0.8487053513526917, 0.4077925682067871], [-0.41266757249832153, -0.25625038146972656, 0.874094545841217]], [[0.7984442710876465, -0.1500079333782196, -0.5830817818641663], [0.08899955451488495, 0.9872313737869263, -0.13211071491241455], [0.5954542756080627, 0.053589023649692535, 0.8015998601913452]], [[-0.3288798928260803, 0.09938994795084, 0.9391270279884338], [-0.6438571214675903, 0.703892707824707, -0.29997166991233826], [-0.6908588409423828, -0.7033182978630066, -0.1675032377243042]], [[0.9826822280883789, -0.18523003160953522, -0.005042240954935551], [0.18108919262886047, 0.9657700657844543, -0.18572816252708435], [0.03927208110690117, 0.18159867823123932, 0.9825882315635681]], [[0.9547780752182007, 0.2898420989513397, 0.06626050174236298], [-0.28806671500205994, 0.9569650888442993, -0.03514890372753143], [-0.07359661906957626, 0.01447195652872324, 0.9971831440925598]], [[0.965353786945343, 0.24404612183570862, -0.09237722307443619], [-0.22070761024951935, 0.9524868726730347, 0.20989768207073212], [0.13921278715133667, -0.1822371780872345, 0.9733496308326721]], [[0.9631431698799133, -0.2573426067829132, 0.0782945528626442], [0.24139903485774994, 0.9553359746932983, 0.17046895623207092], [-0.11866652965545654, -0.14528578519821167, 0.9822475910186768]]]], "pred_betas": [[0.0846550464630127, 0.4080547094345093, 0.563382089138031, 0.7682632207870483, 0.015403732657432556, 0.11714859306812286, -0.34120380878448486, 0.379581093788147, 0.5212317705154419, -0.08105141669511795]], "pred_camera": [1.2080986499786377, 0.019819024950265884, 0.3298460841178894]}