{"pred_joints_img": [[386.29693603515625, 152.86985778808594, -46.27573776245117], [387.3701171875, 181.60577392578125, -6.961058139801025], [343.00091552734375, 198.76202392578125, -6.336516380310059], [298.2568359375, 232.1010284423828, -33.537349700927734], [300.4347229003906, 174.0602569580078, -55.782867431640625], [427.66925048828125, 209.8919677734375, -2.9035096168518066], [432.1058044433594, 273.5617370605469, -0.26584455370903015], [418.4241027832031, 320.4835205078125, -36.272010803222656], [389.7958679199219, 301.7961120605469, 6.1392598152160645], [380.2649230957031, 324.6710510253906, -5.292380332946777], [383.8874816894531, 360.685546875, -91.8720474243164], [356.6385498046875, 449.2373352050781, -60.86252212524414], [408.97247314453125, 321.76409912109375, 8.807302474975586], [490.7452392578125, 342.07684326171875, -27.360641479492188], [479.73565673828125, 431.677490234375, 9.804539680480957], [379.8609313964844, 143.33316040039062, -36.801753997802734], [395.9149475097656, 144.47140502929688, -39.134620666503906], [372.717041015625, 148.1405487060547, -12.941788673400879], [408.22406005859375, 150.29409790039062, -17.695764541625977], [519.0359497070312, 443.3421630859375, -15.481437683105469], [518.6337890625, 441.9642639160156, 4.5288166999816895], [470.0961608886719, 438.29229736328125, 22.02614974975586], [371.21319580078125, 466.4283752441406, -103.8352279663086], [351.087646484375, 465.0494079589844, -97.66678619384766], [349.33526611328125, 457.333740234375, -46.88417053222656], [356.6385498046875, 449.2373352050781, -60.86252212524414], [383.8874816894531, 360.685546875, -91.8720474243164], [357.2450256347656, 300.1957702636719, -2.4628782272338867], [415.429443359375, 292.5238952636719, 24.158414840698242], [490.7452392578125, 342.07684326171875, -27.360641479492188], [479.73565673828125, 431.677490234375, 9.804539680480957], [300.4347229003906, 174.0602569580078, -55.782867431640625], [298.2568359375, 232.1010284423828, -33.537349700927734], [343.00091552734375, 198.76202392578125, -6.336516380310059], [427.66925048828125, 209.8919677734375, -2.9035096168518066], [432.1058044433594, 273.5617370605469, -0.26584455370903015], [418.4241027832031, 320.4835205078125, -36.272010803222656], [387.4957275390625, 182.60508728027344, -8.992365837097168], [392.4616394042969, 116.12515258789062, -18.326120376586914], [384.86456298828125, 298.4764099121094, 14.845479011535645], [386.3059387207031, 197.57260131835938, -4.639965534210205], [381.918212890625, 238.32733154296875, 11.838959693908691], [389.691162109375, 161.79550170898438, -28.668508529663086], [391.2789611816406, 131.6572723388672, -15.798405647277832], [386.29693603515625, 152.86985778808594, -46.27573776245117], [395.9149475097656, 144.47140502929688, -39.134620666503906], [379.8609313964844, 143.33316040039062, -36.801753997802734], [408.22406005859375, 150.29409790039062, -17.695764541625977], [372.717041015625, 148.1405487060547, -12.941788673400879]], "pred_body_pose": [[2.746614933013916, -0.2540169358253479, 0.5870097875595093, -0.7772387862205505, 0.11614453047513962, 0.5828906893730164, -0.7857263684272766, 0.07914561778306961, -0.3755677044391632, 0.6101521253585815, -0.09141897410154343, -0.02824595384299755, 1.4948482513427734, 0.036180634051561356, -0.148578941822052, 1.4360100030899048, 0.1331515610218048, 0.08360566943883896, 0.06387010216712952, -0.15222357213497162, 0.0003885225742124021, -0.19786986708641052, 0.024934211745858192, -0.05766492336988449, -0.15406367182731628, -0.03942875936627388, 0.11004901677370071, -0.033720649778842926, -0.10732068121433258, -0.05436597764492035, -0.22461238503456116, 0.11132661253213882, 0.16971516609191895, -0.2249695062637329, -0.14785903692245483, -0.22213135659694672, -0.20491397380828857, -0.16537682712078094, 0.007356974296271801, 0.08586051315069199, -0.3746698796749115, -0.3849034607410431, -0.12963782250881195, 0.09357347339391708, 0.15940549969673157, -0.010628709569573402, -0.07222837954759598, -0.0009415053646080196, 0.08858475089073181, -0.41779935359954834, -0.8818475008010864, -0.40876638889312744, 0.3833796977996826, 0.4017699360847473, 0.2007761001586914, -0.6349061727523804, 0.10346189141273499, -0.4871739149093628, 1.7090131044387817, -0.8561449646949768, 0.18924608826637268, -0.023869512602686882, 0.16710439324378967, 0.07193784415721893, 0.0584229938685894, -0.3087751567363739, -0.19759497046470642, -0.11763305962085724, -0.23774980008602142, -0.1808733344078064, 0.0987822413444519, 0.2603949308395386]], "pred_rotmat": [[[[0.8997547626495361, -0.23672917485237122, 0.36660706996917725], [-0.105186827480793, -0.9329560399055481, -0.3442802131175995], [0.42352941632270813, 0.27120551466941833, -0.8643324375152588]], [[0.8370234370231628, -0.5358853936195374, -0.11053796112537384], [0.4525892436504364, 0.5645383596420288, 0.6902604699134827], [-0.3074975609779358, -0.627792477607727, 0.7150678038597107]], [[0.9309181571006775, 0.3003380596637726, 0.20781844854354858], [-0.3586617708206177, 0.6443483233451843, 0.6754087805747986], [0.06894349306821823, -0.7032867670059204, 0.70755535364151]], [[0.9955660104751587, -0.0005302181234583259, -0.09406370669603348], [-0.053498610854148865, 0.8193129301071167, -0.5708451271057129], [0.077370285987854, 0.5733463168144226, 0.8156517148017883]], [[0.9903486967086792, 0.12097029387950897, -0.06764458119869232], [-0.0763266384601593, 0.06863424926996231, -0.9947178959846497], [-0.11568859219551086, 0.9902805089950562, 0.07720509171485901]], [[0.9896456599235535, 0.022677429020404816, 0.14172911643981934], [0.13750676810741425, 0.1332966536283493, -0.9814906120300293], [-0.041149698197841644, 0.9908167123794556, 0.12879815697669983]], [[0.988440215587616, -0.005236996803432703, -0.1515207439661026], [-0.004463476128876209, 0.9979648590087891, -0.06360990554094315], [0.15154549479484558, 0.06355089694261551, 0.9864052534103394]], [[0.9980335831642151, 0.054793581366539, 0.030440103262662888], [-0.059709612280130386, 0.978837251663208, 0.19573524594306946], [-0.019070874899625778, -0.19716791808605194, 0.9801841378211975]], [[0.9931885600090027, -0.10633650422096252, -0.04763433337211609], [0.1123921349644661, 0.982132613658905, 0.15094232559204102], [0.030732549726963043, -0.15526790916919708, 0.9873942732810974]], [[0.9927726984024048, 0.0560317300260067, -0.10612622648477554], [-0.05241753160953522, 0.9979562759399414, 0.036546479910612106], [0.10795710235834122, -0.030719473958015442, 0.9936807751655579]], [[0.9795583486557007, -0.1795421689748764, 0.09071899205446243], [0.1547272652387619, 0.9606747627258301, 0.23057220876216888], [-0.12854889035224915, -0.2118222564458847, 0.9688170552253723]], [[0.9647576808929443, 0.23411265015602112, -0.12014156579971313], [-0.20118515193462372, 0.9505284428596497, 0.23668581247329712], [0.16960911452770233, -0.2041737288236618, 0.964129626750946]], [[0.9863772988319397, 0.009574078023433685, -0.1642201989889145], [0.024118440225720406, 0.9790992736816406, 0.2019474059343338], [0.16272136569023132, -0.20315705239772797, 0.9655303955078125]], [[0.8592583537101746, 0.3505082130432129, -0.37258437275886536], [-0.3818920850753784, 0.92413729429245, -0.011343064717948437], [0.34034329652786255, 0.15203365683555603, 0.9279289841651917]], [[0.9829894304275513, -0.16409432888031006, 0.08249188214540482], [0.15201513469219208, 0.9789814949035645, 0.1359657496213913], [-0.1030692309141159, -0.1211128756403923, 0.9872732758522034]], [[0.9973922371864319, 0.0013243480352684855, -0.07215923815965652], [-0.0005569905042648315, 0.9999431371688843, 0.010653257369995117], [0.0721692368388176, -0.010585283860564232, 0.9973362684249878]], [[0.5607869029045105, 0.7302924990653992, -0.3901166021823883], [-0.7644352912902832, 0.6376824378967285, 0.09486760199069977], [0.31805160641670227, 0.2450183779001236, 0.9158653020858765]], [[0.8518143892288208, -0.4459792673587799, 0.2747993469238281], [0.29537853598594666, 0.8421515226364136, 0.4511454403400421], [-0.4326242506504059, -0.3031223714351654, 0.849089503288269]], [[0.8008072376251221, -0.15716829895973206, -0.5779323577880859], [0.03444588929414749, 0.9754430651664734, -0.21754136681556702], [0.5979307889938354, 0.15430131554603577, 0.7865556478500366]], [[-0.30620646476745605, 0.10181080549955368, 0.9465052485466003], [-0.6971125602722168, 0.6531082987785339, -0.2957763373851776], [-0.6482837200164795, -0.7503892779350281, -0.12901239097118378]], [[0.9858293533325195, -0.16756565868854523, -0.007887128740549088], [0.1630726009607315, 0.9683014154434204, -0.18920795619487762], [0.03934187442064285, 0.18524058163166046, 0.9819053411483765]], [[0.9510484933853149, 0.305537611246109, 0.04640579596161842], [-0.3013710379600525, 0.9501752257347107, -0.07964014261960983], [-0.0684266909956932, 0.06175627559423447, 0.995742917060852]], [[0.9651382565498352, 0.24495448172092438, -0.09222409129142761], [-0.22192195057868958, 0.952649712562561, 0.20786818861961365], [0.13877549767494202, -0.18015502393245697, 0.973799467086792]], [[0.9615734219551086, -0.26448699831962585, 0.07364300638437271], [0.2467835396528244, 0.9501998424530029, 0.19031065702438354], [-0.12031027674674988, -0.1648237705230713, 0.9789579510688782]]]], "pred_betas": [[0.10443063080310822, 0.43306875228881836, 0.5713796019554138, 0.6651404500007629, 0.07500754296779633, 0.10215640813112259, -0.3457491993904114, 0.3271973133087158, 0.5223342180252075, -0.09289149940013885]], "pred_camera": [1.2090044021606445, 0.001813846523873508, 0.3192236125469208]}