{"pred_joints_img": [[387.5821228027344, 151.8000030517578, -46.96816635131836], [387.36083984375, 183.8301544189453, -10.86205768585205], [343.78680419921875, 200.99420166015625, -5.5450358390808105], [299.9634704589844, 241.1612548828125, -18.431774139404297], [294.3836669921875, 192.48709106445312, -54.71760177612305], [427.52239990234375, 210.81703186035156, -8.816815376281738], [437.0856018066406, 272.6579895019531, -8.85517692565918], [430.977783203125, 314.9589538574219, -50.245426177978516], [389.1225891113281, 302.3534240722656, 6.053445339202881], [378.0758361816406, 325.16619873046875, -2.638654947280884], [377.91802978515625, 367.029296875, -84.3495864868164], [348.8747863769531, 453.7021484375, -56.37929153442383], [407.3570556640625, 322.5062561035156, 8.680866241455078], [480.9773254394531, 345.935791015625, -36.89494323730469], [474.7944641113281, 433.9488220214844, -0.30833175778388977], [380.62786865234375, 143.5508575439453, -37.009124755859375], [396.52215576171875, 144.30393981933594, -38.44207763671875], [372.2100524902344, 150.93777465820312, -14.615056037902832], [407.4916687011719, 152.35482788085938, -17.601009368896484], [509.3720703125, 447.0076904296875, -29.858369827270508], [511.380615234375, 445.52667236328125, -10.337265014648438], [466.63787841796875, 440.5821228027344, 12.858685493469238], [362.9378356933594, 472.20123291015625, -97.8818588256836], [342.9790954589844, 469.82037353515625, -92.2044906616211], [341.5959167480469, 461.41534423828125, -42.369346618652344], [348.8747863769531, 453.7021484375, -56.37929153442383], [377.91802978515625, 367.029296875, -84.3495864868164], [356.6369934082031, 299.9959716796875, -0.1418784260749817], [416.05279541015625, 293.2642822265625, 21.144914627075195], [480.9773254394531, 345.935791015625, -36.89494323730469], [474.7944641113281, 433.9488220214844, -0.30833175778388977], [294.3836669921875, 192.48709106445312, -54.71760177612305], [299.9634704589844, 241.1612548828125, -18.431774139404297], [343.78680419921875, 200.99420166015625, -5.5450358390808105], [427.52239990234375, 210.81703186035156, -8.816815376281738], [437.0856018066406, 272.6579895019531, -8.85517692565918], [430.977783203125, 314.9589538574219, -50.245426177978516], [387.6037902832031, 184.3695831298828, -12.166532516479492], [391.6755065917969, 119.10894775390625, -15.207931518554688], [385.1084289550781, 298.3303527832031, 14.680177688598633], [386.59326171875, 199.3536376953125, -7.6801910400390625], [383.372314453125, 239.43821716308594, 8.950170516967773], [390.01495361328125, 162.48582458496094, -30.309967041015625], [390.5753479003906, 134.44338989257812, -14.45389461517334], [387.5821228027344, 151.8000030517578, -46.96816635131836], [396.52215576171875, 144.30393981933594, -38.44207763671875], [380.62786865234375, 143.5508575439453, -37.009124755859375], [407.4916687011719, 152.35482788085938, -17.601009368896484], [372.2100524902344, 150.93777465820312, -14.615056037902832]], "pred_body_pose": [[2.847869873046875, -0.20688003301620483, 0.48607462644577026, -0.8413853049278259, 0.09737901389598846, 0.5365190505981445, -0.7928669452667236, 0.10693395137786865, -0.3335382342338562, 0.58067387342453, -0.08766289055347443, -0.022338412702083588, 1.449863314628601, 0.0410299077630043, -0.16881412267684937, 1.3290469646453857, 0.17731235921382904, 0.07402005046606064, 0.015496022999286652, -0.14711114764213562, 0.002338172635063529, -0.1603701412677765, 0.04923689737915993, -0.0877370610833168, -0.10506957024335861, -0.06780871003866196, 0.1560976654291153, -0.0250636488199234, -0.1053781509399414, -0.04190072789788246, -0.24517956376075745, 0.11236381530761719, 0.21201470494270325, -0.24809987843036652, -0.10074678063392639, -0.30482691526412964, -0.3034137189388275, -0.08856716006994247, -0.005152773577719927, 0.05476135388016701, -0.3347811996936798, -0.3681944012641907, -0.11285263299942017, 0.05219943821430206, 0.18336376547813416, -0.042962513864040375, -0.022579943761229515, 0.003597262781113386, 0.04962507635354996, -0.4002366065979004, -0.8242590427398682, -0.30125051736831665, 0.301262766122818, 0.5130874514579773, 0.024068405851721764, -0.6828510165214539, 0.15717993676662445, -0.43210500478744507, 1.700936198234558, -0.7659693956375122, 0.14277590811252594, -0.02285062149167061, 0.19449560344219208, -0.0012817872921004891, 0.06656964123249054, -0.29114505648612976, -0.17806240916252136, -0.11494412273168564, -0.22502310574054718, -0.15421949326992035, 0.09551788121461868, 0.2443205714225769]], "pred_rotmat": [[[[0.9344661235809326, -0.1790831983089447, 0.3077375292778015], [-0.09762699156999588, -0.9600524306297302, -0.2622370421886444], [0.34240642189979553, 0.21500810980796814, -0.9146198034286499]], [[0.8633765578269958, -0.48868778347969055, -0.12555940449237823], [0.4133923053741455, 0.5424454808235168, 0.7313410043716431], [-0.2892882823944092, -0.6833279728889465, 0.6703544855117798]], [[0.9424043297767639, 0.25351008772850037, 0.21818940341472626], [-0.3331173360347748, 0.6526468992233276, 0.6805033087730408], [0.030113840475678444, -0.7139919996261597, 0.6995058655738831]], [[0.9960245490074158, -0.0036530315410345793, -0.0890045166015625], [-0.04580226540565491, 0.8359631299972534, -0.5468709468841553], [0.0764022246003151, 0.548773467540741, 0.8324725031852722]], [[0.9874072074890137, 0.13972201943397522, -0.07419469952583313], [-0.09008131921291351, 0.11103887856006622, -0.9897250533103943], [-0.13004790246486664, 0.9839451313018799, 0.12222693115472794]], [[0.9841532111167908, 0.04745711386203766, 0.1708519607782364], [0.15484783053398132, 0.23945856094360352, -0.9584788680076599], [-0.08639860898256302, 0.9697460532188416, 0.22831527888774872]], [[0.9891961216926575, -0.003467392874881625, -0.14655701816082], [0.0011919126845896244, 0.9998774528503418, -0.015611228533089161], [0.14659318327903748, 0.015267884358763695, 0.9890790581703186]], [[0.9949541091918945, 0.0832776352763176, 0.055957529693841934], [-0.0911501869559288, 0.9833416938781738, 0.15726038813591003], [-0.04192909970879555, -0.16156740486621857, 0.9859706163406372]], [[0.9855659604072571, -0.15150851011276245, -0.0755307525396347], [0.15860943496227264, 0.9823558330535889, 0.0990956649184227], [0.059184249490499496, -0.10964520275592804, 0.9922071695327759]], [[0.9935771226882935, 0.0431257002055645, -0.1046169102191925], [-0.04048749431967735, 0.9988094568252563, 0.02721257321536541], [0.1056659147143364, -0.022802112624049187, 0.9941402673721313]], [[0.9714932441711426, -0.2215205430984497, 0.08443582057952881], [0.19424040615558624, 0.9479815363883972, 0.2521936595439911], [-0.13590969145298004, -0.22860360145568848, 0.9639859199523926]], [[0.9491684436798096, 0.3088590204715729, -0.060707397758960724], [-0.28420478105545044, 0.9238173365592957, 0.2564941942691803], [0.1353030800819397, -0.2262028455734253, 0.9646374583244324]], [[0.9960973858833313, 0.018392110243439674, -0.08632420003414154], [0.008257348090410233, 0.9543389678001404, 0.2986117899417877], [0.0878746435046196, -0.2981591820716858, 0.9504626989364624]], [[0.8787419199943542, 0.3440283536911011, -0.33084291219711304], [-0.36198174953460693, 0.9321520924568176, 0.00785343162715435], [0.3110977113246918, 0.11285793781280518, 0.9436531066894531]], [[0.9819006323814392, -0.18480083346366882, 0.041469182819128036], [0.17893405258655548, 0.976915717124939, 0.11669791489839554], [-0.06207776442170143, -0.10716551542282104, 0.992301344871521]], [[0.9997386336326599, -0.003110890742391348, -0.022648289799690247], [0.0040807947516441345, 0.9990708827972412, 0.04290495067834854], [0.022493770346045494, -0.04298616200685501, 0.9988224506378174]], [[0.60884690284729, 0.7041011452674866, -0.3654409945011139], [-0.7226076722145081, 0.6823293566703796, 0.11074671149253845], [0.3273279666900635, 0.1966426819562912, 0.924223005771637]], [[0.8294551968574524, -0.5196107029914856, 0.20496049523353577], [0.43216946721076965, 0.8294587135314941, 0.35387539863586426], [-0.3538837432861328, -0.2049461156129837, 0.9125587344169617]], [[0.7643976211547852, -0.1525016874074936, -0.6264499425888062], [0.13672886788845062, 0.9878670573234558, -0.07364702224731445], [0.63008052110672, -0.02935817465186119, 0.7759746313095093]], [[-0.2691965103149414, 0.10851099342107773, 0.9569528698921204], [-0.6446412205696106, 0.7179147601127625, -0.2627473771572113], [-0.7155214548110962, -0.6876219511032104, -0.12330948561429977]], [[0.980918288230896, -0.19422049820423126, -0.008810769766569138], [0.1909739226102829, 0.9710354804992676, -0.14359363913536072], [0.03644439950585365, 0.13917101919651031, 0.989597499370575]], [[0.955731987953186, 0.28679370880126953, 0.06576960533857346], [-0.28687840700149536, 0.9579305648803711, -0.008356076665222645], [-0.0653991848230362, -0.01088170986622572, 0.997799813747406]], [[0.9683296084403992, 0.23160894215106964, -0.09324723482131958], [-0.2113041877746582, 0.9591559767723083, 0.18807005882263184], [0.13299734890460968, -0.16241027414798737, 0.9777190685272217]], [[0.9658566117286682, -0.24787598848342896, 0.07535596191883087], [0.23325860500335693, 0.9585829377174377, 0.16342908143997192], [-0.11274509876966476, -0.1402716338634491, 0.9836728572845459]]]], "pred_betas": [[0.09302665293216705, 0.3748273551464081, 0.557375967502594, 0.7376605272293091, 0.10927493870258331, 0.09612078964710236, -0.2820970118045807, 0.35572224855422974, 0.5291526913642883, -0.18897327780723572]], "pred_camera": [1.175202488899231, 0.013220947235822678, 0.30474209785461426]}