{"pred_joints_img": [[388.2233581542969, 151.55418395996094, -46.44340896606445], [388.1876525878906, 183.65298461914062, -9.742935180664062], [343.94085693359375, 200.72021484375, -6.772549629211426], [296.77490234375, 233.83981323242188, -28.67781639099121], [302.0136413574219, 177.91738891601562, -54.46479415893555], [428.3034973144531, 212.37078857421875, -6.921262264251709], [432.9315185546875, 275.6258239746094, -4.534021854400635], [420.8990783691406, 323.17889404296875, -39.65179443359375], [390.5336608886719, 303.3474426269531, 6.058966159820557], [380.31561279296875, 326.4411926269531, -3.7515647411346436], [381.6353454589844, 360.7645263671875, -90.4212646484375], [355.62774658203125, 449.740234375, -61.75128173828125], [409.4100646972656, 323.33087158203125, 8.631004333496094], [487.71490478515625, 341.6900939941406, -34.111602783203125], [479.5084533691406, 431.125244140625, 2.420673370361328], [381.4329833984375, 143.0204620361328, -36.35374450683594], [397.5140075683594, 143.9842071533203, -38.05994415283203], [373.26812744140625, 150.2073211669922, -13.530780792236328], [408.8371887207031, 152.02459716796875, -17.009180068969727], [516.4607543945312, 442.7019958496094, -25.72781753540039], [517.577392578125, 441.48834228515625, -5.857237339019775], [470.8585510253906, 437.76129150390625, 15.234618186950684], [369.0968933105469, 466.21392822265625, -104.95325469970703], [349.095703125, 464.94287109375, -98.46829223632812], [348.87066650390625, 458.10394287109375, -47.72993469238281], [355.62774658203125, 449.740234375, -61.75128173828125], [381.6353454589844, 360.7645263671875, -90.4212646484375], [357.71832275390625, 301.75347900390625, -0.7208141088485718], [416.89031982421875, 293.8141174316406, 22.500368118286133], [487.71490478515625, 341.6900939941406, -34.111602783203125], [479.5084533691406, 431.125244140625, 2.420673370361328], [302.0136413574219, 177.91738891601562, -54.46479415893555], [296.77490234375, 233.83981323242188, -28.67781639099121], [343.94085693359375, 200.72021484375, -6.772549629211426], [428.3034973144531, 212.37078857421875, -6.921262264251709], [432.9315185546875, 275.6258239746094, -4.534021854400635], [420.8990783691406, 323.17889404296875, -39.65179443359375], [388.37664794921875, 184.43785095214844, -11.301497459411621], [393.1636962890625, 118.12759399414062, -14.765545845031738], [386.0436096191406, 299.7099914550781, 14.978470802307129], [387.1477966308594, 199.67413330078125, -7.0394134521484375], [383.2900085449219, 239.97901916503906, 9.512517929077148], [390.8746643066406, 162.2378387451172, -29.616268157958984], [391.91912841796875, 133.68946838378906, -13.862236022949219], [388.2233581542969, 151.55418395996094, -46.44340896606445], [397.5140075683594, 143.9842071533203, -38.05994415283203], [381.4329833984375, 143.0204620361328, -36.35374450683594], [408.8371887207031, 152.02459716796875, -17.009180068969727], [373.26812744140625, 150.2073211669922, -13.530780792236328]], "pred_body_pose": [[2.803626775741577, -0.24159614741802216, 0.5213528275489807, -0.8449142575263977, 0.10674505680799484, 0.570000946521759, -0.8496373295783997, 0.09930547326803207, -0.36882519721984863, 0.6094223260879517, -0.09268375486135483, -0.021343447268009186, 1.5073436498641968, 0.04994938150048256, -0.16611672937870026, 1.4208272695541382, 0.13701526820659637, 0.08517256379127502, 0.02895696647465229, -0.1455274373292923, -0.007579490076750517, -0.19052091240882874, 0.02197396382689476, -0.05320921912789345, -0.13680139183998108, -0.05269591510295868, 0.12921364605426788, -0.04180837795138359, -0.10589531064033508, -0.05742015317082405, -0.22836971282958984, 0.1187375858426094, 0.16385556757450104, -0.23597940802574158, -0.11902210116386414, -0.25310972332954407, -0.2804805338382721, -0.12792491912841797, 0.0015468942001461983, 0.07894374430179596, -0.3668380677700043, -0.4077011048793793, -0.12424124032258987, 0.07533473521471024, 0.16948752105236053, -0.04389424994587898, -0.033674195408821106, -0.0015221702633425593, 0.08359865844249725, -0.40379342436790466, -0.8601087927818298, -0.38268256187438965, 0.3519396185874939, 0.3890816569328308, 0.15147580206394196, -0.6049694418907166, 0.1090683713555336, -0.42901551723480225, 1.7552204132080078, -0.8285617828369141, 0.20627912878990173, -0.023865431547164917, 0.18008635938167572, 0.07962299883365631, 0.07176076620817184, -0.3050926625728607, -0.20484662055969238, -0.12068053334951401, -0.2370631992816925, -0.18149253726005554, 0.10002100467681885, 0.26054421067237854]], "pred_rotmat": [[[[0.9209418892860413, -0.21247322857379913, 0.32668182253837585], [-0.11189529299736023, -0.9471659064292908, -0.3005931079387665], [0.3732898533344269, 0.24027465283870697, -0.896059513092041]], [[0.8460620641708374, -0.5166279673576355, -0.1314329355955124], [0.43405935168266296, 0.5245020985603333, 0.7324548959732056], [-0.3094697892665863, -0.6767519116401672, 0.6680085062980652]], [[0.9321780204772949, 0.2785264253616333, 0.23122939467430115], [-0.3569723963737488, 0.6011786460876465, 0.7149509191513062], [0.060122568160295486, -0.7490041255950928, 0.6598317623138428]], [[0.9956187009811401, -0.0073420582339167595, -0.09321776032447815], [-0.04737333953380585, 0.8198946714401245, -0.5705510973930359], [0.080617755651474, 0.5724673867225647, 0.8159546256065369]], [[0.9876288771629333, 0.14028096199035645, -0.07007496803998947], [-0.07837047427892685, 0.05450485274195671, -0.9954332709312439], [-0.1358209252357483, 0.9886103868484497, 0.06482445448637009]], [[0.9890579581260681, 0.022868262603878975, 0.14574399590492249], [0.14081476628780365, 0.14826636016368866, -0.9788709282875061], [-0.043994005769491196, 0.9886830449104309, 0.14342384040355682]], [[0.9894016981124878, 0.005448492243885994, -0.14510215818881989], [-0.009654778987169266, 0.999552845954895, -0.028300054371356964], [0.14488308131694794, 0.029401050880551338, 0.9890118837356567]], [[0.9983484148979187, 0.0507722832262516, 0.026881204918026924], [-0.054944977164268494, 0.9804997444152832, 0.1886828988790512], [-0.01677715592086315, -0.18984825909137726, 0.9816700220108032]], [[0.9902943968772888, -0.12479984760284424, -0.06117137148976326], [0.13198579847812653, 0.9823508858680725, 0.13253866136074066], [0.043550945818424225, -0.1393260657787323, 0.9892883896827698]], [[0.992754340171814, 0.05947533994913101, -0.10440989583730698], [-0.055054035037755966, 0.9974809288978577, 0.044731322675943375], [0.10680728405714035, -0.03865903615951538, 0.993527889251709]], [[0.9796847105026245, -0.1747780591249466, 0.09833861142396927], [0.1478717178106308, 0.96080482006073, 0.23449531197547913], [-0.13546885550022125, -0.21518997848033905, 0.9671305418014526]], [[0.9613191485404968, 0.2613855302333832, -0.08685076981782913], [-0.23361080884933472, 0.9407898187637329, 0.24564312398433685], [0.14591588079929352, -0.21585217118263245, 0.9654617309570312]], [[0.9918809533119202, 0.016276076436042786, -0.12612347304821014], [0.01932109333574772, 0.9609746932983398, 0.275960773229599], [0.12569302320480347, -0.27615711092948914, 0.952858030796051]], [[0.853413462638855, 0.3730437755584717, -0.3640380799770355], [-0.40126994252204895, 0.9159574508666992, -0.002079346915706992], [0.3326677083969116, 0.1478520929813385, 0.9313817024230957]], [[0.9828706383705139, -0.17274367809295654, 0.06422553956508636], [0.16342279314994812, 0.9780107140541077, 0.12956953048706055], [-0.08519556373357773, -0.11685416847467422, 0.9894882440567017]], [[0.9994320273399353, 0.002260255627334118, -0.03362360596656799], [-0.0007825310458429158, 0.999035656452179, 0.043897468596696854], [0.033690404146909714, -0.04384622350335121, 0.9984700083732605]], [[0.5817863941192627, 0.7198535799980164, -0.37859654426574707], [-0.7511271238327026, 0.6540770530700684, 0.08939357101917267], [0.31198158860206604, 0.2323661893606186, 0.9212347269058228]], [[0.8671457171440125, -0.42731422185897827, 0.25585320591926575], [0.297299861907959, 0.8562447428703308, 0.4224425256252289], [-0.3995886743068695, -0.2902540862560272, 0.8695294260978699]], [[0.8172854781150818, -0.1462356597185135, -0.5573685169219971], [0.05761777237057686, 0.983153760433197, -0.17346151173114777], [0.5733451843261719, 0.10965323448181152, 0.8119430541992188]], [[-0.339581161737442, 0.11334504932165146, 0.9337224364280701], [-0.6488603949546814, 0.690443217754364, -0.31979429721832275], [-0.68092942237854, -0.7144516110420227, -0.16091640293598175]], [[0.9836032390594482, -0.18027326464653015, -0.0051086703315377235], [0.17538125813007355, 0.9627443552017212, -0.20582687854766846], [0.0420234315097332, 0.2015560418367386, 0.9785749912261963]], [[0.951310932636261, 0.3026352524757385, 0.05847589671611786], [-0.29697105288505554, 0.950721025466919, -0.08909431844949722], [-0.08255733549594879, 0.06739074736833572, 0.9943051934242249]], [[0.9649497270584106, 0.24487924575805664, -0.09437243640422821], [-0.22038957476615906, 0.9513788223266602, 0.21519029140472412], [0.1424795538187027, -0.18684913218021393, 0.9720015525817871]], [[0.9614145755767822, -0.26475125551223755, 0.07475785166025162], [0.24676524102687836, 0.9500524401664734, 0.19106872379779816], [-0.12160956859588623, -0.16524863243103027, 0.9787256717681885]]]], "pred_betas": [[0.08463913202285767, 0.43543317914009094, 0.5746421217918396, 0.7502759099006653, 0.044191233813762665, 0.1425248235464096, -0.33040866255760193, 0.36807432770729065, 0.512571394443512, -0.10189235955476761]], "pred_camera": [1.2037538290023804, 0.02546180598437786, 0.32626432180404663]}