{"pred_joints_img": [[387.73681640625, 149.7016143798828, -42.87432861328125], [387.9347839355469, 182.92022705078125, -7.170319080352783], [343.0877990722656, 201.06546020507812, -6.291259765625], [305.55145263671875, 248.27102661132812, 1.8042548894882202], [291.3970642089844, 239.51954650878906, -56.785308837890625], [427.8092041015625, 208.79757690429688, 4.512136459350586], [442.9724426269531, 267.5910339355469, 19.66495132446289], [452.82611083984375, 284.1085205078125, -36.62418746948242], [386.8973083496094, 303.1469421386719, 6.4112043380737305], [375.5069885253906, 325.98223876953125, -3.0230119228363037], [372.34796142578125, 365.4599914550781, -85.90496063232422], [351.89422607421875, 453.566650390625, -54.61895751953125], [405.5549621582031, 323.5467224121094, 8.289429664611816], [477.0872497558594, 348.3887634277344, -39.743492126464844], [478.38958740234375, 435.7006530761719, -0.8574966788291931], [380.9292297363281, 142.0570831298828, -32.2033576965332], [396.8797912597656, 142.25555419921875, -34.275230407714844], [373.563232421875, 150.58863830566406, -9.686175346374512], [409.1122131347656, 151.01390075683594, -14.045982360839844], [512.234375, 447.41363525390625, -32.294761657714844], [515.11669921875, 445.23004150390625, -12.638359069824219], [471.1285400390625, 442.93701171875, 12.772821426391602], [363.1572265625, 469.92022705078125, -98.04281616210938], [343.52203369140625, 468.696044921875, -90.43004608154297], [346.4256286621094, 462.1860656738281, -40.176002502441406], [351.89422607421875, 453.566650390625, -54.61895751953125], [372.34796142578125, 365.4599914550781, -85.90496063232422], [353.7298278808594, 300.615478515625, 0.5349406599998474], [414.79180908203125, 294.3604431152344, 21.652036666870117], [477.0872497558594, 348.3887634277344, -39.743492126464844], [478.38958740234375, 435.7006530761719, -0.8574966788291931], [291.3970642089844, 239.51954650878906, -56.785308837890625], [305.55145263671875, 248.27102661132812, 1.8042548894882202], [343.0877990722656, 201.06546020507812, -6.291259765625], [427.8092041015625, 208.79757690429688, 4.512136459350586], [442.9724426269531, 267.5910339355469, 19.66495132446289], [452.82611083984375, 284.1085205078125, -36.62418746948242], [388.1153869628906, 183.34503173828125, -8.292567253112793], [392.43402099609375, 118.03535461425781, -9.470213890075684], [383.03814697265625, 299.354248046875, 15.294697761535645], [386.42279052734375, 198.37408447265625, -2.302678108215332], [381.42779541015625, 239.5536346435547, 11.684737205505371], [391.176513671875, 161.0468292236328, -26.705829620361328], [391.61981201171875, 133.47274780273438, -9.261738777160645], [387.73681640625, 149.7016143798828, -42.87432861328125], [396.8797912597656, 142.25555419921875, -34.275230407714844], [380.9292297363281, 142.0570831298828, -32.2033576965332], [409.1122131347656, 151.01390075683594, -14.045982360839844], [373.563232421875, 150.58863830566406, -9.686175346374512]], "pred_body_pose": [[2.82585072517395, -0.19701971113681793, 0.46958664059638977, -0.8105162978172302, 0.05005614459514618, 0.5253852605819702, -0.8052586913108826, 0.05773048847913742, -0.3400999903678894, 0.5679538249969482, -0.062442559748888016, -0.03750672936439514, 1.40237557888031, -0.008228203281760216, -0.1481924206018448, 1.3654204607009888, 0.13015612959861755, 0.11733116209506989, 0.030885973945260048, -0.07412686198949814, -0.027688488364219666, -0.16479654610157013, 0.09920956194400787, -0.1224670261144638, -0.14013279974460602, -0.08527454733848572, 0.1385503113269806, 0.0038732048124074936, -0.05954796075820923, -0.040842827409505844, -0.2669258117675781, 0.07415618002414703, 0.27717623114585876, -0.27058202028274536, -0.10859827697277069, -0.3358336389064789, -0.2921264171600342, -0.18741537630558014, -0.012808050960302353, 0.062357984483242035, -0.1279730647802353, -0.35380277037620544, -0.008842929266393185, -0.022720912471413612, 0.25143083930015564, -0.07798641920089722, -0.10303691774606705, 0.0603611059486866, 0.06874684244394302, -0.2568376958370209, -0.8135806322097778, -0.09670662879943848, 0.08830727636814117, 0.6954759955406189, 0.007807792630046606, -1.3182199001312256, 0.4133965075016022, -0.20477162301540375, 1.497713565826416, -0.5459042191505432, 0.0521920807659626, -0.06349474936723709, 0.23489579558372498, -0.009345493279397488, 0.07480831444263458, -0.23863664269447327, -0.16430620849132538, -0.11389531940221786, -0.24462640285491943, -0.157887801527977, 0.09396125376224518, 0.24117997288703918]], "pred_rotmat": [[[[0.9382339715957642, -0.1762613207101822, 0.297739714384079], [-0.08894779533147812, -0.9544659852981567, -0.28475072979927063], [0.33437296748161316, 0.240679532289505, -0.9111904501914978]], [[0.8712561130523682, -0.4659713804721832, -0.15421876311302185], [0.4284658432006836, 0.5687667727470398, 0.7020836472511292], [-0.23943637311458588, -0.6777721643447876, 0.6951943635940552]], [[0.9442088007926941, 0.27644291520118713, 0.17902237176895142], [-0.32003283500671387, 0.6417624950408936, 0.6969361901283264], [0.07777322828769684, -0.7153463363647461, 0.6944286227226257]], [[0.9974188208580017, 0.018237456679344177, -0.06944900751113892], [-0.05274347960948944, 0.8423888087272644, -0.5362828373908997], [0.04872262850403786, 0.5385615229606628, 0.8411763310432434]], [[0.9906941652297974, 0.09885886311531067, -0.09355176240205765], [-0.10860796272754669, 0.15992797911167145, -0.9811356663703918], [-0.08203241974115372, 0.9821659326553345, 0.16917657852172852]], [[0.9869229793548584, -0.007946525700390339, 0.1609964370727539], [0.15931269526481628, 0.20017360150814056, -0.9667212963104248], [-0.024545161053538322, 0.9797282218933105, 0.19882190227508545]], [[0.9968712329864502, 0.02651115506887436, -0.07446509599685669], [-0.028799254447221756, 0.999140202999115, -0.029823236167430878], [0.07361042499542236, 0.031874459236860275, 0.9967776536941528]], [[0.9876333475112915, 0.11326909065246582, 0.10839942842721939], [-0.12954777479171753, 0.9790131449699402, 0.15732339024543762], [-0.08830458670854568, -0.1694207340478897, 0.9815797805786133]], [[0.9868168234825134, -0.13153615593910217, -0.09429126977920532], [0.14344008266925812, 0.9806577563285828, 0.13317371904850006], [0.07495030760765076, -0.1449432075023651, 0.9865971207618713]], [[0.9973940253257751, 0.04069196432828903, -0.05957513675093651], [-0.040922511368989944, 0.9991587996482849, -0.0026543065905570984], [0.059417013078927994, 0.00508535373955965, 0.9982202053070068]], [[0.9593612551689148, -0.2799070477485657, 0.03575088828802109], [0.2603648602962494, 0.9269046783447266, 0.270292192697525], [-0.10879434645175934, -0.24999956786632538, 0.9621143937110901]], [[0.9387311339378357, 0.3393235206604004, -0.06036224961280823], [-0.31041988730430603, 0.9085233807563782, 0.2796868681907654], [0.14974482357501984, -0.24381308257579803, 0.9581919312477112]], [[0.9825323820114136, 0.039652518928050995, -0.18181809782981873], [0.014548317529261112, 0.9576770067214966, 0.28747689723968506], [0.18552221357822418, -0.2851004898548126, 0.9403718113899231]], [[0.9300768971443176, 0.3413466215133667, -0.1357915848493576], [-0.3492305278778076, 0.9362459182739258, -0.03849180042743683], [0.1139952689409256, 0.0832229033112526, 0.9899893403053284]], [[0.9683022499084473, -0.24866539239883423, -0.023585831746459007], [0.2488652467727661, 0.9685201644897461, 0.0059079695492982864], [0.02137424424290657, -0.011590393260121346, 0.9997044205665588]], [[0.9928820729255676, -0.05614573135972023, -0.105037622153759], [0.06416760385036469, 0.9951456189155579, 0.07461784780025482], [0.10033824294805527, -0.08082672953605652, 0.9916650056838989]], [[0.6577435731887817, 0.7095153331756592, -0.25290587544441223], [-0.726120114326477, 0.6865390539169312, 0.037599388509988785], [0.20030710101127625, 0.15890930593013763, 0.966759979724884]], [[0.7643441557884216, -0.6429538726806641, 0.04887016862630844], [0.6347644925117493, 0.7635990977287292, 0.11828137189149857], [-0.11336667835712433, -0.05938662961125374, 0.9917768239974976]], [[0.18815134465694427, -0.2982633709907532, -0.93575519323349], [0.28950735926628113, 0.9272809028625488, -0.23735125362873077], [0.9385011196136475, -0.2262500673532486, 0.26081860065460205]], [[-0.019570978358387947, 0.21638604998588562, 0.9761117100715637], [-0.4624876379966736, 0.8636070489883423, -0.2007187008857727], [-0.8864097595214844, -0.4553678631782532, 0.08317423611879349]], [[0.970548689365387, -0.23412713408470154, -0.05674311891198158], [0.23083028197288513, 0.9711991548538208, -0.05907393991947174], [0.06893967092037201, 0.04423610493540764, 0.9966397285461426]], [[0.9688910245895386, 0.2358056753873825, 0.07513915002346039], [-0.23650114238262177, 0.9716311693191528, 0.00036873252247460186], [-0.07292058318853378, -0.01812775619328022, 0.997173011302948]], [[0.9638947248458862, 0.24985657632350922, -0.09207987785339355], [-0.23129798471927643, 0.9569406509399414, 0.1754019856452942], [0.1319403052330017, -0.14777114987373352, 0.9801813960075378]], [[0.9667575359344482, -0.24486282467842102, 0.07363400608301163], [0.2301408052444458, 0.9587691426277161, 0.16672416031360626], [-0.1114225685596466, -0.14423565566539764, 0.9832502007484436]]]], "pred_betas": [[0.07565412670373917, 0.2103978544473648, 0.7664546966552734, 0.7772473096847534, 0.13382300734519958, 0.06613582372665405, -0.26323601603507996, 0.32406383752822876, 0.5319435596466064, -0.08003954589366913]], "pred_camera": [1.182174563407898, 0.03671928867697716, 0.3126067519187927]}