{"pred_joints_img": [[390.2184753417969, 151.50531005859375, -57.06089401245117], [385.2575988769531, 183.77462768554688, -18.804109573364258], [341.1335754394531, 206.83778381347656, -26.179458618164062], [301.55072021484375, 255.0693359375, -14.78283405303955], [285.8938903808594, 308.31121826171875, -45.51946258544922], [425.9422302246094, 205.5712432861328, 1.3795830011367798], [449.5799560546875, 265.5690002441406, 11.213738441467285], [477.31591796875, 260.3912353515625, -44.02155685424805], [387.06610107421875, 304.6768798828125, 6.733201503753662], [376.1335754394531, 328.76446533203125, -2.6194686889648438], [376.9786682128906, 370.47161865234375, -88.42799377441406], [356.4710388183594, 463.34765625, -58.75688934326172], [406.61639404296875, 325.20166015625, 10.28214168548584], [476.9137268066406, 351.3690490722656, -44.95923614501953], [476.69976806640625, 442.94427490234375, -6.0140557289123535], [382.45684814453125, 143.0218505859375, -46.95036315917969], [399.08203125, 143.9547119140625, -47.388187408447266], [372.12213134765625, 150.82070922851562, -24.389680862426758], [409.12994384765625, 152.8809814453125, -25.08747100830078], [509.833251953125, 455.98388671875, -40.5894660949707], [513.700439453125, 454.2567138671875, -20.338638305664062], [469.712158203125, 450.29052734375, 8.425552368164062], [369.8332824707031, 479.2261047363281, -103.94701385498047], [349.09820556640625, 477.9639892578125, -96.97758483886719], [350.14337158203125, 472.7989501953125, -44.23684310913086], [356.4710388183594, 463.34765625, -58.75688934326172], [376.9786682128906, 370.47161865234375, -88.42799377441406], [353.2208557128906, 303.0976257324219, -0.6712084412574768], [415.49810791015625, 294.6246337890625, 23.693727493286133], [476.9137268066406, 351.3690490722656, -44.95923614501953], [476.69976806640625, 442.94427490234375, -6.0140557289123535], [285.8938903808594, 308.31121826171875, -45.51946258544922], [301.55072021484375, 255.0693359375, -14.78283405303955], [341.1335754394531, 206.83778381347656, -26.179458618164062], [425.9422302246094, 205.5712432861328, 1.3795830011367798], [449.5799560546875, 265.5690002441406, 11.213738441467285], [477.31591796875, 260.3912353515625, -44.02155685424805], [386.1513366699219, 184.50119018554688, -20.179256439208984], [393.125244140625, 118.09637451171875, -23.074504852294922], [382.8255310058594, 300.7843322753906, 15.917098999023438], [384.1547546386719, 199.27597045898438, -13.67060375213623], [378.06011962890625, 239.909912109375, 6.247618675231934], [391.737060546875, 162.91477966308594, -39.749149322509766], [391.5911560058594, 133.8855743408203, -22.4688720703125], [390.2184753417969, 151.50531005859375, -57.06089401245117], [399.08203125, 143.9547119140625, -47.388187408447266], [382.45684814453125, 143.0218505859375, -46.95036315917969], [409.12994384765625, 152.8809814453125, -25.08747100830078], [372.12213134765625, 150.82070922851562, -24.389680862426758]], "pred_body_pose": [[2.850130081176758, -0.24293223023414612, 0.5285195112228394, -0.8788226842880249, 0.022559834644198418, 0.40985897183418274, -0.8336699604988098, 0.059179507195949554, -0.3502659499645233, 0.6273940801620483, -0.05788259208202362, 0.015722062438726425, 1.4230339527130127, 0.003054089844226837, -0.15351934731006622, 1.336938738822937, 0.12259210646152496, 0.1053222045302391, 0.051515135914087296, -0.006836398039013147, -0.055575355887413025, -0.16938082873821259, 0.10262357443571091, -0.1140274852514267, -0.14734746515750885, -0.09880529344081879, 0.1156834289431572, -0.009990192949771881, -0.019590342417359352, -0.04022733122110367, -0.23310542106628418, 0.060890860855579376, 0.2494523674249649, -0.23396766185760498, -0.05208509787917137, -0.3313084840774536, -0.30326518416404724, -0.25277671217918396, -0.09990469366312027, 0.0028096293099224567, -0.18676964938640594, -0.3060309886932373, 0.03953621909022331, 0.11118325591087341, 0.25299644470214844, -0.13744159042835236, -0.1282173991203308, 0.0590292327105999, -0.09660422801971436, -0.3691973388195038, -0.7535826563835144, 0.06606454402208328, 0.020851872861385345, 0.6919794082641602, -0.2976706326007843, -1.4407988786697388, 0.46761998534202576, -0.033370889723300934, 0.7172920107841492, -0.06951076537370682, -0.050446804612874985, -0.07890815287828445, 0.3008229732513428, 0.061095885932445526, 0.06189604103565216, -0.21370428800582886, -0.15656371414661407, -0.10601486265659332, -0.24914593994617462, -0.21259218454360962, 0.08973891288042068, 0.24224786460399628]], "pred_rotmat": [[[[0.9211049675941467, -0.20334991812705994, 0.3319856524467468], [-0.11954763531684875, -0.9592835307121277, -0.25589749217033386], [0.37050509452819824, 0.19602033495903015, -0.9079108238220215]], [[0.9221547245979309, -0.35770776867866516, -0.14722713828086853], [0.3393881320953369, 0.5655675530433655, 0.751630961894989], [-0.18559733033180237, -0.7430871725082397, 0.6429425477981567]], [[0.9411070346832275, 0.2812313735485077, 0.1876872032880783], [-0.3272823989391327, 0.6183778643608093, 0.7144893407821655], [0.0848751962184906, -0.7338376641273499, 0.6740018129348755]], [[0.998259961605072, -0.03226613253355026, -0.049355097115039825], [-0.0028627642896026373, 0.8094979524612427, -0.5871156454086304], [0.058896806091070175, 0.5862353444099426, 0.8079970479011536]], [[0.9900912046432495, 0.1080436110496521, -0.08969870209693909], [-0.10439062863588333, 0.1390540599822998, -0.9847671985626221], [-0.09392483532428741, 0.984373152256012, 0.14895494282245636]], [[0.9887975454330444, -0.005963925272226334, 0.14914391934871674], [0.14654237031936646, 0.2286975383758545, -0.9624046683311462], [-0.02836914360523224, 0.9734792709350586, 0.22700953483581543]], [[0.9984330534934998, 0.055345743894577026, -0.008260599337518215], [-0.05569775775074959, 0.9971302151679993, -0.05127556622028351], [0.00539900828152895, 0.05165531858801842, 0.9986503720283508]], [[0.9882842302322388, 0.10438411682844162, 0.1113477572798729], [-0.12169106304645538, 0.9792444705963135, 0.16208486258983612], [-0.09211760014295578, -0.17373593151569366, 0.9804744720458984]], [[0.9884706735610962, -0.10756835341453552, -0.10655930638313293], [0.12207268178462982, 0.9825184941291809, 0.14055462181568146], [0.08957727253437042, -0.15194210410118103, 0.9843218922615051]], [[0.9989991188049316, 0.04031107947230339, -0.019382579252123833], [-0.04011540114879608, 0.9991411566734314, 0.010380658321082592], [0.019784387201070786, -0.00959272962063551, 0.999758243560791]], [[0.9673619270324707, -0.25150811672210693, 0.030893491581082344], [0.2374558299779892, 0.9422995448112488, 0.2359796017408371], [-0.08846171200275421, -0.22094188630580902, 0.9712667465209961]], [[0.9445403218269348, 0.3281605839729309, -0.012424936518073082], [-0.3161431849002838, 0.9188867807388306, 0.23600991070270538], [0.08886624127626419, -0.21899278461933136, 0.9716713428497314]], [[0.963569164276123, 0.13496838510036469, -0.23090678453445435], [-0.05936364457011223, 0.9497252702713013, 0.307405024766922], [0.2607879638671875, -0.2824985682964325, 0.9231382012367249]], [[0.9364165663719177, 0.2992568910121918, -0.18321917951107025], [-0.2997760474681854, 0.9536680579185486, 0.025523994117975235], [0.18236853182315826, 0.03102363459765911, 0.9827406406402588]], [[0.9620628952980042, -0.2475394457578659, 0.11471360176801682], [0.25190675258636475, 0.9674271941184998, -0.025051312521100044], [-0.10477587580680847, 0.05299806967377663, 0.9930826425552368]], [[0.990070104598999, -0.04986537620425224, -0.13143299520015717], [0.06743084639310837, 0.9888488054275513, 0.13278213143348694], [0.12334614247083664, -0.14032626152038574, 0.9823921322822571]], [[0.6683474183082581, 0.6839067935943604, -0.2925459146499634], [-0.6503117680549622, 0.7281482219696045, 0.21655194461345673], [0.3611181974411011, 0.04551411047577858, 0.9314086437225342]], [[0.7698684930801392, -0.636873722076416, 0.04116241633892059], [0.6381967067718506, 0.7679815292358398, -0.05393824353814125], [0.002739875577390194, 0.06779506802558899, 0.9976955056190491]], [[0.06321386992931366, -0.1277032047510147, -0.9897958040237427], [0.4778970181941986, 0.8745507001876831, -0.08231312781572342], [0.8761382699012756, -0.46781718730926514, 0.11631271243095398]], [[0.7513987421989441, 0.0521780401468277, 0.6577821969985962], [-0.07509440928697586, 0.9971540570259094, 0.006683514919131994], [-0.6555613875389099, -0.054417744278907776, 0.753178596496582]], [[0.9520382285118103, -0.29389679431915283, -0.0851343646645546], [0.29784461855888367, 0.9538638591766357, 0.03784549981355667], [0.07008392363786697, -0.06138717755675316, 0.9956504106521606]], [[0.9753592014312744, 0.2136957347393036, 0.05484902858734131], [-0.209930881857872, 0.9754083156585693, -0.06713970750570297], [-0.06784766167402267, 0.053970832377672195, 0.9962348341941833]], [[0.9636414051055908, 0.25333526730537415, -0.08494968712329865], [-0.23687204718589783, 0.957058846950531, 0.16712281107902527], [0.12363994121551514, -0.14092426002025604, 0.9822695851325989]], [[0.9669415354728699, -0.24720408022403717, 0.06256341934204102], [0.22830359637737274, 0.9485428929328918, 0.21941682696342468], [-0.11358483880758286, -0.19787979125976562, 0.9736230969429016]]]], "pred_betas": [[0.16722768545150757, 0.1774975210428238, 0.49648043513298035, 0.6442095637321472, 0.13256017863750458, 0.028700780123472214, -0.4187331795692444, 0.3570365607738495, 0.5606966614723206, 0.06623895466327667]], "pred_camera": [1.2051479816436768, 0.020169956609606743, 0.31609979271888733]}