{"pred_joints_img": [[389.3988037109375, 150.0104522705078, -52.6603889465332], [384.0286865234375, 184.26748657226562, -18.022764205932617], [342.5877685546875, 208.8094482421875, -28.61322593688965], [310.2459716796875, 260.11627197265625, -19.092018127441406], [304.04473876953125, 312.53582763671875, -50.53929901123047], [422.095703125, 202.77809143066406, 6.645785331726074], [439.9859313964844, 257.59759521484375, 32.34242248535156], [470.1559753417969, 275.7691345214844, -16.376981735229492], [386.8543395996094, 302.9065246582031, 6.664191722869873], [377.01348876953125, 326.5700988769531, -2.8276076316833496], [385.9607849121094, 367.4419250488281, -85.10884857177734], [357.1299133300781, 453.59368896484375, -52.90678787231445], [405.4801025390625, 322.7975158691406, 12.249707221984863], [477.692626953125, 344.0002136230469, -37.24702453613281], [475.3130798339844, 432.5189208984375, 0.4967627227306366], [381.1893310546875, 142.9814453125, -42.38238525390625], [397.3971862792969, 143.2108612060547, -42.28885269165039], [370.6683654785156, 152.89324951171875, -21.66228675842285], [406.8652038574219, 153.49038696289062, -21.049007415771484], [509.86932373046875, 446.071533203125, -29.949663162231445], [511.99383544921875, 444.1433410644531, -10.01688289642334], [467.1854248046875, 439.29498291015625, 14.058889389038086], [374.1781005859375, 473.8724670410156, -93.09351348876953], [353.43408203125, 471.08013916015625, -88.92890930175781], [348.9676818847656, 460.9989929199219, -38.82331848144531], [357.1299133300781, 453.59368896484375, -52.90678787231445], [385.9607849121094, 367.4419250488281, -85.10884857177734], [354.50225830078125, 301.6257629394531, -3.481318950653076], [412.98602294921875, 292.8354797363281, 25.62737274169922], [477.692626953125, 344.0002136230469, -37.24702453613281], [475.3130798339844, 432.5189208984375, 0.4967627227306366], [304.04473876953125, 312.53582763671875, -50.53929901123047], [310.2459716796875, 260.11627197265625, -19.092018127441406], [342.5877685546875, 208.8094482421875, -28.61322593688965], [422.095703125, 202.77809143066406, 6.645785331726074], [439.9859313964844, 257.59759521484375, 32.34242248535156], [470.1559753417969, 275.7691345214844, -16.376981735229492], [384.9247131347656, 184.5660400390625, -19.048158645629883], [389.75518798828125, 120.58464050292969, -16.698104858398438], [381.8963317871094, 298.98797607421875, 15.231524467468262], [382.85589599609375, 199.07815551757812, -12.483997344970703], [378.0030517578125, 239.75975036621094, 4.863140106201172], [390.795654296875, 162.52711486816406, -36.788818359375], [388.80865478515625, 135.9022674560547, -17.511140823364258], [389.3988037109375, 150.0104522705078, -52.6603889465332], [397.3971862792969, 143.2108612060547, -42.28885269165039], [381.1893310546875, 142.9814453125, -42.38238525390625], [406.8652038574219, 153.49038696289062, -21.049007415771484], [370.6683654785156, 152.89324951171875, -21.66228675842285]], "pred_body_pose": [[2.8550710678100586, -0.26462727785110474, 0.6588939428329468, -0.9478946328163147, 0.007996135391294956, 0.41562896966934204, -0.8482999205589294, 0.0860234871506691, -0.3577364683151245, 0.6092604398727417, -0.04318642243742943, 0.01625354029238224, 1.463866949081421, 0.0042423889972269535, -0.17027662694454193, 1.410771369934082, 0.1559493988752365, 0.09710472822189331, -0.00047506115515716374, -0.012966061942279339, -0.0330425389111042, -0.1289580762386322, 0.10633591562509537, -0.11765266954898834, -0.11598191410303116, -0.09071458876132965, 0.13717515766620636, 0.002814785810187459, -0.0076508475467562675, -0.030302176252007484, -0.2832607626914978, 0.07538782060146332, 0.2530553638935089, -0.2733559012413025, -0.059058237820863724, -0.33972570300102234, -0.3271499276161194, -0.2592899203300476, -0.10650871694087982, 0.04479505494236946, -0.08609174937009811, -0.29864081740379333, 0.0433487631380558, 0.0793609470129013, 0.26835721731185913, -0.17968501150608063, -0.17992360889911652, 0.04128626734018326, 0.048921674489974976, -0.25460371375083923, -0.8404302597045898, 0.06546333432197571, 0.0701904445886612, 0.7659816145896912, -0.015932757407426834, -1.308608889579773, 0.4281542897224426, 0.03177127614617348, 0.7326487302780151, -0.11646450310945511, 0.03702922910451889, -0.06701409816741943, 0.21699559688568115, 0.08146525174379349, 0.05268498510122299, -0.1487181931734085, -0.1651649922132492, -0.10345064848661423, -0.22967836260795593, -0.18305452167987823, 0.08930271863937378, 0.2107972800731659]], "pred_rotmat": [[[[0.8846604824066162, -0.2172391265630722, 0.41253238916397095], [-0.12844830751419067, -0.9641351103782654, -0.2322598397731781], [0.448192834854126, 0.1524820178747177, -0.8808362483978271]], [[0.9210379719734192, -0.34875592589378357, -0.17337320744991302], [0.3418293595314026, 0.5105175375938416, 0.7890021800994873], [-0.18665912747383118, -0.7859651446342468, 0.5894210338592529]], [[0.9369996190071106, 0.27493494749069214, 0.21550530195236206], [-0.3428553342819214, 0.6055532693862915, 0.7181612253189087], [0.06694768369197845, -0.746803879737854, 0.6616660952568054]], [[0.9989681243896484, -0.0280125942081213, -0.03574983775615692], [0.0025092759169638157, 0.8199755549430847, -0.572393000125885], [0.04534820467233658, 0.5717126131057739, 0.8191997408866882]], [[0.9879365563392639, 0.11757879704236984, -0.10077991336584091], [-0.11241423338651657, 0.09690864384174347, -0.9889245629310608], [-0.10651011765003204, 0.9883238077163696, 0.10895711928606033]], [[0.9857861995697021, 0.02515036053955555, 0.1661112904548645], [0.16016508638858795, 0.15781551599502563, -0.974392831325531], [-0.05072126165032387, 0.9871482849121094, 0.15154415369033813]], [[0.9993700981140137, 0.033038683235645294, -0.012955492362380028], [-0.03303252160549164, 0.9994540214538574, 0.0006891547818668187], [0.012971187941730022, -0.00026076805079355836, 0.9999158382415771]], [[0.987468957901001, 0.11000250279903412, 0.113156758248806], [-0.12366772443056107, 0.98481684923172, 0.1218283623456955], [-0.0980372428894043, -0.13429556787014008, 0.9860798120498657]], [[0.9865225553512573, -0.13100826740264893, -0.09803164005279541], [0.141494020819664, 0.9839199781417847, 0.10899975150823593], [0.08217542618513107, -0.1214015930891037, 0.9891961216926575]], [[0.9995116591453552, 0.030286433175206184, -0.007692234590649605], [-0.030307969078421593, 0.99953693151474, -0.0026984144933521748], [0.007606947794556618, 0.0029302327893674374, 0.9999667406082153]], [[0.965573251247406, -0.2573224604129791, 0.038123056292533875], [0.23623360693454742, 0.9287601113319397, 0.2856541872024536], [-0.10891242325305939, -0.26681411266326904, 0.9575741291046143]], [[0.9415023922920227, 0.3368107080459595, -0.011482127010822296], [-0.32092559337615967, 0.9064556360244751, 0.2744905352592468], [0.10285938531160355, -0.2547485828399658, 0.961521327495575]], [[0.9613162279129028, 0.14500580728054047, -0.23418885469436646], [-0.06148306280374527, 0.9417241811752319, 0.3307195007801056], [0.2684975564479828, -0.3035273849964142, 0.9142101407051086]], [[0.9520965218544006, 0.2918446362018585, -0.09131790697574615], [-0.2956694960594177, 0.9547770023345947, -0.03131254017353058], [0.07804983854293823, 0.056812480092048645, 0.9953294396400452]], [[0.961104154586792, -0.2630762457847595, 0.0840822160243988], [0.2664934992790222, 0.9632989168167114, -0.03219413757324219], [-0.07252679020166397, 0.05334927886724472, 0.9959387183189392]], [[0.9830555319786072, -0.02475554123520851, -0.18162892758846283], [0.05690671503543854, 0.9830981492996216, 0.17401045560836792], [0.17425134778022766, -0.18139784038066864, 0.9678488373756409]], [[0.6386494040489197, 0.7303571105003357, -0.24229195713996887], [-0.7420302629470825, 0.6679033041000366, 0.057413071393966675], [0.20375964045524597, 0.143121138215065, 0.9685031175613403]], [[0.7185752391815186, -0.6899512410163879, 0.08727492392063141], [0.694322407245636, 0.718880295753479, -0.03357880562543869], [-0.03957248106598854, 0.08472583442926407, 0.9956181645393372]], [[0.19272984564304352, -0.2962396740913391, -0.9354662895202637], [0.31399643421173096, 0.9218310713768005, -0.2272304743528366], [0.9296566247940063, -0.2499389797449112, 0.27068257331848145]], [[0.7372437119483948, 0.11716719716787338, 0.6653898358345032], [-0.09494002908468246, 0.9930419921875, -0.06967044621706009], [-0.6689231395721436, -0.011808034963905811, 0.7432377934455872]], [[0.9743245840072632, -0.2163209766149521, -0.06242437660694122], [0.21385042369365692, 0.9758776426315308, -0.0439421683549881], [0.0704241618514061, 0.02946445532143116, 0.9970819354057312]], [[0.9875863194465637, 0.15007828176021576, 0.04636678472161293], [-0.14579755067825317, 0.9856608510017395, -0.08494515717029572], [-0.05845034867525101, 0.0771305039525032, 0.9953061938285828]], [[0.9685120582580566, 0.23469962179660797, -0.08306888490915298], [-0.21774202585220337, 0.9602858424186707, 0.1744692474603653], [0.12071774154901505, -0.15088798105716705, 0.9811524152755737]], [[0.9739818572998047, -0.21590690314769745, 0.06887345016002655], [0.19967633485794067, 0.9613060355186462, 0.18978962302207947], [-0.10718534886837006, -0.1710992455482483, 0.9794061183929443]]]], "pred_betas": [[0.1457165628671646, 0.07659446448087692, 0.5380378365516663, 0.7455111742019653, 0.12065741419792175, 0.04102127626538277, -0.3252304792404175, 0.2996368408203125, 0.5699344873428345, 0.05139566957950592]], "pred_camera": [1.1863734722137451, -0.017551379278302193, 0.3124440610408783]}