{"pred_joints_img": [[387.99993896484375, 151.8319549560547, -53.87126159667969], [384.7514953613281, 184.10231018066406, -16.162574768066406], [341.802978515625, 208.3619384765625, -25.180253982543945], [306.34820556640625, 258.97412109375, -14.897783279418945], [296.46533203125, 311.9153747558594, -46.97660827636719], [424.5224609375, 203.99798583984375, 6.224978923797607], [448.0331726074219, 261.2071533203125, 24.198698043823242], [481.7557678222656, 262.67822265625, -26.985952377319336], [387.6504211425781, 304.612548828125, 6.7635579109191895], [377.1851501464844, 328.4178771972656, -3.1862294673919678], [380.9261169433594, 370.900634765625, -87.21514892578125], [355.1820068359375, 458.311767578125, -50.061065673828125], [407.05523681640625, 324.9142150878906, 10.580199241638184], [478.31866455078125, 351.95172119140625, -40.90569305419922], [470.69500732421875, 439.6019287109375, 2.893784761428833], [380.2254638671875, 143.82174682617188, -43.604618072509766], [396.6815490722656, 144.06858825683594, -44.46100616455078], [370.84490966796875, 152.0970001220703, -21.12692642211914], [407.5567626953125, 152.6580047607422, -22.627275466918945], [504.9781494140625, 455.70361328125, -28.369853973388672], [507.51995849609375, 452.9487609863281, -8.24288558959961], [462.7183837890625, 445.3938903808594, 17.233448028564453], [369.5330810546875, 478.59783935546875, -92.3684310913086], [348.7828369140625, 475.94989013671875, -86.67630004882812], [347.9011535644531, 465.88421630859375, -35.17852783203125], [355.1820068359375, 458.311767578125, -50.061065673828125], [380.9261169433594, 370.900634765625, -87.21514892578125], [354.2873840332031, 303.0872802734375, -1.7016326189041138], [415.3975830078125, 294.76025390625, 24.459270477294922], [478.31866455078125, 351.95172119140625, -40.90569305419922], [470.69500732421875, 439.6019287109375, 2.893784761428833], [296.46533203125, 311.9153747558594, -46.97660827636719], [306.34820556640625, 258.97412109375, -14.897783279418945], [341.802978515625, 208.3619384765625, -25.180253982543945], [424.5224609375, 203.99798583984375, 6.224978923797607], [448.0331726074219, 261.2071533203125, 24.198698043823242], [481.7557678222656, 262.67822265625, -26.985952377319336], [385.5108642578125, 184.6876220703125, -17.555273056030273], [390.3147888183594, 118.85084533691406, -19.998363494873047], [383.205078125, 300.8870849609375, 15.721549034118652], [383.69708251953125, 199.36798095703125, -10.882522583007812], [378.57391357421875, 240.5272216796875, 7.192564487457275], [390.3616638183594, 163.14321899414062, -36.91372299194336], [389.4166564941406, 134.5345458984375, -19.508134841918945], [387.99993896484375, 151.8319549560547, -53.87126159667969], [396.6815490722656, 144.06858825683594, -44.46100616455078], [380.2254638671875, 143.82174682617188, -43.604618072509766], [407.5567626953125, 152.6580047607422, -22.627275466918945], [370.84490966796875, 152.0970001220703, -21.12692642211914]], "pred_body_pose": [[2.8310835361480713, -0.2500112056732178, 0.570647656917572, -0.8514072895050049, 0.024460919201374054, 0.4109238386154175, -0.8046621084213257, 0.06906309723854065, -0.34694814682006836, 0.6211245656013489, -0.048005636781454086, 0.010764708742499352, 1.4953007698059082, 0.0029465786647051573, -0.15966761112213135, 1.425376296043396, 0.1418999433517456, 0.09995302557945251, 0.036860667169094086, -0.004701403435319662, -0.03947761282324791, -0.1735628992319107, 0.09489777684211731, -0.08006598055362701, -0.14824065566062927, -0.09125830978155136, 0.10752350836992264, -0.003942401148378849, -0.011656448245048523, -0.031856413930654526, -0.24595174193382263, 0.09169778227806091, 0.2043236345052719, -0.24367576837539673, -0.049444861710071564, -0.3007127046585083, -0.2854611873626709, -0.27135488390922546, -0.07740555703639984, 0.019300980493426323, -0.11852698773145676, -0.2951388359069824, 0.04422755166888237, 0.09752805531024933, 0.2701658606529236, -0.14221346378326416, -0.1652788668870926, 0.05521779507398605, -0.06147299334406853, -0.293915718793869, -0.7814997434616089, 0.06619545072317123, 0.04751347005367279, 0.7269263863563538, -0.2252354919910431, -1.39060640335083, 0.4772990643978119, 0.005164850037544966, 0.7361358404159546, -0.0949975848197937, -0.022774625569581985, -0.06906429678201675, 0.28336742520332336, 0.06943121552467346, 0.058321718126535416, -0.19884349405765533, -0.14836539328098297, -0.10412381589412689, -0.23375803232192993, -0.18458466231822968, 0.08688082545995712, 0.22026924788951874]], "pred_rotmat": [[[[0.9089740514755249, -0.21331289410591125, 0.35813912749290466], [-0.11866854131221771, -0.9560174942016602, -0.268231600522995], [0.39960458874702454, 0.2013157308101654, -0.8943086266517639]], [[0.9214010834693909, -0.36201339960098267, -0.14130236208438873], [0.3426937758922577, 0.5854517817497253, 0.7347157597541809], [-0.18325121700763702, -0.7253913879394531, 0.663495659828186]], [[0.9413549900054932, 0.2779232859611511, 0.1913360059261322], [-0.3300085961818695, 0.640164315700531, 0.6937463879585266], [0.07032179087400436, -0.7162041068077087, 0.6943389177322388]], [[0.9988284707069397, -0.02451421692967415, -0.04172292724251747], [-0.004351020324975252, 0.8132063746452332, -0.5819591283798218], [0.048195622861385345, 0.5814588665962219, 0.8121470212936401]], [[0.989477813243866, 0.10775553435087204, -0.09655296802520752], [-0.10411971807479858, 0.06694553047418594, -0.9923090934753418], [-0.10046301037073135, 0.9919208288192749, 0.07746059447526932]], [[0.987353503704071, 0.015928151085972786, 0.15773163735866547], [0.15388299524784088, 0.14293475449085236, -0.9776960611343384], [-0.038118213415145874, 0.9896039366722107, 0.13867606222629547]], [[0.9992099404335022, 0.03937165439128876, -0.005426508374512196], [-0.03954490274190903, 0.9985417723655701, -0.036749836057424545], [0.003971693571656942, 0.036935389041900635, 0.9993098378181458]], [[0.9923211932182312, 0.07125552743673325, 0.10110106319189072], [-0.08766381442546844, 0.9818019270896912, 0.16846393048763275], [-0.08725723624229431, -0.17603321373462677, 0.9805094003677368]], [[0.9900899529457092, -0.10003431886434555, -0.09856479614973068], [0.11351536214351654, 0.9832900762557983, 0.14231935143470764], [0.08268097788095474, -0.15209758281707764, 0.9849010705947876]], [[0.9994247555732727, 0.0318731926381588, -0.011591391637921333], [-0.03182724118232727, 0.9994848370552063, 0.004127283114939928], [0.01171697024255991, -0.0037559864576905966, 0.9999243021011353]], [[0.9751520752906799, -0.2117493897676468, 0.06512002646923065], [0.18940338492393494, 0.9493494629859924, 0.2507230043411255], [-0.11491210013628006, -0.2321591079235077, 0.9658661484718323]], [[0.9541497230529785, 0.29908812046051025, -0.012024001218378544], [-0.2871917486190796, 0.9260424971580505, 0.2448798567056656], [0.08437541127204895, -0.23019886016845703, 0.9694788455963135]], [[0.960719108581543, 0.11355715990066528, -0.25322628021240234], [-0.037130288779735565, 0.9568442106246948, 0.2882194221019745], [0.2750275135040283, -0.2674955427646637, 0.923474907875061]], [[0.9498487114906311, 0.28903576731681824, -0.119355708360672], [-0.29130417108535767, 0.9566290378570557, -0.0016325629549100995], [0.1137072741985321, 0.03631950169801712, 0.9928501844406128]], [[0.9590388536453247, -0.26423734426498413, 0.10209345817565918], [0.2685205042362213, 0.9627901315689087, -0.030525708571076393], [-0.09022855013608932, 0.05668952688574791, 0.9943062663078308]], [[0.9848808646202087, -0.043050408363342285, -0.16779862344264984], [0.06645636260509491, 0.9884121417999268, 0.1364734172821045], [0.1599789559841156, -0.1455613374710083, 0.9763292074203491]], [[0.6713253855705261, 0.7018715739250183, -0.23811455070972443], [-0.6848346590995789, 0.7102722525596619, 0.16283352673053741], [0.28341439366340637, 0.05375482514500618, 0.9574897885322571]], [[0.7462822794914246, -0.662310004234314, 0.06639407575130463], [0.6653174757957458, 0.7452666759490967, -0.04393529146909714], [-0.020382501184940338, 0.07696126401424408, 0.9968256950378418]], [[0.10432944446802139, -0.1899995058774948, -0.9762250781059265], [0.4495631754398346, 0.8845832347869873, -0.12411859631538391], [0.887134850025177, -0.4259256422519684, 0.177704855799675]], [[0.7369567155838013, 0.08832696080207825, 0.6701440811157227], [-0.08469633013010025, 0.9956784248352051, -0.03809288889169693], [-0.6706125736236572, -0.02868591994047165, 0.7412528991699219]], [[0.957768976688385, -0.2785618007183075, -0.07128719240427017], [0.2801235318183899, 0.9598795175552368, 0.012735454365611076], [0.06487949937582016, -0.03216684237122536, 0.9973745346069336]], [[0.9786152243614197, 0.19928106665611267, 0.05098302662372589], [-0.1952477991580963, 0.9779084324836731, -0.07465524971485138], [-0.06473410874605179, 0.06310444325208664, 0.9959052801132202]], [[0.9674956798553467, 0.23803210258483887, -0.08539729565382004], [-0.22269600629806519, 0.9619511365890503, 0.15829263627529144], [0.11982674151659012, -0.1341298222541809, 0.9836923480033875]], [[0.9721765518188477, -0.22493338584899902, 0.06540455669164658], [0.2090166062116623, 0.9590142369270325, 0.19132103025913239], [-0.10575839132070541, -0.1723271757364273, 0.979345977306366]]]], "pred_betas": [[0.1648218184709549, 0.11218835413455963, 0.5305927395820618, 0.6680614352226257, 0.12899743020534515, 0.02205803245306015, -0.327410489320755, 0.2911176383495331, 0.5721680521965027, 0.04112754762172699]], "pred_camera": [1.1811928749084473, 0.013153797015547752, 0.3011080026626587]}