{"pred_joints_img": [[390.1210021972656, 149.56285095214844, -52.10970687866211], [384.06146240234375, 183.53482055664062, -16.916175842285156], [342.6109924316406, 208.4643096923828, -28.103038787841797], [310.173583984375, 260.128662109375, -19.489086151123047], [303.7828674316406, 311.8756408691406, -52.39775848388672], [422.2019958496094, 202.1392059326172, 8.118025779724121], [441.3509521484375, 256.4871520996094, 34.4545783996582], [474.5270690917969, 278.5201416015625, -10.859436988830566], [387.6946716308594, 303.1735534667969, 6.697571754455566], [378.1699523925781, 327.0242614746094, -3.2157533168792725], [386.3648986816406, 367.1710205078125, -86.36744689941406], [362.0567321777344, 455.5304870605469, -55.37725067138672], [406.7021484375, 323.0174560546875, 12.184942245483398], [480.6534423828125, 344.177734375, -35.39128494262695], [476.20123291015625, 433.4559631347656, 1.2568986415863037], [381.5430603027344, 142.3385467529297, -42.17099380493164], [397.83538818359375, 142.49923706054688, -41.61141586303711], [370.37249755859375, 151.95843505859375, -21.429576873779297], [406.7850341796875, 152.32513427734375, -19.763158798217773], [512.2196655273438, 446.21917724609375, -28.307506561279297], [513.6060180664062, 444.57391357421875, -8.176361083984375], [467.65289306640625, 440.4970703125, 14.493717193603516], [378.469970703125, 473.94793701171875, -96.97594451904297], [357.6875915527344, 472.1392822265625, -92.0333480834961], [354.6557312011719, 463.6900634765625, -41.209068298339844], [362.0567321777344, 455.5304870605469, -55.37725067138672], [386.3648986816406, 367.1710205078125, -86.36744689941406], [355.1673583984375, 302.20269775390625, -3.6161270141601562], [413.7055969238281, 292.8887634277344, 26.077333450317383], [480.6534423828125, 344.177734375, -35.39128494262695], [476.20123291015625, 433.4559631347656, 1.2568986415863037], [303.7828674316406, 311.8756408691406, -52.39775848388672], [310.173583984375, 260.128662109375, -19.489086151123047], [342.6109924316406, 208.4643096923828, -28.103038787841797], [422.2019958496094, 202.1392059326172, 8.118025779724121], [441.3509521484375, 256.4871520996094, 34.4545783996582], [474.5270690917969, 278.5201416015625, -10.859436988830566], [384.98101806640625, 183.9049530029297, -18.008237838745117], [389.2760314941406, 119.21603393554688, -16.55344009399414], [382.59063720703125, 299.3944091796875, 15.361503601074219], [382.91925048828125, 198.49490356445312, -11.452877044677734], [378.1719970703125, 239.65481567382812, 5.509360313415527], [391.101806640625, 161.828125, -35.89378356933594], [388.4419250488281, 134.67251586914062, -17.098392486572266], [390.1210021972656, 149.56285095214844, -52.10970687866211], [397.83538818359375, 142.49923706054688, -41.61141586303711], [381.5430603027344, 142.3385467529297, -42.17099380493164], [406.7850341796875, 152.32513427734375, -19.763158798217773], [370.37249755859375, 151.95843505859375, -21.429576873779297]], "pred_body_pose": [[2.836988687515259, -0.28015556931495667, 0.6636898517608643, -0.9266363382339478, 0.03137480840086937, 0.4214843213558197, -0.8448119163513184, 0.06511539220809937, -0.370008260011673, 0.6132349371910095, -0.04173017293214798, 0.011450286954641342, 1.4650629758834839, 0.015140064992010593, -0.1719050109386444, 1.389725923538208, 0.12951311469078064, 0.10633574426174164, 0.002599203260615468, -0.011665580794215202, -0.03263800963759422, -0.14600834250450134, 0.1070534959435463, -0.10145077109336853, -0.12175662815570831, -0.09583378583192825, 0.1311662644147873, 0.0025715879164636135, -0.007027399726212025, -0.03202887624502182, -0.268254816532135, 0.07565497606992722, 0.23369014263153076, -0.26551058888435364, -0.05731680989265442, -0.325990229845047, -0.31232601404190063, -0.24613067507743835, -0.0993151068687439, 0.047360021620988846, -0.08454083651304245, -0.2980992794036865, 0.044105928391218185, 0.0737643763422966, 0.27188894152641296, -0.1675591766834259, -0.17213058471679688, 0.03670114651322365, 0.036559704691171646, -0.2374219447374344, -0.819480299949646, 0.05185237154364586, 0.06670387089252472, 0.7571240067481995, -0.0199668537825346, -1.2227457761764526, 0.39150089025497437, 0.02052522823214531, 0.7361598014831543, -0.11900053918361664, 0.055286917835474014, -0.06329082697629929, 0.21127459406852722, 0.0796007588505745, 0.05315732583403587, -0.14612729847431183, -0.1695219725370407, -0.10515280067920685, -0.23144805431365967, -0.18379522860050201, 0.08971332758665085, 0.21290048956871033]], "pred_rotmat": [[[[0.8802398443222046, -0.231690913438797, 0.4141220152378082], [-0.1351313441991806, -0.9589564800262451, -0.2492828220129013], [0.45488157868385315, 0.16346782445907593, -0.8754203915596008]], [[0.918141782283783, -0.36562731862068176, -0.15274888277053833], [0.33898207545280457, 0.5251171588897705, 0.7806042432785034], [-0.2051991969347, -0.7684845924377441, 0.6060731410980225]], [[0.9343132376670837, 0.29389840364456177, 0.20169876515865326], [-0.3450998067855835, 0.6041409373283386, 0.7182756066322327], [0.08924554288387299, -0.7407006621360779, 0.6658811569213867]], [[0.9990928769111633, -0.02313982881605625, -0.03574921563267708], [-0.0016547099221497774, 0.8177556395530701, -0.5755631923675537], [0.04255255311727524, 0.5751001834869385, 0.8169755339622498]], [[0.9876216053962708, 0.12521816790103912, -0.09446674585342407], [-0.10677880793809891, 0.09555452316999435, -0.9896805882453918], [-0.11489924788475037, 0.9875169992446899, 0.10774236172437668]], [[0.9881075024604797, 0.0013687622267752886, 0.1537584662437439], [0.15108349919319153, 0.17727532982826233, -0.9724953770637512], [-0.02858869358897209, 0.9841603636741638, 0.17496028542518616]], [[0.9993993639945984, 0.032616276293992996, -0.011705641634762287], [-0.03264659643173218, 0.9994640350341797, -0.0024083282332867384], [0.011620817705988884, 0.002789031248539686, 0.9999285340309143]], [[0.9891626834869385, 0.09293674677610397, 0.11366644501686096], [-0.10851140320301056, 0.9842512607574463, 0.13955160975456238], [-0.09890688210725784, -0.15037333965301514, 0.9836693406105042]], [[0.986850917339325, -0.12445299327373505, -0.10313467681407928], [0.13608136773109436, 0.9840402603149414, 0.11465850472450256], [0.08721908181905746, -0.12718555331230164, 0.9880367517471313]], [[0.9994624257087708, 0.032014068216085434, -0.007067311555147171], [-0.03203213959932327, 0.9994838237762451, -0.002458594273775816], [0.00698495376855135, 0.0026836537290364504, 0.9999719858169556]], [[0.9701637625694275, -0.23860745131969452, 0.04299762472510338], [0.2185353934764862, 0.9374087452888489, 0.2711218595504761], [-0.10499805212020874, -0.25363609194755554, 0.9615841507911682]], [[0.946039617061615, 0.32379111647605896, -0.012980762869119644], [-0.3087998330593109, 0.9129354357719421, 0.26681751012802124], [0.09824372082948685, -0.24841143190860748, 0.9636597037315369]], [[0.9652684330940247, 0.13445909321308136, -0.22400356829166412], [-0.058656252920627594, 0.9470421671867371, 0.3157065510749817], [0.2545904219150543, -0.29160237312316895, 0.9220367670059204]], [[0.9523866176605225, 0.2912560999393463, -0.09016460925340652], [-0.2952272891998291, 0.9548186659812927, -0.03409033268690109], [0.07616183906793594, 0.05908622592687607, 0.9953432679176331]], [[0.9605857729911804, -0.26660361886024475, 0.07872425019741058], [0.26983508467674255, 0.9623218774795532, -0.03355054929852486], [-0.06681337207555771, 0.05347074568271637, 0.9963316917419434]], [[0.984588086605072, -0.021990790963172913, -0.1735011637210846], [0.05069120228290558, 0.9853606820106506, 0.16277173161506653], [0.16738176345825195, -0.16905809938907623, 0.9712891578674316]], [[0.6576288938522339, 0.7193654775619507, -0.22369073331356049], [-0.7275307178497314, 0.6835131049156189, 0.05923587456345558], [0.19550779461860657, 0.12378666549921036, 0.9728584289550781]], [[0.7248591780662537, -0.6843368411064148, 0.0791344866156578], [0.6876315474510193, 0.7256977558135986, -0.022926632314920425], [-0.04173818603157997, 0.07103394716978073, 0.9966002702713013]], [[0.28300830721855164, -0.28182709217071533, -0.9167768955230713], [0.3030660152435303, 0.9331579208374023, -0.1933065503835678], [0.9099765419960022, -0.2231365591287613, 0.34950366616249084]], [[0.7346115708351135, 0.11547703295946121, 0.6685886383056641], [-0.1010550856590271, 0.9930407404899597, -0.06048140302300453], [-0.6709199547767639, -0.023133916780352592, 0.741168737411499]], [[0.9757832288742065, -0.21120089292526245, -0.05693163722753525], [0.20771679282188416, 0.9762557744979858, -0.061468884348869324], [0.06856212019920349, 0.04815465211868286, 0.9964839816093445]], [[0.9879412651062012, 0.1474955677986145, 0.04708624631166458], [-0.1432749480009079, 0.9861904978752136, -0.0830705389380455], [-0.058688536286354065, 0.07532253116369247, 0.9954307079315186]], [[0.9679379463195801, 0.23670710623264313, -0.08405857533216476], [-0.21901965141296387, 0.9591662287712097, 0.17897073924541473], [0.12298979610204697, -0.15482209622859955, 0.9802569150924683]], [[0.9735057353973389, -0.21800610423088074, 0.06899246573448181], [0.20163662731647491, 0.9607328176498413, 0.1906178891658783], [-0.1078391820192337, -0.17165619134902954, 0.979236900806427]]]], "pred_betas": [[0.1269587278366089, 0.07200872898101807, 0.6149542927742004, 0.7872921824455261, 0.14645065367221832, 0.06293043494224548, -0.2927335798740387, 0.27002519369125366, 0.5718488097190857, 0.0519925057888031]], "pred_camera": [1.1936789751052856, -0.013380704447627068, 0.31623169779777527]}