{"pred_joints_img": [[388.6092529296875, 153.2423858642578, -48.35041809082031], [384.2117919921875, 184.37841796875, -11.273050308227539], [344.89849853515625, 210.67706298828125, -25.630359649658203], [315.727294921875, 264.0398864746094, -18.464963912963867], [314.98004150390625, 314.9930419921875, -52.44044494628906], [420.3147888183594, 202.77401733398438, 16.53360366821289], [433.10028076171875, 257.299560546875, 45.24995422363281], [469.42431640625, 285.80462646484375, 7.095809459686279], [392.2366638183594, 303.78326416015625, 6.666038990020752], [384.8440246582031, 327.3967590332031, -5.208205223083496], [398.1046447753906, 369.1532287597656, -86.14830017089844], [371.2989501953125, 454.1767578125, -50.48994064331055], [411.8254699707031, 322.7859802246094, 12.668624877929688], [490.98974609375, 341.30657958984375, -25.470726013183594], [480.3463134765625, 429.1917419433594, 11.393330574035645], [380.3834228515625, 145.3605194091797, -38.82773208618164], [396.55322265625, 145.1638946533203, -39.12158966064453], [370.6217956542969, 153.1168670654297, -16.93925666809082], [406.68109130859375, 152.63951110839844, -16.9761962890625], [519.8277587890625, 441.66082763671875, -12.84803581237793], [518.358642578125, 440.0809326171875, 7.0915846824646], [470.31488037109375, 435.75250244140625, 23.452106475830078], [389.8017883300781, 474.3533020019531, -89.94573974609375], [369.0664367675781, 472.3681640625, -86.15664672851562], [362.96319580078125, 461.32818603515625, -36.60330581665039], [371.2989501953125, 454.1767578125, -50.48994064331055], [398.1046447753906, 369.1532287597656, -86.14830017089844], [360.96044921875, 303.70989990234375, -6.413736820220947], [416.0350036621094, 293.17352294921875, 28.2657470703125], [490.98974609375, 341.30657958984375, -25.470726013183594], [480.3463134765625, 429.1917419433594, 11.393330574035645], [314.98004150390625, 314.9930419921875, -52.44044494628906], [315.727294921875, 264.0398864746094, -18.464963912963867], [344.89849853515625, 210.67706298828125, -25.630359649658203], [420.3147888183594, 202.77401733398438, 16.53360366821289], [433.10028076171875, 257.299560546875, 45.24995422363281], [469.42431640625, 285.80462646484375, 7.095809459686279], [385.1420593261719, 185.0437774658203, -12.685551643371582], [388.68695068359375, 119.84004211425781, -15.94663143157959], [386.4457092285156, 300.58709716796875, 14.805062294006348], [383.02850341796875, 199.78515625, -6.027363300323486], [379.3598937988281, 241.25216674804688, 8.464249610900879], [390.64324951171875, 163.77871704101562, -31.50539779663086], [388.1717224121094, 135.2976531982422, -15.105834007263184], [388.6092529296875, 153.2423858642578, -48.35041809082031], [396.55322265625, 145.1638946533203, -39.12158966064453], [380.3834228515625, 145.3605194091797, -38.82773208618164], [406.68109130859375, 152.63951110839844, -16.9761962890625], [370.6217956542969, 153.1168670654297, -16.93925666809082]], "pred_body_pose": [[2.7437305450439453, -0.3460406959056854, 0.7620180249214172, -0.8653427958488464, 0.05224273353815079, 0.4405686557292938, -0.7543193101882935, 0.046066127717494965, -0.38499078154563904, 0.6000836491584778, -0.03897412121295929, 0.009440205991268158, 1.5166287422180176, 0.009930572472512722, -0.17784477770328522, 1.4428002834320068, 0.14050744473934174, 0.10383646935224533, 0.03375718370079994, -0.01995098777115345, -0.029563287273049355, -0.16463010013103485, 0.10201635211706161, -0.07788751274347305, -0.1437544971704483, -0.08294760435819626, 0.10116158425807953, 0.005525706801563501, -0.008721462450921535, -0.032475557178258896, -0.2716619074344635, 0.09632216393947601, 0.19708235561847687, -0.26370757818222046, -0.08936458081007004, -0.274384081363678, -0.23035621643066406, -0.31229153275489807, -0.08377441018819809, 0.07274550199508667, -0.041802141815423965, -0.33933958411216736, 0.04822249338030815, 0.0475531667470932, 0.29666316509246826, -0.11640380322933197, -0.22448194026947021, 0.04814707115292549, 0.07982925325632095, -0.21396560966968536, -0.8620946407318115, 0.06315623968839645, 0.06808720529079437, 0.7789610028266907, 0.04787498340010643, -1.1441007852554321, 0.3688754737377167, 0.03421078249812126, 0.7566375136375427, -0.13172003626823425, 0.08723730593919754, -0.04554183781147003, 0.1894322633743286, 0.08160201460123062, 0.03857314959168434, -0.12920241057872772, -0.1744045466184616, -0.10401395708322525, -0.23072844743728638, -0.17277027666568756, 0.0909779965877533, 0.20588448643684387]], "pred_rotmat": [[[[0.8329117894172668, -0.2981349229812622, 0.4662333130836487], [-0.15485499799251556, -0.9343841671943665, -0.32085224986076355], [0.5312982797622681, 0.19504308700561523, -0.8244272470474243]], [[0.9091001152992249, -0.39521950483322144, -0.13167576491832733], [0.3534637987613678, 0.5645419359207153, 0.7458925843238831], [-0.22045481204986572, -0.7246336340904236, 0.6529209613800049]], [[0.9292293787002563, 0.32410895824432373, 0.1774434596300125], [-0.3568238317966461, 0.6623799800872803, 0.6587333083152771], [0.09596635401248932, -0.6754303574562073, 0.7311527132987976]], [[0.9992198944091797, -0.020226916298270226, -0.033918604254722595], [-0.0024642962962388992, 0.8252688050270081, -0.5647348761558533], [0.03941480442881584, 0.5643779635429382, 0.8245751857757568]], [[0.9869891405105591, 0.12252762913703918, -0.10411278158426285], [-0.11017509549856186, 0.04377007856965065, -0.9929479956626892], [-0.11710653454065323, 0.9914994239807129, 0.05670008435845375]], [[0.9872419834136963, 0.01377605739980936, 0.1586296409368515], [0.15568508207798004, 0.1254379153251648, -0.9798098206520081], [-0.03339608386158943, 0.9920057654380798, 0.12169285118579865]], [[0.9993641376495361, 0.029214728623628616, -0.02044185809791088], [-0.029888082295656204, 0.998993456363678, -0.03344876691699028], [0.01944408379495144, 0.03403846547007561, 0.9992313981056213]], [[0.9917929172515869, 0.06895602494478226, 0.10766510665416718], [-0.08569010347127914, 0.9834754467010498, 0.15947853028774261], [-0.09488896280527115, -0.16739551723003387, 0.9813128113746643]], [[0.9914699196815491, -0.09458252787590027, -0.08967465907335281], [0.10646913200616837, 0.9845990538597107, 0.1386687010526657], [0.07517795264720917, -0.1470334231853485, 0.9862704873085022]], [[0.9994346499443054, 0.03244516998529434, -0.008809490129351616], [-0.03249336779117584, 0.9994574189186096, -0.005383033771067858], [0.0086300577968359, 0.005666240584105253, 0.999946653842926]], [[0.9761837124824524, -0.20605313777923584, 0.06787779182195663], [0.1801508665084839, 0.9442490935325623, 0.27557095885276794], [-0.12087580561637878, -0.25677964091300964, 0.9588812589645386]], [[0.9588912129402161, 0.2790827453136444, -0.05138566717505455], [-0.25581520795822144, 0.9285033345222473, 0.2691470980644226], [0.12282606959342957, -0.24493753910064697, 0.9617273211479187]], [[0.9484108090400696, 0.11709029227495193, -0.2946297824382782], [-0.046091899275779724, 0.9703514575958252, 0.2372628152370453], [0.31367558240890503, -0.21144260466098785, 0.9256887435913086]], [[0.9421433806419373, 0.33096596598625183, -0.053173571825027466], [-0.33397603034973145, 0.9403891563415527, -0.06425242871046066], [0.02873848006129265, 0.07829369604587555, 0.9965161085128784]], [[0.9552119970321655, -0.29096826910972595, 0.05392058566212654], [0.29324376583099365, 0.9551801681518555, -0.040482357144355774], [-0.03972479701042175, 0.05448111146688461, 0.997724175453186]], [[0.9737900495529175, -0.03462383523583412, -0.22479790449142456], [0.060610413551330566, 0.9921097159385681, 0.10974825918674469], [0.21922427415847778, -0.12049686163663864, 0.9682051539421082]], [[0.6309694051742554, 0.7442856431007385, -0.218898206949234], [-0.7602638602256775, 0.6494017839431763, 0.0166160985827446], [0.15452003479003906, 0.15593615174293518, 0.9756061434745789]], [[0.7096517086029053, -0.6994456648826599, 0.08467767387628555], [0.7035297155380249, 0.7099590301513672, -0.0316886305809021], [-0.037953201681375504, 0.08206114917993546, 0.9959044456481934]], [[0.3605281114578247, -0.31035566329956055, -0.8796015977859497], [0.26187753677368164, 0.9387710690498352, -0.2238953560590744], [0.8952316641807556, -0.14962732791900635, 0.419728547334671]], [[0.7193171381950378, 0.13144078850746155, 0.6821334958076477], [-0.10680566728115082, 0.9911869168281555, -0.0783647820353508], [-0.6864221692085266, -0.01648658886551857, 0.7270163297653198]], [[0.9810926914215088, -0.1899757832288742, -0.03696528822183609], [0.18601790070533752, 0.9783349633216858, -0.09087346494197845], [0.05342819169163704, 0.08227907866239548, 0.9951761960983276]], [[0.9909282326698303, 0.13023872673511505, 0.03315296769142151], [-0.12709757685661316, 0.9883480072021484, -0.08375131338834763], [-0.04367433860898018, 0.07877787202596664, 0.9959349632263184]], [[0.9682241082191467, 0.23611177504062653, -0.08242181688547134], [-0.21811364591121674, 0.9585019946098328, 0.1835767924785614], [0.12234611064195633, -0.15976613759994507, 0.979543924331665]], [[0.9748367667198181, -0.21093931794166565, 0.07209570705890656], [0.19532620906829834, 0.9641227126121521, 0.17976394295692444], [-0.10742839425802231, -0.16115833818912506, 0.9810642600059509]]]], "pred_betas": [[0.09953254461288452, 0.07340152561664581, 0.635368287563324, 0.7246336340904236, 0.22682321071624756, 0.028366126120090485, -0.29272305965423584, 0.20041045546531677, 0.6490880846977234, -0.028055083006620407]], "pred_camera": [1.1867262125015259, -0.030562955886125565, 0.3168586790561676]}