{"pred_joints_img": [[388.3389587402344, 150.8875732421875, -48.4476203918457], [383.5933532714844, 183.34542846679688, -12.313874244689941], [343.5766296386719, 209.58770751953125, -25.81859016418457], [314.44842529296875, 263.00848388671875, -17.275434494018555], [311.05755615234375, 316.72637939453125, -47.00885772705078], [420.7522888183594, 201.9251708984375, 14.374335289001465], [435.51300048828125, 257.221435546875, 41.08072280883789], [469.8236999511719, 285.25726318359375, 0.39127758145332336], [390.7577209472656, 303.0749206542969, 6.718288898468018], [382.6995544433594, 326.7582702636719, -4.671158313751221], [395.287353515625, 367.09906005859375, -86.77603912353516], [368.46905517578125, 453.812744140625, -54.38202667236328], [410.2231750488281, 322.3553771972656, 12.392361640930176], [487.4564514160156, 340.31854248046875, -30.384376525878906], [481.3668518066406, 429.659423828125, 4.900378227233887], [380.1104431152344, 143.28939819335938, -38.59161376953125], [396.34710693359375, 143.2269287109375, -38.771461486816406], [370.0665283203125, 151.87417602539062, -17.010635375976562], [406.341552734375, 151.70152282714844, -16.844308853149414], [519.4981079101562, 441.22039794921875, -22.198810577392578], [519.3829956054688, 439.93597412109375, -2.0849828720092773], [472.182861328125, 436.72216796875, 17.48799705505371], [386.9798889160156, 473.19256591796875, -94.4963150024414], [366.08062744140625, 471.11114501953125, -90.76114654541016], [360.1527404785156, 461.4308166503906, -40.604522705078125], [368.46905517578125, 453.812744140625, -54.38202667236328], [395.287353515625, 367.09906005859375, -86.77603912353516], [358.9540100097656, 302.72607421875, -5.408753871917725], [415.3175354003906, 292.61492919921875, 27.729021072387695], [487.4564514160156, 340.31854248046875, -30.384376525878906], [481.3668518066406, 429.659423828125, 4.900378227233887], [311.05755615234375, 316.72637939453125, -47.00885772705078], [314.44842529296875, 263.00848388671875, -17.275434494018555], [343.5766296386719, 209.58770751953125, -25.81859016418457], [420.7522888183594, 201.9251708984375, 14.374335289001465], [435.51300048828125, 257.221435546875, 41.08072280883789], [469.8236999511719, 285.25726318359375, 0.39127758145332336], [384.59490966796875, 183.92462158203125, -13.636096954345703], [388.5610046386719, 118.73124694824219, -14.623193740844727], [385.1564025878906, 299.7451477050781, 15.120433807373047], [382.5596618652344, 198.76731872558594, -7.135296821594238], [378.743408203125, 240.16473388671875, 7.950076103210449], [390.19464111328125, 162.17535400390625, -31.91819953918457], [387.90582275390625, 134.21864318847656, -14.391767501831055], [388.3389587402344, 150.8875732421875, -48.4476203918457], [396.34710693359375, 143.2269287109375, -38.771461486816406], [380.1104431152344, 143.28939819335938, -38.59161376953125], [406.341552734375, 151.70152282714844, -16.844308853149414], [370.0665283203125, 151.87417602539062, -17.010635375976562]], "pred_body_pose": [[2.7697834968566895, -0.3247969150543213, 0.7282608151435852, -0.9018592238426208, 0.03713010624051094, 0.4280199706554413, -0.789696455001831, 0.06486593186855316, -0.3752303719520569, 0.6051203012466431, -0.039551787078380585, 0.012943061999976635, 1.4874950647354126, 0.011783880181610584, -0.17475222051143646, 1.4223891496658325, 0.13977497816085815, 0.09556450694799423, 0.021386398002505302, -0.02071077935397625, -0.031434666365385056, -0.15177911520004272, 0.09747620671987534, -0.07855018973350525, -0.13244041800498962, -0.08039144426584244, 0.11135877668857574, 0.0008835356566123664, -0.007696613669395447, -0.03098224103450775, -0.26838418841362, 0.09494443237781525, 0.1956079602241516, -0.25249531865119934, -0.07097272574901581, -0.2888641059398651, -0.25875774025917053, -0.2933658957481384, -0.1029260978102684, 0.06653343141078949, -0.059277478605508804, -0.33205485343933105, 0.05090399086475372, 0.06231085583567619, 0.2951323986053467, -0.12853994965553284, -0.2131812572479248, 0.049804605543613434, 0.07021688669919968, -0.23887789249420166, -0.8576525449752808, 0.0718049705028534, 0.06613453477621078, 0.7898710370063782, 0.038100291043519974, -1.136874794960022, 0.3595343828201294, 0.03212116286158562, 0.6896688938140869, -0.10149457305669785, 0.0881885513663292, -0.04861180856823921, 0.19466635584831238, 0.08990474790334702, 0.0373898521065712, -0.12755492329597473, -0.1829763501882553, -0.10366638004779816, -0.23352962732315063, -0.18345992267131805, 0.0924048200249672, 0.21110954880714417]], "pred_rotmat": [[[[0.8494797348976135, -0.27774497866630554, 0.44859984517097473], [-0.14817029237747192, -0.9415950179100037, -0.30239778757095337], [0.5063888430595398, 0.19041164219379425, -0.8410194516181946]], [[0.9151341915130615, -0.3756960332393646, -0.14622527360916138], [0.3449035882949829, 0.5418073534965515, 0.7664765119552612], [-0.20873624086380005, -0.7518625855445862, 0.6254053115844727]], [[0.9320238828659058, 0.3049624562263489, 0.19577886164188385], [-0.35298874974250793, 0.6416534185409546, 0.6809403896331787], [0.08203908801078796, -0.7037604451179504, 0.7056846022605896]], [[0.9991602897644043, -0.023768285289406776, -0.033373355865478516], [0.0005595209659077227, 0.8223782777786255, -0.5689409375190735], [0.04096826910972595, 0.5684444904327393, 0.8217009902000427]], [[0.9873228669166565, 0.12360742688179016, -0.09957347810268402], [-0.10912034660577774, 0.0730176493525505, -0.9913431406021118], [-0.11526676267385483, 0.9896411299705505, 0.08558008074760437]], [[0.9879546761512756, 0.017453355714678764, 0.15375636518001556], [0.14960792660713196, 0.14613188803195953, -0.9778870344161987], [-0.039536114782094955, 0.9891111850738525, 0.14176052808761597]], [[0.9992915391921997, 0.031203417107462883, -0.02104039676487446], [-0.031646281480789185, 0.9992773532867432, -0.021054251119494438], [0.02036822773516178, 0.02170518785715103, 0.9995568990707397]], [[0.992189347743988, 0.07067081332206726, 0.10279051214456558], [-0.08541802316904068, 0.9854435324668884, 0.14698578417301178], [-0.09090664237737656, -0.15461789071559906, 0.9837831258773804]], [[0.9905968308448792, -0.10537697374820709, -0.08725641667842865], [0.11599172651767731, 0.9850747585296631, 0.1271757185459137], [0.07255271077156067, -0.1361008882522583, 0.9880347847938538]], [[0.9994904398918152, 0.03097357414662838, -0.007708991877734661], [-0.03098037652671337, 0.9995197057723999, -0.0007641665288247168], [0.007681620307266712, 0.0010026046074926853, 0.9999699592590332]], [[0.9765956401824951, -0.2043561488389969, 0.06707862764596939], [0.17912691831588745, 0.945399820804596, 0.2722732424736023], [-0.11905684322118759, -0.25388526916503906, 0.9598790407180786]], [[0.9563185572624207, 0.29043757915496826, -0.03317752480506897], [-0.2727435231208801, 0.927330732345581, 0.25625887513160706], [0.10519376397132874, -0.236016184091568, 0.9660385847091675]], [[0.9523267149925232, 0.1375829577445984, -0.27229544520378113], [-0.06270162761211395, 0.9617511630058289, 0.26665198802948], [0.2985672056674957, -0.23686644434928894, 0.9245280027389526]], [[0.9436710476875305, 0.3235992193222046, -0.06905456632375717], [-0.327504426240921, 0.9432190656661987, -0.05548530071973801], [0.04717858508229256, 0.07497555017471313, 0.9960687160491943]], [[0.9548607468605042, -0.28897735476493835, 0.06879689544439316], [0.29212456941604614, 0.9555014371871948, -0.04099029302597046], [-0.05389026552438736, 0.0592372864484787, 0.9967882037162781]], [[0.9761649966239929, -0.03564361855387688, -0.2140825092792511], [0.06289906799793243, 0.9905493855476379, 0.12188341468572617], [0.20771494507789612, -0.13244391977787018, 0.9691815972328186]], [[0.6293348073959351, 0.7402646541595459, -0.236529141664505], [-0.7559522986412048, 0.6537138223648071, 0.034558866173028946], [0.1802050918340683, 0.15705566108226776, 0.9710096120834351]], [[0.7021005749702454, -0.7068333625793457, 0.08626313507556915], [0.7113367319107056, 0.7017296552658081, -0.0396919772028923], [-0.03247779235243797, 0.08922990411520004, 0.9954813122749329]], [[0.36953550577163696, -0.29932764172554016, -0.8796854615211487], [0.2609119713306427, 0.9420346617698669, -0.2109399288892746], [0.8918343186378479, -0.151570662856102, 0.42621341347694397]], [[0.7667293548583984, 0.10408949851989746, 0.6334757804870605], [-0.08282103389501572, 0.9945598244667053, -0.06317825615406036], [-0.6366057395935059, -0.004024513531476259, 0.7711790204048157]], [[0.9799514412879944, -0.19524654746055603, -0.039674192667007446], [0.19097667932510376, 0.9772551655769348, -0.09219685196876526], [0.056772924959659576, 0.08277158439159393, 0.9949501156806946]], [[0.9911847710609436, 0.1286853402853012, 0.03150798752903938], [-0.12533102929592133, 0.9878495931625366, -0.09189891070127487], [-0.04295119270682335, 0.08713987469673157, 0.9952697157859802]], [[0.9676263332366943, 0.2391110062599182, -0.08077845722436905], [-0.22029809653759003, 0.9563527703285217, 0.1919846087694168], [0.12315833568572998, -0.16797403991222382, 0.9780678153038025]], [[0.9736385345458984, -0.2164851874113083, 0.07184891402721405], [0.19965483248233795, 0.9611696004867554, 0.19050192832946777], [-0.11029984056949615, -0.17113502323627472, 0.9790540933609009]]]], "pred_betas": [[0.11075930297374725, 0.04520805925130844, 0.581460177898407, 0.7513885498046875, 0.16381774842739105, 0.06194427236914635, -0.2727542817592621, 0.22371304035186768, 0.6040076613426208, -0.014411583542823792]], "pred_camera": [1.202582836151123, -0.028191499412059784, 0.32757407426834106]}