{"pred_joints_img": [[389.49932861328125, 149.90286254882812, -50.52002716064453], [384.16424560546875, 183.97573852539062, -15.483731269836426], [342.90606689453125, 209.77108764648438, -27.181894302368164], [311.9969482421875, 262.4577331542969, -19.30978775024414], [306.2315368652344, 315.5052185058594, -50.1947021484375], [422.7900085449219, 203.23716735839844, 9.039106369018555], [444.62689208984375, 258.1456604003906, 31.853437423706055], [479.03265380859375, 282.88189697265625, -11.103815078735352], [389.27239990234375, 303.6714782714844, 6.740537166595459], [380.39715576171875, 327.6007385253906, -3.593766212463379], [389.73480224609375, 368.50103759765625, -86.18386840820312], [366.64208984375, 456.709716796875, -54.113922119140625], [408.6869812011719, 323.1458435058594, 12.127724647521973], [484.22509765625, 341.5876770019531, -33.933467864990234], [480.587158203125, 431.04296875, 2.1504836082458496], [381.1548156738281, 142.67344665527344, -40.37659454345703], [397.48309326171875, 142.7815704345703, -40.271827697753906], [370.5567626953125, 152.27603149414062, -19.27002716064453], [407.0928955078125, 152.49314880371094, -18.566255569458008], [517.7423095703125, 442.1319580078125, -26.812036514282227], [518.6425170898438, 440.72784423828125, -6.618566513061523], [472.0606689453125, 438.4044189453125, 15.167337417602539], [383.6712341308594, 474.7532958984375, -95.7146224975586], [362.7941589355469, 473.2330322265625, -90.96712493896484], [359.263916015625, 464.9632568359375, -40.048404693603516], [366.64208984375, 456.709716796875, -54.113922119140625], [389.73480224609375, 368.50103759765625, -86.18386840820312], [356.79571533203125, 303.2133483886719, -3.8912928104400635], [414.78912353515625, 293.02410888671875, 26.555980682373047], [484.22509765625, 341.5876770019531, -33.933467864990234], [480.587158203125, 431.04296875, 2.1504836082458496], [306.2315368652344, 315.5052185058594, -50.1947021484375], [311.9969482421875, 262.4577331542969, -19.30978775024414], [342.90606689453125, 209.77108764648438, -27.181894302368164], [422.7900085449219, 203.23716735839844, 9.039106369018555], [444.62689208984375, 258.1456604003906, 31.853437423706055], [479.03265380859375, 282.88189697265625, -11.103815078735352], [385.167236328125, 184.49974060058594, -16.608896255493164], [389.5150146484375, 119.35459899902344, -15.018890380859375], [383.9596252441406, 300.06951904296875, 15.42552661895752], [383.28472900390625, 199.40966796875, -10.353140830993652], [378.61688232421875, 240.39022827148438, 6.330583095550537], [390.96624755859375, 162.12945556640625, -34.34790802001953], [388.7113037109375, 134.87246704101562, -15.527326583862305], [389.49932861328125, 149.90286254882812, -50.52002716064453], [397.48309326171875, 142.7815704345703, -40.271827697753906], [381.1548156738281, 142.67344665527344, -40.37659454345703], [407.0928955078125, 152.49314880371094, -18.566255569458008], [370.5567626953125, 152.27603149414062, -19.27002716064453]], "pred_body_pose": [[2.8148210048675537, -0.3081730008125305, 0.6717919111251831, -0.9249247312545776, 0.03956407681107521, 0.43462494015693665, -0.820730447769165, 0.057618606835603714, -0.3677406311035156, 0.6175142526626587, -0.04142314940690994, 0.0050971671007573605, 1.4770132303237915, 0.013768027536571026, -0.17259372770786285, 1.3934457302093506, 0.12832222878932953, 0.10080000013113022, 0.013558515347540379, -0.02102378010749817, -0.034715697169303894, -0.16436898708343506, 0.10516620427370071, -0.08640874177217484, -0.14110645651817322, -0.0920635312795639, 0.120386503636837, -0.006468032952398062, -0.011011749505996704, -0.03222709894180298, -0.2536051273345947, 0.07746697962284088, 0.21114683151245117, -0.24788813292980194, -0.05281012877821922, -0.30978623032569885, -0.3128928244113922, -0.2564869523048401, -0.11165370047092438, 0.046411920338869095, -0.10950423032045364, -0.31813880801200867, 0.04404730349779129, 0.0909346491098404, 0.29355329275131226, -0.14713618159294128, -0.19051863253116608, 0.04816288501024246, 0.011449549347162247, -0.26499563455581665, -0.7731834053993225, 0.05660557746887207, 0.07266503572463989, 0.7526077032089233, -0.03392450511455536, -1.0976548194885254, 0.35123759508132935, 0.02261536754667759, 0.6901217103004456, -0.10074973851442337, 0.09407181292772293, -0.057420048862695694, 0.1955457627773285, 0.09898459911346436, 0.04923123121261597, -0.12960706651210785, -0.1824471801519394, -0.10542263090610504, -0.23190957307815552, -0.18953977525234222, 0.09334219992160797, 0.21539665758609772]], "pred_rotmat": [[[[0.8727201819419861, -0.2550426125526428, 0.4163084626197815], [-0.14918279647827148, -0.9512290954589844, -0.27001404762268066], [0.4648698568344116, 0.1735406517982483, -0.8682047724723816]], [[0.9127845168113708, -0.37948077917099, -0.1510588675737381], [0.3459674119949341, 0.5217655897140503, 0.7797866463661194], [-0.2170967012643814, -0.764038622379303, 0.6075475215911865]], [[0.9352869391441345, 0.2978593707084656, 0.19109724462032318], [-0.34203359484672546, 0.6222244501113892, 0.704166054725647], [0.09083707630634308, -0.7239589691162109, 0.6838363409042358]], [[0.9991564750671387, -0.01716451533138752, -0.03730452433228493], [-0.007608678191900253, 0.8153345584869385, -0.5789400339126587], [0.040352899581193924, 0.5787355303764343, 0.8145161867141724]], [[0.9875775575637817, 0.12407923489809036, -0.09641020745038986], [-0.10722579061985016, 0.08365043252706528, -0.9907094836235046], [-0.11486171185970306, 0.988740086555481, 0.095915786921978]], [[0.988731861114502, 0.0048310947604477406, 0.1496196985244751], [0.14650754630565643, 0.17401020228862762, -0.9737843871116638], [-0.030739804729819298, 0.9847319722175598, 0.1713416427373886]], [[0.999176561832428, 0.0345626026391983, -0.021252674981951714], [-0.03484760969877243, 0.9993056058883667, -0.013189506717026234], [0.020782053470611572, 0.01391925010830164, 0.999687135219574]], [[0.9907718896865845, 0.07714405655860901, 0.11144428700208664], [-0.09436462074518204, 0.9828234910964966, 0.15859773755073547], [-0.09729520231485367, -0.16765058040618896, 0.9810335636138916]], [[0.9885566234588623, -0.1130557656288147, -0.09987035393714905], [0.12600022554397583, 0.9828593730926514, 0.13457836210727692], [0.08294364809989929, -0.14562202990055084, 0.9858571887016296]], [[0.999420166015625, 0.03225625678896904, -0.010905331932008266], [-0.032185036689043045, 0.9994598627090454, 0.006644159089773893], [0.011113757267594337, -0.006289317272603512, 0.999918520450592]], [[0.9749492406845093, -0.21685591340065002, 0.04947340860962868], [0.19739724695682526, 0.9460700154304504, 0.2568769156932831], [-0.10251058638095856, -0.24067600071430206, 0.9651769995689392]], [[0.9512775540351868, 0.3080393075942993, -0.013525016605854034], [-0.2951221168041229, 0.9223371744155884, 0.24939347803592682], [0.08929760754108429, -0.23325085639953613, 0.9683078527450562]], [[0.9614449739456177, 0.14794528484344482, -0.23180986940860748], [-0.06886354833841324, 0.9456210732460022, 0.3178970515727997], [0.26623567938804626, -0.2896772623062134, 0.9193506836891174]], [[0.943940281867981, 0.3095405399799347, -0.11472300440073013], [-0.31457415223121643, 0.9488117694854736, -0.028272759169340134], [0.10009896755218506, 0.06277669221162796, 0.9929950833320618]], [[0.9531567692756653, -0.2868737280368805, 0.09589426219463348], [0.2908470630645752, 0.9562958478927612, -0.030102912336587906], [-0.08306755870580673, 0.05658335983753204, 0.9949362277984619]], [[0.9807882308959961, -0.03373473510146141, -0.19213621318340302], [0.061626411974430084, 0.9880757331848145, 0.141097754240036], [0.1850852370262146, -0.15022769570350647, 0.9711719751358032]], [[0.6841713190078735, 0.688477635383606, -0.24064107239246368], [-0.6913465261459351, 0.7173087000846863, 0.08665002137422562], [0.23227053880691528, 0.10708290338516235, 0.9667386412620544]], [[0.7275855541229248, -0.6805797815322876, 0.08619965612888336], [0.6844996809959412, 0.728574812412262, -0.02527661807835102], [-0.04560014232993126, 0.07739454507827759, 0.9959571361541748]], [[0.40627923607826233, -0.2617835998535156, -0.8754464387893677], [0.29507434368133545, 0.9443392157554626, -0.14544574916362762], [0.8647938370704651, -0.19923022389411926, 0.4609110355377197]], [[0.7665007710456848, 0.10026229172945023, 0.6343690156936646], [-0.08527804166078568, 0.9948818683624268, -0.05420101061463356], [-0.6365565657615662, -0.012552639469504356, 0.7711278796195984]], [[0.9793194532394409, -0.19659729301929474, -0.04777996242046356], [0.191218301653862, 0.9765548706054688, -0.09887441992759705], [0.06609819829463959, 0.0876932367682457, 0.9939521551132202]], [[0.9904124140739441, 0.1314118355512619, 0.042594410479068756], [-0.12655046582221985, 0.98673415184021, -0.10168920457363129], [-0.05539252236485481, 0.09532389789819717, 0.9939039945602417]], [[0.9678166508674622, 0.2376718372106552, -0.08272286504507065], [-0.21859464049339294, 0.9568204879760742, 0.19160082936286926], [0.12468906491994858, -0.16735169291496277, 0.9779806137084961]], [[0.9726541042327881, -0.2209225744009018, 0.071673683822155], [0.2033643126487732, 0.9591507911682129, 0.1966538429260254], [-0.11219114065170288, -0.17670032382011414, 0.9778497219085693]]]], "pred_betas": [[0.08363339304924011, 0.03014298342168331, 0.5636183619499207, 0.8214273452758789, 0.09912891685962677, 0.09551306068897247, -0.28396496176719666, 0.2751847803592682, 0.5460437536239624, 0.07110021263360977]], "pred_camera": [1.209233283996582, -0.015561295673251152, 0.3321506977081299]}