{"pred_joints_img": [[387.78289794921875, 149.8814239501953, -55.730167388916016], [384.1860656738281, 183.26914978027344, -18.983793258666992], [341.72076416015625, 208.0780792236328, -29.39130973815918], [308.280029296875, 260.2135009765625, -19.93502426147461], [301.4937438964844, 314.5513000488281, -50.46902847290039], [423.4361572265625, 202.36856079101562, 4.995075225830078], [444.1130676269531, 258.7033386230469, 28.447816848754883], [470.769775390625, 269.7995300292969, -25.679561614990234], [386.36090087890625, 303.8625793457031, 6.804007053375244], [376.0834655761719, 327.9881591796875, -2.6930408477783203], [382.8009338378906, 369.15081787109375, -87.20601654052734], [357.4784851074219, 458.25006103515625, -53.96028518676758], [405.4729919433594, 324.17132568359375, 12.113091468811035], [479.3326721191406, 348.499755859375, -36.99428939819336], [474.1788635253906, 437.06817626953125, 5.30028772354126], [380.4832763671875, 142.1025848388672, -44.90707778930664], [396.9348449707031, 142.7200469970703, -46.22600173950195], [371.4744873046875, 151.05978393554688, -22.546356201171875], [408.2245178222656, 152.52235412597656, -24.98492431640625], [509.864501953125, 452.157470703125, -24.717063903808594], [511.7437744140625, 449.5239562988281, -4.440518856048584], [465.6515197753906, 443.30450439453125, 19.222368240356445], [373.51556396484375, 477.69622802734375, -96.17803955078125], [352.54986572265625, 475.50909423828125, -90.89131927490234], [349.9541015625, 466.2231750488281, -39.412437438964844], [357.4784851074219, 458.25006103515625, -53.96028518676758], [382.8009338378906, 369.15081787109375, -87.20601654052734], [353.1228942871094, 302.5209655761719, -2.807185649871826], [413.41815185546875, 293.53314208984375, 25.498870849609375], [479.3326721191406, 348.499755859375, -36.99428939819336], [474.1788635253906, 437.06817626953125, 5.30028772354126], [301.4937438964844, 314.5513000488281, -50.46902847290039], [308.280029296875, 260.2135009765625, -19.93502426147461], [341.72076416015625, 208.0780792236328, -29.39130973815918], [423.4361572265625, 202.36856079101562, 4.995075225830078], [444.1130676269531, 258.7033386230469, 28.447816848754883], [470.769775390625, 269.7995300292969, -25.679561614990234], [385.05584716796875, 183.774169921875, -20.31717872619629], [391.90411376953125, 118.38145446777344, -20.574092864990234], [381.4744567871094, 299.837646484375, 15.633261680603027], [383.0768127441406, 198.41110229492188, -13.613445281982422], [377.68988037109375, 239.5542449951172, 4.910577297210693], [390.3614807128906, 161.98521423339844, -39.29846954345703], [390.5457458496094, 134.02301025390625, -20.67311668395996], [387.78289794921875, 149.8814239501953, -55.730167388916016], [396.9348449707031, 142.7200469970703, -46.22600173950195], [380.4832763671875, 142.1025848388672, -44.90707778930664], [408.2245178222656, 152.52235412597656, -24.98492431640625], [371.4744873046875, 151.05978393554688, -22.546356201171875]], "pred_body_pose": [[2.8597612380981445, -0.2598836123943329, 0.6294459104537964, -0.9055862426757812, 0.01986001804471016, 0.4320528209209442, -0.8556325435638428, 0.07368070632219315, -0.3614259362220764, 0.6171604990959167, -0.04750355705618858, 0.010099885053932667, 1.4801135063171387, 0.0078042177483439445, -0.16285431385040283, 1.401793122291565, 0.1290253847837448, 0.10807550698518753, 0.010889983735978603, -0.007993854582309723, -0.035030510276556015, -0.14822323620319366, 0.10392474383115768, -0.10535510629415512, -0.12537358701229095, -0.08486364036798477, 0.1225849837064743, -0.0031824372708797455, -0.008621180430054665, -0.03118204139173031, -0.2692609131336212, 0.07629949599504471, 0.2345718890428543, -0.25797292590141296, -0.06915014982223511, -0.3233623802661896, -0.3000068962574005, -0.2957630157470703, -0.10497120022773743, 0.03964337706565857, -0.11141839623451233, -0.2838665544986725, 0.04315350204706192, 0.10654667764902115, 0.2682417035102844, -0.1680072546005249, -0.21098993718624115, 0.04765802621841431, 0.025679482147097588, -0.2840467095375061, -0.8192735314369202, 0.06366393715143204, 0.07138077914714813, 0.7572185397148132, -0.04248739778995514, -1.4056859016418457, 0.449457585811615, 0.03740618750452995, 0.7099887728691101, -0.09812416881322861, 0.019441645592451096, -0.0767480656504631, 0.25124403834342957, 0.08446047455072403, 0.05579960346221924, -0.17421138286590576, -0.1604936122894287, -0.10327106714248657, -0.2339240312576294, -0.18780577182769775, 0.08826467394828796, 0.21432794630527496]], "pred_rotmat": [[[[0.8937666416168213, -0.2131832391023636, 0.3946317136287689], [-0.12732188403606415, -0.964221715927124, -0.23252025246620178], [0.43008187413215637, 0.15757356584072113, -0.8889321088790894]], [[0.9140591621398926, -0.3713575303554535, -0.16306261718273163], [0.354832261800766, 0.5374768972396851, 0.7649919390678406], [-0.1964431256055832, -0.7571077346801758, 0.6230553388595581]], [[0.9367526173591614, 0.28204721212387085, 0.2072289139032364], [-0.3406597077846527, 0.5989511609077454, 0.7247126698493958], [0.08028317987918854, -0.749471127986908, 0.6571511626243591]], [[0.998857855796814, -0.02366345189511776, -0.04150856286287308], [-0.004729429725557566, 0.8155121207237244, -0.5787206292152405], [0.04754526540637016, 0.5782560110092163, 0.8144688010215759]], [[0.9889901876449585, 0.11378587782382965, -0.09461074322462082], [-0.10421746224164963, 0.08166436851024628, -0.9911960959434509], [-0.10505778342485428, 0.9901432991027832, 0.09262373298406601]], [[0.9880380034446716, 0.0007912153378129005, 0.15420866012573242], [0.151958167552948, 0.1652967780828476, -0.9744669198989868], [-0.026261216029524803, 0.9862435460090637, 0.1631992608308792]], [[0.9993545413017273, 0.03497874736785889, -0.00818269420415163], [-0.035065796226263046, 0.9993272423744202, -0.010747425258159637], [0.007801257539540529, 0.011027421802282333, 0.9999088048934937]], [[0.9890900254249573, 0.09691257029771805, 0.11094608157873154], [-0.1122603788971901, 0.9835254549980164, 0.14168734848499298], [-0.09538701176643372, -0.1525963693857193, 0.9836746454238892]], [[0.9889206886291504, -0.11650814116001129, -0.09198811650276184], [0.1271141767501831, 0.9846757054328918, 0.11939708143472672], [0.07666774094104767, -0.12976723909378052, 0.9885759949684143]], [[0.9994767308235168, 0.03119026869535446, -0.008570048958063126], [-0.03116283379495144, 0.9995088577270508, 0.003316278336569667], [0.008669274859130383, -0.0030474760569632053, 0.999957799911499]], [[0.9699137806892395, -0.2395518720149994, 0.043383896350860596], [0.21923470497131348, 0.9369426965713501, 0.27216637134552], [-0.10584619641304016, -0.2544666528701782, 0.9612717032432556]], [[0.9461241364479065, 0.32275518774986267, -0.026039132848381996], [-0.3051762878894806, 0.9156901240348816, 0.26149383187294006], [0.10824228078126907, -0.23945914208889008, 0.9648537635803223]], [[0.9515213966369629, 0.1453772485256195, -0.2710581123828888], [-0.05803138390183449, 0.9502769708633423, 0.3059511184692383], [0.302058607339859, -0.275389164686203, 0.9126453399658203]], [[0.9538680911064148, 0.27722248435020447, -0.11525313556194305], [-0.2816047966480255, 0.959246814250946, -0.02333175763487816], [0.10408810526132584, 0.05471125617623329, 0.9930621385574341]], [[0.9586418867111206, -0.2621676027774811, 0.1107875406742096], [0.26673296093940735, 0.9633532762527466, -0.02835455909371376], [-0.09929389506578445, 0.056732553988695145, 0.9934395551681519]], [[0.9767518639564514, -0.02945101633667946, -0.21234039962291718], [0.06467781960964203, 0.9848461747169495, 0.16091828048229218], [0.20438344776630402, -0.17091093957424164, 0.9638551473617554]], [[0.6470472812652588, 0.7168897986412048, -0.2596127390861511], [-0.723737895488739, 0.6846116781234741, 0.08666189759969711], [0.23986096680164337, 0.13181723654270172, 0.9618164300918579]], [[0.7245333194732666, -0.683649480342865, 0.08760577440261841], [0.6879774928092957, 0.7250295877456665, -0.03192177042365074], [-0.04169347882270813, 0.08339919149875641, 0.9956435561180115]], [[0.09500202536582947, -0.2782552242279053, -0.9557974338531494], [0.32788872718811035, 0.9153088331222534, -0.23387739062309265], [0.9399275183677673, -0.2911764085292816, 0.17819294333457947]], [[0.7539819478988647, 0.10263300687074661, 0.648827850818634], [-0.0771956816315651, 0.9947188496589661, -0.06764020025730133], [-0.6523434519767761, 0.0009127908851951361, 0.757922887802124]], [[0.9656921625137329, -0.24909013509750366, -0.07343531399965286], [0.24760660529136658, 0.9684324264526367, -0.028803197667002678], [0.07829172909259796, 0.009631951339542866, 0.9968839883804321]], [[0.9833249449729919, 0.175383523106575, 0.04809069260954857], [-0.17068657279014587, 0.9813217520713806, -0.0887342169880867], [-0.06275495886802673, 0.07904613018035889, 0.9948937892913818]], [[0.9675548672676086, 0.23861117660999298, -0.08307993412017822], [-0.22216235101222992, 0.9600653648376465, 0.17005404829978943], [0.12033896893262863, -0.1460793912410736, 0.9819263219833374]], [[0.9733350276947021, -0.2193899303674698, 0.06698407232761383], [0.20293590426445007, 0.9596965312957764, 0.19442126154899597], [-0.1069384440779686, -0.17564356327056885, 0.9786283373832703]]]], "pred_betas": [[0.15454591810703278, 0.0884971097111702, 0.545746922492981, 0.7087808847427368, 0.12078213691711426, 0.036642950028181076, -0.33538535237312317, 0.27828192710876465, 0.5734179019927979, 0.07402107119560242]], "pred_camera": [1.1948853731155396, -0.012405462563037872, 0.31113797426223755]}