{"pred_joints_img": [[388.2154235839844, 152.19195556640625, -50.9456787109375], [384.91412353515625, 184.17034912109375, -13.216766357421875], [341.4556579589844, 207.14617919921875, -20.6926326751709], [304.29620361328125, 255.93576049804688, -9.558416366577148], [293.3403625488281, 305.5931396484375, -45.717864990234375], [425.1318359375, 205.40399169921875, 6.415544509887695], [449.76336669921875, 263.4445495605469, 18.00090789794922], [479.83447265625, 259.8822326660156, -34.97978973388672], [387.5541076660156, 304.7780456542969, 6.634010314941406], [376.8818359375, 328.1933898925781, -3.5399608612060547], [379.3948669433594, 370.17669677734375, -87.45159912109375], [354.2745056152344, 458.7825927734375, -54.06775665283203], [406.819091796875, 325.1313781738281, 9.516685485839844], [476.05340576171875, 351.0311279296875, -44.6192512512207], [472.3585205078125, 440.4766845703125, -5.132259845733643], [380.48211669921875, 144.0690155029297, -40.85092544555664], [396.8531188964844, 144.41156005859375, -41.63405227661133], [371.0140380859375, 151.96893310546875, -18.381669998168945], [407.5281982421875, 152.74862670898438, -19.802112579345703], [505.32550048828125, 455.17431640625, -38.07955551147461], [508.6254577636719, 453.1671142578125, -18.059221267700195], [464.9564208984375, 447.0732421875, 9.165369987487793], [368.06414794921875, 477.75872802734375, -96.92453002929688], [347.4864196777344, 475.2401428222656, -90.9089126586914], [347.2074890136719, 466.8501892089844, -39.39239501953125], [354.2745056152344, 458.7825927734375, -54.06775665283203], [379.3948669433594, 370.17669677734375, -87.45159912109375], [354.33282470703125, 302.8824157714844, -1.0951526165008545], [415.4599914550781, 295.50421142578125, 23.727388381958008], [476.05340576171875, 351.0311279296875, -44.6192512512207], [472.3585205078125, 440.4766845703125, -5.132259845733643], [293.3403625488281, 305.5931396484375, -45.717864990234375], [304.29620361328125, 255.93576049804688, -9.558416366577148], [341.4556579589844, 207.14617919921875, -20.6926326751709], [425.1318359375, 205.40399169921875, 6.415544509887695], [449.76336669921875, 263.4445495605469, 18.00090789794922], [479.83447265625, 259.8822326660156, -34.97978973388672], [385.6477966308594, 184.77574157714844, -14.625100135803223], [390.5518798828125, 118.97447204589844, -17.6209716796875], [383.351318359375, 301.2191162109375, 15.6220064163208], [383.8858642578125, 199.465576171875, -8.315258026123047], [378.65093994140625, 240.64138793945312, 9.149784088134766], [390.40924072265625, 163.2608642578125, -33.903385162353516], [389.5932922363281, 134.59547424316406, -16.955120086669922], [388.2154235839844, 152.19195556640625, -50.9456787109375], [396.8531188964844, 144.41156005859375, -41.63405227661133], [380.48211669921875, 144.0690155029297, -40.85092544555664], [407.5281982421875, 152.74862670898438, -19.802112579345703], [371.0140380859375, 151.96893310546875, -18.381669998168945]], "pred_body_pose": [[2.8130083084106445, -0.23347000777721405, 0.5382344722747803, -0.8522399067878723, 0.01617145910859108, 0.4049730598926544, -0.7861444354057312, 0.07118525356054306, -0.3337310552597046, 0.6088025569915771, -0.05200729891657829, 0.009013628587126732, 1.4556117057800293, -0.0029903410468250513, -0.15999554097652435, 1.3857176303863525, 0.15273642539978027, 0.09857907891273499, 0.04966605827212334, -0.013190644793212414, -0.04208075627684593, -0.15350480377674103, 0.10831902176141739, -0.10109978169202805, -0.13449184596538544, -0.10666313022375107, 0.11750711500644684, 0.0020450903102755547, -0.020858729258179665, -0.03312253952026367, -0.25011149048805237, 0.07657960802316666, 0.23351255059242249, -0.25092390179634094, -0.043462853878736496, -0.323203444480896, -0.27695760130882263, -0.2506984770298004, -0.07494032382965088, 0.009448881261050701, -0.1506330668926239, -0.2986031472682953, 0.0418824702501297, 0.08824602514505386, 0.26188212633132935, -0.12148691713809967, -0.13799762725830078, 0.06252813339233398, -0.08334444463253021, -0.32784613966941833, -0.7551771402359009, 0.07566922903060913, 0.029185233637690544, 0.7140099406242371, -0.2736895680427551, -1.4058623313903809, 0.47425463795661926, -0.011663895100355148, 0.8189643621444702, -0.11320376396179199, -0.04214471951127052, -0.0691332295536995, 0.2783638834953308, 0.04398722946643829, 0.062381643801927567, -0.20002415776252747, -0.14707735180854797, -0.10555554926395416, -0.24000446498394012, -0.18729424476623535, 0.08844488859176636, 0.2322605848312378]], "pred_rotmat": [[[[0.9181181192398071, -0.20584265887737274, 0.33865609765052795], [-0.10662379115819931, -0.9513211846351624, -0.28917017579078674], [0.3816942870616913, 0.22938357293605804, -0.8953729271888733]], [[0.9237849712371826, -0.3538781702518463, -0.14625850319862366], [0.3410891592502594, 0.5869140028953552, 0.7342957258224487], [-0.17401006817817688, -0.7282185554504395, 0.6628863215446472]], [[0.9452555775642395, 0.2680431604385376, 0.1861312836408615], [-0.3206626772880554, 0.6570825576782227, 0.6822155117988586], [0.06055958941578865, -0.7045532464981079, 0.7070623636245728]], [[0.9986498951911926, -0.02380756475031376, -0.04617096111178398], [-0.006881519220769405, 0.8203359842300415, -0.5718405842781067], [0.05148982256650925, 0.5713861584663391, 0.8190646171569824]], [[0.9893267750740051, 0.10682583600282669, -0.09909903258085251], [-0.11045429110527039, 0.10621790587902069, -0.9881890416145325], [-0.0950380340218544, 0.9885879158973694, 0.11688359081745148]], [[0.9859972596168518, 0.02020309679210186, 0.16553331911563873], [0.15916235744953156, 0.1822260469198227, -0.9702891707420349], [-0.04976733401417732, 0.9830490946769714, 0.17645880579948425]], [[0.9990279674530029, 0.0417223796248436, -0.014225557446479797], [-0.04237726703286171, 0.9978820085525513, -0.049352116882801056], [0.012136340141296387, 0.049906983971595764, 0.9986801147460938]], [[0.9890645146369934, 0.09205230325460434, 0.11522939801216125], [-0.10861679166555405, 0.9831715226173401, 0.1468881219625473], [-0.09976887702941895, -0.1577976793050766, 0.9824184775352478]], [[0.9874528050422668, -0.10951460897922516, -0.11376892030239105], [0.12380829453468323, 0.9841094017028809, 0.12727965414524078], [0.09802208095788956, -0.13976821303367615, 0.9853203892707825]], [[0.9992339611053467, 0.03309273719787598, -0.020887253805994987], [-0.03313538804650307, 0.9994494318962097, -0.0016991636948660016], [0.02081952430307865, 0.0023899695370346308, 0.9997803568840027]], [[0.9701118469238281, -0.23823590576648712, 0.046115897595882416], [0.21927788853645325, 0.9420554637908936, 0.2538676857948303], [-0.10392411798238754, -0.23616784811019897, 0.966139018535614]], [[0.9475712776184082, 0.31953635811805725, -0.002265905262902379], [-0.30878353118896484, 0.9174628257751465, 0.25082796812057495], [0.08222755044698715, -0.2369777113199234, 0.9680289626121521]], [[0.9661793112754822, 0.10743873566389084, -0.23442398011684418], [-0.038841769099235535, 0.9593347311019897, 0.27958568930625916], [0.25492939352989197, -0.2610244154930115, 0.9310624599456787]], [[0.9445927143096924, 0.2923581302165985, -0.14923599362373352], [-0.2937682271003723, 0.9557881951332092, 0.013007164932787418], [0.14644074440002441, 0.031554315239191055, 0.9887161254882812]], [[0.9620631337165833, -0.25664958357810974, 0.09255002439022064], [0.2603215277194977, 0.9650601744651794, -0.0298592671751976], [-0.08165296912193298, 0.05281926319003105, 0.9952602386474609]], [[0.9885594844818115, -0.0537797175347805, -0.14091815054416656], [0.07049199938774109, 0.9906948208808899, 0.11642394214868546], [0.13334564864635468, -0.12502558529376984, 0.9831517934799194]], [[0.6800132989883423, 0.6847988963127136, -0.2619777321815491], [-0.6589987277984619, 0.72747802734375, 0.19104017317295074], [0.32140716910362244, 0.042733147740364075, 0.9459763169288635]], [[0.7554691433906555, -0.6530687212944031, 0.05260910466313362], [0.6551836729049683, 0.7531351447105408, -0.059344325214624405], [-0.0008658500155434012, 0.07930143177509308, 0.996850311756134]], [[0.0928909108042717, -0.15518392622470856, -0.9835086464881897], [0.4722854495048523, 0.8764528036117554, -0.09368537366390228], [0.8765374422073364, -0.4557942748069763, 0.15470561385154724]], [[0.6772732734680176, 0.096228688955307, 0.7294114232063293], [-0.10524904727935791, 0.9938850998878479, -0.033393897116184235], [-0.7281644940376282, -0.05415305867791176, 0.6832597851753235]], [[0.9591543674468994, -0.27303457260131836, -0.0739937573671341], [0.2759278118610382, 0.9606454372406006, 0.03200197592377663], [0.06234412267804146, -0.051111768931150436, 0.9967451095581055]], [[0.9781330823898315, 0.19986632466316223, 0.0575236976146698], [-0.19713282585144043, 0.979107677936554, -0.04986708238720894], [-0.06628865003585815, 0.037436842918395996, 0.9970978498458862]], [[0.9658860564231873, 0.24410979449748993, -0.08645568788051605], [-0.22870154678821564, 0.9606805443763733, 0.15744376182556152], [0.12148986011743546, -0.13230016827583313, 0.9837362170219421]], [[0.9693647027015686, -0.2367457002401352, 0.06544861942529678], [0.22031377255916595, 0.9558459520339966, 0.19447419047355652], [-0.10859974473714828, -0.1740971803665161, 0.9787216782569885]]]], "pred_betas": [[0.1644083708524704, 0.16546636819839478, 0.5620313286781311, 0.700534999370575, 0.1275021880865097, 0.001730702817440033, -0.3107069432735443, 0.288448303937912, 0.5852566361427307, 0.027539081871509552]], "pred_camera": [1.175586223602295, 0.022355617955327034, 0.3008069396018982]}