{"pred_joints_img": [[390.32122802734375, 151.0151824951172, -50.336639404296875], [386.5973205566406, 183.52842712402344, -13.313279151916504], [342.1934509277344, 203.58729553222656, -16.95945930480957], [301.8030700683594, 248.80987548828125, -4.563291549682617], [279.24041748046875, 284.4489440917969, -49.85334777832031], [426.86236572265625, 206.98501586914062, 3.4816231727600098], [447.76953125, 266.3960876464844, 13.00844955444336], [476.1997375488281, 259.01983642578125, -39.88234329223633], [387.9476623535156, 304.00372314453125, 6.557105541229248], [376.69049072265625, 327.46490478515625, -2.4853925704956055], [375.6603088378906, 367.46124267578125, -86.79542541503906], [352.2073669433594, 456.19293212890625, -54.430328369140625], [406.9505310058594, 324.45001220703125, 9.317133903503418], [475.3335266113281, 350.6307373046875, -44.84737014770508], [476.9263916015625, 438.40411376953125, -3.115762948989868], [382.0999450683594, 143.11578369140625, -40.567935943603516], [398.4457092285156, 143.2442626953125, -40.6552848815918], [371.87139892578125, 151.4141387939453, -18.66618537902832], [408.18646240234375, 151.6705780029297, -18.65470314025879], [508.7546691894531, 451.7417297363281, -37.171810150146484], [512.9412231445312, 449.3987121582031, -17.489900588989258], [470.55224609375, 445.18402099609375, 11.450427055358887], [364.2071838378906, 473.01373291015625, -98.39044952392578], [344.1791687011719, 470.9533996582031, -91.2320327758789], [345.76007080078125, 464.8572998046875, -39.998451232910156], [352.2073669433594, 456.19293212890625, -54.430328369140625], [375.6603088378906, 367.46124267578125, -86.79542541503906], [354.56005859375, 301.97796630859375, 0.17457298934459686], [416.32733154296875, 294.5721435546875, 22.19329833984375], [475.3335266113281, 350.6307373046875, -44.84737014770508], [476.9263916015625, 438.40411376953125, -3.115762948989868], [279.24041748046875, 284.4489440917969, -49.85334777832031], [301.8030700683594, 248.80987548828125, -4.563291549682617], [342.1934509277344, 203.58729553222656, -16.95945930480957], [426.86236572265625, 206.98501586914062, 3.4816231727600098], [447.76953125, 266.3960876464844, 13.00844955444336], [476.1997375488281, 259.01983642578125, -39.88234329223633], [387.1933898925781, 184.02273559570312, -14.497499465942383], [390.8218994140625, 118.34628295898438, -16.66050148010254], [384.0852355957031, 300.1368713378906, 15.514534950256348], [385.32916259765625, 198.72216796875, -8.166979789733887], [380.129638671875, 239.86167907714844, 8.369409561157227], [391.88140869140625, 162.16934204101562, -33.38250732421875], [390.08050537109375, 133.9349822998047, -16.214893341064453], [390.32122802734375, 151.0151824951172, -50.336639404296875], [398.4457092285156, 143.2442626953125, -40.6552848815918], [382.0999450683594, 143.11578369140625, -40.567935943603516], [408.18646240234375, 151.6705780029297, -18.65470314025879], [371.87139892578125, 151.4141387939453, -18.66618537902832]], "pred_body_pose": [[2.8495543003082275, -0.2178829312324524, 0.48765838146209717, -0.8547230958938599, 0.010984295047819614, 0.44482186436653137, -0.8322378993034363, 0.07622472196817398, -0.34470513463020325, 0.5954409241676331, -0.06619121134281158, 0.0051138633862137794, 1.433382272720337, -0.01733437553048134, -0.1469811201095581, 1.3843379020690918, 0.139443501830101, 0.10105052590370178, 0.02906373329460621, -0.02283269353210926, -0.05773328244686127, -0.1767919361591339, 0.10254883766174316, -0.1148698553442955, -0.15846626460552216, -0.09399321675300598, 0.11080072075128555, -0.001078392961062491, -0.03262263908982277, -0.0414530374109745, -0.24388889968395233, 0.05963006615638733, 0.2506425082683563, -0.24784311652183533, -0.07714001089334488, -0.32608655095100403, -0.2985331118106842, -0.21397940814495087, -0.06046413257718086, 0.003421957138925791, -0.1386181116104126, -0.3302306830883026, 0.022731108590960503, 0.02132788673043251, 0.23256614804267883, -0.1097397729754448, -0.062333494424819946, 0.08273009210824966, -0.07820823788642883, -0.3207971751689911, -0.7676053643226624, -0.00010157494398299605, 0.004420978482812643, 0.6802340149879456, -0.2909180521965027, -1.4612181186676025, 0.5346363186836243, -0.10311752557754517, 0.9345402717590332, -0.22035984694957733, -0.041660554707050323, -0.06901924312114716, 0.2806810736656189, 0.029131807386875153, 0.06231585890054703, -0.20615579187870026, -0.15134699642658234, -0.11195482313632965, -0.2532389760017395, -0.19047978520393372, 0.0914093554019928, 0.24678796529769897]], "pred_rotmat": [[[[0.9331101179122925, -0.18595100939273834, 0.3077787756919861], [-0.10519706457853317, -0.9596306681632996, -0.2608492970466614], [0.3438591957092285, 0.21102367341518402, -0.9150025844573975]], [[0.908433198928833, -0.38345110416412354, -0.16647635400295258], [0.3747669458389282, 0.5706171989440918, 0.7307159304618835], [-0.1851995587348938, -0.7261964082717896, 0.6620724201202393]], [[0.941814124584198, 0.270018607378006, 0.2001902163028717], [-0.32925140857696533, 0.6211686134338379, 0.7111561298370361], [0.06767351925373077, -0.7356897592544556, 0.6739293932914734]], [[0.9978614449501038, -0.023937372490763664, -0.060824211686849594], [-0.014310643076896667, 0.8279521465301514, -0.560616135597229], [0.06377921253442764, 0.5602876543998718, 0.8258389830589294]], [[0.9908167719841003, 0.09072420001029968, -0.10025610774755478], [-0.11155828833580017, 0.12955549359321594, -0.9852766990661621], [-0.07639970630407333, 0.9874130487442017, 0.13848678767681122]], [[0.9874261021614075, 0.010525922290980816, 0.15773038566112518], [0.153167724609375, 0.1831286996603012, -0.9710835814476013], [-0.039106518030166626, 0.9830325245857239, 0.17921382188796997]], [[0.9980735182762146, 0.05735640972852707, -0.023653462529182434], [-0.05801974982023239, 0.9979119300842285, -0.028382131829857826], [0.021976174786686897, 0.029699822887778282, 0.9993172883987427]], [[0.9881985187530518, 0.10479693859815598, 0.11171955615282059], [-0.12284386157989502, 0.9778763651847839, 0.16931381821632385], [-0.09150435030460358, -0.1810397356748581, 0.9792096614837646]], [[0.9894848465919495, -0.10253036022186279, -0.10201610624790192], [0.11736783385276794, 0.9813777208328247, 0.15206104516983032], [0.0845254585146904, -0.16243550181388855, 0.9830921292304993]], [[0.9986090064048767, 0.04145139083266258, -0.032585158944129944], [-0.0414162203669548, 0.9991404414176941, 0.001753889606334269], [0.03262985125184059, -0.0004018958716187626, 0.9994674324989319]], [[0.9671579003334045, -0.25261351466178894, 0.028141843155026436], [0.23822228610515594, 0.9394869804382324, 0.24619993567466736], [-0.08863232284784317, -0.2314102053642273, 0.9688104391098022]], [[0.9446665048599243, 0.32614925503730774, -0.03509842976927757], [-0.30730578303337097, 0.917327880859375, 0.2531259059906006], [0.1147535890340805, -0.22833360731601715, 0.9667964577674866]], [[0.9755626320838928, 0.09065026789903641, -0.20015034079551697], [-0.02750454843044281, 0.9541442394256592, 0.29808104038238525], [0.21799340844154358, -0.2852916419506073, 0.9333207607269287]], [[0.9365490078926086, 0.32298094034194946, -0.1362324357032776], [-0.3234502077102661, 0.9460484981536865, 0.019295088946819305], [0.13511443138122559, 0.02599361725151539, 0.9904890060424805]], [[0.9728538990020752, -0.23019661009311676, 0.02376384846866131], [0.23067918419837952, 0.9728232026100159, -0.020054377615451813], [-0.01850157231092453, 0.024991806596517563, 0.9995164275169373]], [[0.9946452975273132, -0.07900271564722061, -0.06662797182798386], [0.0858302041888237, 0.9905744791030884, 0.10675019770860672], [0.05756639689207077, -0.11189727485179901, 0.9920510649681091]], [[0.67360919713974, 0.6931746602058411, -0.25643646717071533], [-0.6695119738578796, 0.7192549109458923, 0.18554270267486572], [0.31305667757987976, 0.04670402407646179, 0.9485854506492615]], [[0.777416467666626, -0.628973126411438, 0.004054585937410593], [0.6289727091789246, 0.7774258255958557, 0.0015404745936393738], [-0.004121057223528624, 0.0013526336988434196, 0.9999905824661255]], [[0.022065825760364532, -0.1660165935754776, -0.9858760833740234], [0.5094413161277771, 0.8503530025482178, -0.13179290294647217], [0.8602224588394165, -0.4993378818035126, 0.10333945602178574]], [[0.5737655162811279, 0.14311842620372772, 0.8064181804656982], [-0.23222586512565613, 0.9726337790489197, -0.007389009464532137], [-0.7854071259498596, -0.1830316036939621, 0.5912995338439941]], [[0.9585232138633728, -0.2752811312675476, -0.07384764403104782], [0.27813610434532166, 0.9600265622138977, 0.03145337477326393], [0.06223718076944351, -0.0506884939968586, 0.996773362159729]], [[0.9768993854522705, 0.20544084906578064, 0.05883541703224182], [-0.20363262295722961, 0.9784107208251953, -0.03530116379261017], [-0.06481750309467316, 0.02250487729907036, 0.9976432919502258]], [[0.9619850516319275, 0.2574593126773834, -0.09110117703676224], [-0.24065540730953217, 0.9568419456481934, 0.16290630400180817], [0.1291111707687378, -0.13478945195674896, 0.982426643371582]], [[0.965673565864563, -0.25109925866127014, 0.06651182472705841], [0.2338401973247528, 0.9518324136734009, 0.19832733273506165], [-0.11310795694589615, -0.1759662926197052, 0.9778764843940735]]]], "pred_betas": [[0.06398932635784149, 0.19941481947898865, 0.6382209658622742, 0.7185234427452087, 0.07219141721725464, 0.12190143764019012, -0.3764187693595886, 0.3656070828437805, 0.6080678701400757, 0.10107972472906113]], "pred_camera": [1.1861492395401, 0.039073582738637924, 0.308280348777771]}