{"pred_joints_img": [[397.3768005371094, 153.58908081054688, -59.3129768371582], [388.55035400390625, 183.32635498046875, -20.636009216308594], [350.2799072265625, 210.1927947998047, -39.7584342956543], [321.12066650390625, 265.34136962890625, -33.94273376464844], [329.370849609375, 316.57464599609375, -68.91143035888672], [419.836669921875, 201.16693115234375, 14.34599781036377], [422.86614990234375, 257.1639709472656, 45.926170349121094], [461.5548095703125, 281.2056884765625, 5.20306921005249], [389.31353759765625, 303.1208190917969, 6.653391361236572], [382.85919189453125, 327.8636474609375, -4.9599690437316895], [408.7629699707031, 375.8517150878906, -80.9046859741211], [371.5323486328125, 445.3319091796875, -23.61992073059082], [408.65838623046875, 322.2640380859375, 15.483665466308594], [488.0050048828125, 338.6501159667969, -26.40394401550293], [479.5345458984375, 423.02337646484375, 21.405033111572266], [388.9710693359375, 144.5877227783203, -50.37641143798828], [405.5758361816406, 145.25283813476562, -49.80813217163086], [377.58392333984375, 150.85748291015625, -28.148452758789062], [414.3638916015625, 152.26504516601562, -26.230749130249023], [516.8636474609375, 439.23895263671875, -5.2342987060546875], [517.6801147460938, 435.38079833984375, 14.95526123046875], [470.322021484375, 427.41522216796875, 35.0877799987793], [395.4815368652344, 475.37054443359375, -54.026832580566406], [374.1230773925781, 472.42694091796875, -53.978519439697266], [360.40936279296875, 448.21923828125, -9.996965408325195], [371.5323486328125, 445.3319091796875, -23.61992073059082], [408.7629699707031, 375.8517150878906, -80.9046859741211], [358.71966552734375, 303.91351318359375, -9.685667991638184], [411.759521484375, 291.454345703125, 30.425434112548828], [488.0050048828125, 338.6501159667969, -26.40394401550293], [479.5345458984375, 423.02337646484375, 21.405033111572266], [329.370849609375, 316.57464599609375, -68.91143035888672], [321.12066650390625, 265.34136962890625, -33.94273376464844], [350.2799072265625, 210.1927947998047, -39.7584342956543], [419.836669921875, 201.16693115234375, 14.34599781036377], [422.86614990234375, 257.1639709472656, 45.926170349121094], [461.5548095703125, 281.2056884765625, 5.20306921005249], [389.6426696777344, 184.10821533203125, -21.793657302856445], [397.89794921875, 117.7491455078125, -27.747989654541016], [382.81536865234375, 299.770263671875, 14.297562599182129], [385.9703063964844, 198.8773193359375, -14.58188533782959], [378.2548828125, 239.75326538085938, 2.6162307262420654], [398.1351623535156, 163.58529663085938, -41.492496490478516], [396.3486633300781, 133.4955596923828, -26.166812896728516], [397.3768005371094, 153.58908081054688, -59.3129768371582], [405.5758361816406, 145.25283813476562, -49.80813217163086], [388.9710693359375, 144.5877227783203, -50.37641143798828], [414.3638916015625, 152.26504516601562, -26.230749130249023], [377.58392333984375, 150.85748291015625, -28.148452758789062]], "pred_body_pose": [[2.7532145977020264, -0.38920387625694275, 0.8878887891769409, -0.9464532732963562, -0.051559414714574814, 0.3738253712654114, -0.7422680258750916, 0.04514222592115402, -0.31513577699661255, 0.6669473052024841, -0.013315888121724129, -0.001451212796382606, 1.598109483718872, -0.03313034400343895, -0.1555994600057602, 1.6987285614013672, 0.12777681648731232, 0.11134608834981918, 0.03692057356238365, -0.009118280373513699, -0.039266880601644516, -0.15306797623634338, 0.03823096305131912, -0.05630863830447197, -0.20312397181987762, 0.0013380581513047218, 0.020636731758713722, -0.006401716731488705, 0.004335526376962662, -0.03697580471634865, -0.284856379032135, 0.09642632305622101, 0.14970284700393677, -0.2697926461696625, -0.14311741292476654, -0.1503039300441742, -0.25209298729896545, -0.3641709089279175, -0.10566285252571106, 0.06276608258485794, -0.03156913444399834, -0.34140464663505554, 0.03441224619746208, 0.06868697702884674, 0.292215496301651, -0.10719087719917297, -0.2797532379627228, 0.05589393526315689, 0.10643923282623291, -0.26009392738342285, -0.933495283126831, 0.05174325034022331, 0.10596822947263718, 0.819771409034729, 0.0989246517419815, -1.329406499862671, 0.4552193582057953, 0.023838993161916733, 0.8216007947921753, -0.18847757577896118, 0.11484681814908981, -0.03239348903298378, 0.24081778526306152, 0.11759373545646667, 0.01707129366695881, -0.19901804625988007, -0.17656980454921722, -0.10817566514015198, -0.23735709488391876, -0.17715826630592346, 0.09973036497831345, 0.20961061120033264]], "pred_rotmat": [[[[0.7821077108383179, -0.31561359763145447, 0.5373039841651917], [-0.18125499784946442, -0.9401882886886597, -0.2884312868118286], [0.5961997509002686, 0.12819530069828033, -0.7925350666046143]], [[0.9347488880157471, -0.2900582253932953, -0.2052091509103775], [0.33477842807769775, 0.5255125761032104, 0.78215092420578], [-0.11902929842472076, -0.7998142242431641, 0.5883275270462036]], [[0.9520212411880493, 0.2661122679710388, 0.15112854540348053], [-0.29783761501312256, 0.6921581029891968, 0.6574267148971558], [0.0703444704413414, -0.6708959341049194, 0.7382074594497681]], [[0.9999135732650757, -0.0029323033522814512, -0.012816299684345722], [-0.005624205805361271, 0.7857159376144409, -0.6185619235038757], [0.011883780360221863, 0.6185805201530457, 0.785631537437439]], [[0.9898421168327332, 0.0755755752325058, -0.12041959911584854], [-0.11807598918676376, -0.034764185547828674, -0.99239581823349], [-0.07918717712163925, 0.9965338706970215, -0.025487393140792847]], [[0.9888039827346802, 0.019985079765319824, 0.14787618815898895], [0.14921993017196655, -0.1295800358057022, -0.9802767634391785], [-0.0004291279474273324, 0.9913675785064697, -0.13111142814159393]], [[0.999187707901001, 0.03907904401421547, -0.009838436730206013], [-0.03941561281681061, 0.9985478520393372, -0.03672321140766144], [0.008389041759073734, 0.037081167101860046, 0.9992770552635193]], [[0.9976893067359924, 0.05312652513384819, 0.0423518642783165], [-0.05896478146314621, 0.9867308139801025, 0.1512792408466339], [-0.03375295177102089, -0.15342694520950317, 0.9875833988189697]], [[0.999786913394928, -0.020629068836569786, -0.0007598556694574654], [0.02035822719335556, 0.9792296886444092, 0.20172937214374542], [-0.003417417174205184, -0.20170184969902039, 0.9794409871101379]], [[0.9993070960044861, 0.03695313632488251, 0.00445283530279994], [-0.03698088973760605, 0.9992959499359131, 0.006320048589259386], [-0.004216155037283897, -0.006480338983237743, 0.9999700784683228]], [[0.984294056892395, -0.16050812602043152, 0.07350073754787445], [0.13329781591892242, 0.9487080574035645, 0.2866787910461426], [-0.11574501544237137, -0.27237874269485474, 0.9552030563354492]], [[0.9786702394485474, 0.16653864085674286, -0.12028932571411133], [-0.12829795479774475, 0.9527690410614014, 0.27526506781578064], [0.16045019030570984, -0.25396084785461426, 0.9538132548332214]], [[0.9293410778045654, 0.14716406166553497, -0.33862653374671936], [-0.05693439766764641, 0.9632833003997803, 0.26238107681274414], [0.36480632424354553, -0.22456200420856476, 0.9035974144935608]], [[0.9418157935142517, 0.3335527181625366, -0.04154004156589508], [-0.3355141878128052, 0.9403591752052307, -0.05616825073957443], [0.020327486097812653, 0.06683742254972458, 0.9975568056106567]], [[0.9552878141403198, -0.286616712808609, 0.07263639569282532], [0.2889624834060669, 0.9570412039756775, -0.02393144927918911], [-0.06265687942504883, 0.0438506156206131, 0.9970712661743164]], [[0.9596209526062012, -0.04015492647886276, -0.2784154713153839], [0.06991055607795715, 0.9927493929862976, 0.09778138995170593], [0.2724703550338745, -0.11329725384712219, 0.9554703831672668]], [[0.5664971470832825, 0.7797204852104187, -0.266677588224411], [-0.8052803874015808, 0.5924961566925049, 0.02172035351395607], [0.17494124174118042, 0.20244571566581726, 0.9635410308837891]], [[0.6774594783782959, -0.7266273498535156, 0.1142863854765892], [0.7318041920661926, 0.6814964413642883, -0.005019292701035738], [-0.074238620698452, 0.08703561872243881, 0.9934351444244385]], [[0.16555915772914886, -0.3744952380657196, -0.9123286604881287], [0.26334241032600403, 0.9082915186882019, -0.32504966855049133], [0.9503899216651917, -0.1864398568868637, 0.24899646639823914]], [[0.6652851104736328, 0.1761464774608612, 0.7255123853683472], [-0.15769386291503906, 0.9829983115196228, -0.09405811876058578], [-0.7297454476356506, -0.051833376288414, 0.6817513704299927]], [[0.9706559777259827, -0.2397780567407608, -0.018259378150105476], [0.2360801100730896, 0.9646221995353699, -0.11734622716903687], [0.0457504540681839, 0.10959214717149734, 0.9929231405258179]], [[0.980139434337616, 0.19823996722698212, 0.005269499495625496], [-0.19624143838882446, 0.9734012484550476, -0.11823472380638123], [-0.028568176552653313, 0.11485239863395691, 0.9929718375205994]], [[0.9662602543830872, 0.2429230958223343, -0.08561334758996964], [-0.22397996485233307, 0.9566029906272888, 0.18639680743217468], [0.12717807292938232, -0.16093212366104126, 0.9787373542785645]], [[0.9732494950294495, -0.2154158651828766, 0.07988352328538895], [0.19787299633026123, 0.9626060128211975, 0.1850295215845108], [-0.11675465106964111, -0.16427309811115265, 0.9794808030128479]]]], "pred_betas": [[-0.015827225521206856, 0.056918784976005554, 0.5433422327041626, 0.8807283639907837, 0.4774842858314514, 0.1635342836380005, -0.40810486674308777, 0.3058529496192932, 0.7954939007759094, -0.29158180952072144]], "pred_camera": [1.3683384656906128, -0.08913861960172653, 0.4542887806892395]}