{"pred_joints_img": [[392.6327819824219, 153.55116271972656, -52.805702209472656], [387.00726318359375, 182.4874725341797, -12.914297103881836], [347.54150390625, 209.6312255859375, -29.986427307128906], [318.9858703613281, 265.33544921875, -23.679588317871094], [321.4107971191406, 313.4725341796875, -64.16014862060547], [420.9158935546875, 201.0739288330078, 19.798301696777344], [422.1711730957031, 257.0972900390625, 52.01591110229492], [459.72894287109375, 286.00518798828125, 12.732352256774902], [393.2488098144531, 304.1358642578125, 6.933420658111572], [386.6529235839844, 328.0340576171875, -6.508089065551758], [408.3606262207031, 370.6937561035156, -87.96192169189453], [370.3859558105469, 451.13232421875, -45.36759567260742], [412.98358154296875, 323.76495361328125, 13.960783004760742], [494.9374084472656, 343.7418518066406, -23.21076774597168], [479.1226806640625, 435.28515625, 9.528493881225586], [384.8862609863281, 144.34857177734375, -43.48801040649414], [401.46539306640625, 144.99163818359375, -44.27317428588867], [375.2835693359375, 149.95716857910156, -20.19841957092285], [412.2503356933594, 151.35211181640625, -21.21978187561035], [519.8917236328125, 448.82257080078125, -14.449872970581055], [517.8031616210938, 447.8638000488281, 6.063378810882568], [468.1051025390625, 441.8632507324219, 21.285736083984375], [391.5596618652344, 476.7821960449219, -81.70086669921875], [370.2205810546875, 472.87347412109375, -80.21739959716797], [359.91461181640625, 456.3723449707031, -31.503345489501953], [370.3859558105469, 451.13232421875, -45.36759567260742], [408.3606262207031, 370.6937561035156, -87.96192169189453], [362.2167053222656, 303.78607177734375, -8.865488052368164], [416.2069091796875, 293.90435791015625, 31.15682029724121], [494.9374084472656, 343.7418518066406, -23.21076774597168], [479.1226806640625, 435.28515625, 9.528493881225586], [321.4107971191406, 313.4725341796875, -64.16014862060547], [318.9858703613281, 265.33544921875, -23.679588317871094], [347.54150390625, 209.6312255859375, -29.986427307128906], [420.9158935546875, 201.0739288330078, 19.798301696777344], [422.1711730957031, 257.0972900390625, 52.01591110229492], [459.72894287109375, 286.00518798828125, 12.732352256774902], [388.0587463378906, 183.35140991210938, -14.412995338439941], [395.44586181640625, 116.77325439453125, -22.389734268188477], [386.8061218261719, 301.15869140625, 14.959478378295898], [384.92645263671875, 198.30111694335938, -6.979705333709717], [379.9599304199219, 240.23098754882812, 8.467514991760254], [394.77728271484375, 163.07293701171875, -34.91910171508789], [394.10736083984375, 132.50396728515625, -20.276470184326172], [392.6327819824219, 153.55116271972656, -52.805702209472656], [401.46539306640625, 144.99163818359375, -44.27317428588867], [384.8862609863281, 144.34857177734375, -43.48801040649414], [412.2503356933594, 151.35211181640625, -21.21978187561035], [375.2835693359375, 149.95716857910156, -20.19841957092285]], "pred_body_pose": [[2.694077968597412, -0.351138174533844, 0.8602692484855652, -0.8643664121627808, 0.045403867959976196, 0.38818150758743286, -0.729019820690155, 0.06983392685651779, -0.36301910877227783, 0.6219443678855896, -0.03835950419306755, 0.023083733394742012, 1.5167434215545654, 0.020766377449035645, -0.19334501028060913, 1.5747754573822021, 0.1554149091243744, 0.09774614125490189, 0.05962483957409859, -0.02278544008731842, -0.023963255807757378, -0.15101003646850586, 0.09734192490577698, -0.05756959691643715, -0.15673720836639404, -0.07077116519212723, 0.0844704732298851, 0.013524861074984074, -0.0028737825341522694, -0.031750455498695374, -0.2861734926700592, 0.10430879145860672, 0.18366777896881104, -0.27766039967536926, -0.10659126937389374, -0.26349905133247375, -0.19155561923980713, -0.37557274103164673, -0.09710041433572769, 0.0925891324877739, -0.010693383403122425, -0.36537960171699524, 0.04305456578731537, 0.04083189368247986, 0.3038690984249115, -0.08975452929735184, -0.27521100640296936, 0.054766297340393066, 0.12891967594623566, -0.20930957794189453, -0.9586437344551086, 0.021121591329574585, 0.08676838874816895, 0.8001543879508972, 0.09396298229694366, -1.2749669551849365, 0.4354313611984253, -0.04498445615172386, 0.8304757475852966, -0.20556224882602692, 0.0803472027182579, -0.0353572741150856, 0.20578709244728088, 0.07909707725048065, 0.025542842224240303, -0.1653202921152115, -0.1735689491033554, -0.10744455456733704, -0.23966631293296814, -0.16602887213230133, 0.09327853471040726, 0.20826253294944763]], "pred_rotmat": [[[[0.7918799519538879, -0.31487491726875305, 0.5232399106025696], [-0.14120371639728546, -0.9280106425285339, -0.3447575569152832], [0.5941277146339417, 0.19912314414978027, -0.779334545135498]], [[0.9291849732398987, -0.3507210910320282, -0.11666207760572433], [0.31433168053627014, 0.5837625861167908, 0.7486099004745483], [-0.19445034861564636, -0.7322676181793213, 0.6526661515235901]], [[0.935390830039978, 0.29985523223876953, 0.18743200600147247], [-0.3479933440685272, 0.6864314079284668, 0.6385237574577332], [0.06280547380447388, -0.662494421005249, 0.7464292645454407]], [[0.9990299344062805, -0.033163852989673615, -0.028972769156098366], [0.01006944291293621, 0.8125207424163818, -0.5828453302383423], [0.04287037253379822, 0.5819881558418274, 0.8120664954185486]], [[0.9845018982887268, 0.13923858106136322, -0.10662344098091125], [-0.11341997236013412, 0.04180290549993515, -0.9926672577857971], [-0.13376043736934662, 0.9893761277198792, 0.05694747716188431]], [[0.9863934516906738, 0.03714698925614357, 0.16015008091926575], [0.16043837368488312, -0.004894984420388937, -0.9870336651802063], [-0.0358814001083374, 0.9992977976799011, -0.01078818365931511]], [[0.9994534850120544, 0.023265669122338295, -0.02348192036151886], [-0.024623719975352287, 0.9979361295700073, -0.05930575728416443], [0.022053668275475502, 0.05985155701637268, 0.9979636073112488]], [[0.9936240911483765, 0.049900662153959274, 0.1010994091629982], [-0.06455671042203903, 0.9869795441627502, 0.14732211828231812], [-0.09243157505989075, -0.15290945768356323, 0.9839080572128296]], [[0.9939466714859009, -0.07842530310153961, -0.07693855464458466], [0.08948388695716858, 0.9841975569725037, 0.1528000831604004], [0.0637393370270729, -0.15875987708568573, 0.9852576851844788]], [[0.9994919300079346, 0.031724680215120316, -0.0030878970865160227], [-0.03176353499293327, 0.9994045495986938, -0.013476541265845299], [0.002658519661054015, 0.01356777548789978, 0.999904453754425]], [[0.977927029132843, -0.1945880800485611, 0.07611878216266632], [0.16505107283592224, 0.9427923560142517, 0.2896561324596405], [-0.12812785804271698, -0.2706991136074066, 0.9540991187095642]], [[0.9601319432258606, 0.2712240219116211, -0.06770556420087814], [-0.24201522767543793, 0.9276953339576721, 0.2842707931995392], [0.1399112194776535, -0.25655171275138855, 0.9563502669334412]], [[0.9259246587753296, 0.12951341271400452, -0.35480958223342896], [-0.0586855411529541, 0.9772964715957642, 0.20358698070049286], [0.37312138080596924, -0.16768400371074677, 0.9125034809112549]], [[0.9339795708656311, 0.3562929332256317, -0.0271573718637228], [-0.357271283864975, 0.929800271987915, -0.08847994357347488], [-0.006273843348026276, 0.09234101325273514, 0.9957076907157898]], [[0.9533723592758179, -0.2981656491756439, 0.04667206108570099], [0.29990965127944946, 0.9532799124717712, -0.03621562942862511], [-0.033693280071020126, 0.048524387180805206, 0.9982534646987915]], [[0.9609137177467346, -0.0417158342897892, -0.27368706464767456], [0.0662391185760498, 0.9945122599601746, 0.08097996562719345], [0.26880699396133423, -0.09594355523586273, 0.9584037065505981]], [[0.556627094745636, 0.7972174286842346, -0.23368924856185913], [-0.8220697641372681, 0.5691481828689575, -0.01648115925490856], [0.11986474692821503, 0.20128273963928223, 0.9721716046333313]], [[0.693234384059906, -0.7155992388725281, 0.08569692820310593], [0.717335045337677, 0.696588397026062, 0.013966399244964123], [-0.06968983262777328, 0.051791418343782425, 0.9962234497070312]], [[0.2222585827112198, -0.36595413088798523, -0.9037027359008789], [0.26329195499420166, 0.9149779677391052, -0.3057654798030853], [0.9387643337249756, -0.16997864842414856, 0.29971447587013245]], [[0.6558709740638733, 0.16375871002674103, 0.7368964552879333], [-0.19888737797737122, 0.9791817665100098, -0.04058246314525604], [-0.7282012701034546, -0.1199425458908081, 0.6747864484786987]], [[0.9782915115356445, -0.2054891437292099, -0.026830263435840607], [0.20266014337539673, 0.9756996035575867, -0.08330148458480835], [0.043295834213495255, 0.07605572044849396, 0.9961630702018738]], [[0.9860482215881348, 0.16538576781749725, 0.01887778751552105], [-0.16337116062641144, 0.9832542538642883, -0.08075182139873505], [-0.031916867941617966, 0.07654111087322235, 0.9965553879737854]], [[0.9657917618751526, 0.244974747300148, -0.08505041897296906], [-0.22647921741008759, 0.9565773606300354, 0.1834854781627655], [0.12630660831928253, -0.1579466164112091, 0.9793362021446228]], [[0.9741352200508118, -0.2132014036178589, 0.07487097382545471], [0.19781698286533356, 0.9647653102874756, 0.17348279058933258], [-0.10921970009803772, -0.154184952378273, 0.9819867014884949]]]], "pred_betas": [[0.10043026506900787, 0.030134690925478935, 0.587264895439148, 0.6831365823745728, 0.17809262871742249, 0.034986112266778946, -0.26672908663749695, 0.182948499917984, 0.6624059677124023, -0.07618962228298187]], "pred_camera": [1.2307454347610474, -0.05563117936253548, 0.33879023790359497]}