{"pred_joints_img": [[390.8118591308594, 154.096435546875, -51.872501373291016], [386.1727294921875, 183.20297241210938, -12.83522891998291], [346.0517578125, 209.068115234375, -28.47538948059082], [317.16204833984375, 263.28814697265625, -20.601398468017578], [317.4390563964844, 312.76654052734375, -57.86888885498047], [420.6153869628906, 202.40121459960938, 17.890043258666992], [425.441162109375, 258.51104736328125, 47.521976470947266], [462.8276062011719, 285.0064392089844, 7.894420623779297], [391.15673828125, 303.4901123046875, 6.87881326675415], [384.15142822265625, 327.3237609863281, -5.68902063369751], [402.7269592285156, 371.22576904296875, -85.44095611572266], [369.7501525878906, 450.3746337890625, -40.12362289428711], [410.72406005859375, 322.8171081542969, 13.699721336364746], [491.86468505859375, 340.65142822265625, -22.544734954833984], [478.1014404296875, 429.4375915527344, 13.626416206359863], [383.3167724609375, 145.1553497314453, -42.42080307006836], [399.661865234375, 145.71971130371094, -43.527183532714844], [374.2744445800781, 151.03929138183594, -19.295820236206055], [410.79150390625, 152.22784423828125, -21.06519889831543], [518.509521484375, 442.54486083984375, -9.768962860107422], [516.5192260742188, 440.9767761230469, 10.425848960876465], [467.4490051269531, 435.77423095703125, 25.468042373657227], [390.2546081542969, 475.2610168457031, -76.45086669921875], [369.13916015625, 472.13250732421875, -74.29898834228516], [360.11505126953125, 455.6788024902344, -26.07807731628418], [369.7501525878906, 450.3746337890625, -40.12362289428711], [402.7269592285156, 371.22576904296875, -85.44095611572266], [359.96002197265625, 303.2928771972656, -7.861154079437256], [414.3686218261719, 293.0160827636719, 30.01089859008789], [491.86468505859375, 340.65142822265625, -22.544734954833984], [478.1014404296875, 429.4375915527344, 13.626416206359863], [317.4390563964844, 312.76654052734375, -57.86888885498047], [317.16204833984375, 263.28814697265625, -20.601398468017578], [346.0517578125, 209.068115234375, -28.47538948059082], [420.6153869628906, 202.40121459960938, 17.890043258666992], [425.441162109375, 258.51104736328125, 47.521976470947266], [462.8276062011719, 285.0064392089844, 7.894420623779297], [387.0983581542969, 184.02621459960938, -14.327629089355469], [394.06158447265625, 118.14884948730469, -21.458784103393555], [384.91827392578125, 300.3569030761719, 14.928197860717773], [384.1101379394531, 198.8336639404297, -7.116117000579834], [378.9041442871094, 240.21275329589844, 7.979320049285889], [393.2945556640625, 163.71287536621094, -34.38703536987305], [392.8459777832031, 133.71730041503906, -19.545408248901367], [390.8118591308594, 154.096435546875, -51.872501373291016], [399.661865234375, 145.71971130371094, -43.527183532714844], [383.3167724609375, 145.1553497314453, -42.42080307006836], [410.79150390625, 152.22784423828125, -21.06519889831543], [374.2744445800781, 151.03929138183594, -19.295820236206055]], "pred_body_pose": [[2.726203680038452, -0.34886282682418823, 0.8245362639427185, -0.8796738386154175, 0.04234684631228447, 0.4355432987213135, -0.7340123057365417, 0.04920409992337227, -0.3592453896999359, 0.6193405389785767, -0.03740121051669121, 0.007102459669113159, 1.539348840713501, 0.018479302525520325, -0.18786492943763733, 1.5627703666687012, 0.14048169553279877, 0.10864076763391495, 0.046353135257959366, -0.026461787521839142, -0.03111492283642292, -0.16340437531471252, 0.08952522277832031, -0.06505011022090912, -0.173207089304924, -0.058029238134622574, 0.07206384837627411, 0.009336245246231556, -0.008931842632591724, -0.034339264035224915, -0.2802809774875641, 0.10160365700721741, 0.18428194522857666, -0.2659429609775543, -0.1104048490524292, -0.2429232895374298, -0.20744000375270844, -0.36482006311416626, -0.0903497040271759, 0.08279308676719666, -0.017748447135090828, -0.35733404755592346, 0.04367248713970184, 0.03534296527504921, 0.30258306860923767, -0.08323387801647186, -0.26690343022346497, 0.0626537874341011, 0.09565788507461548, -0.23183219134807587, -0.9282028675079346, 0.038595374673604965, 0.0829893946647644, 0.8146066069602966, 0.03980812057852745, -1.2505632638931274, 0.4244566261768341, -0.030798979103565216, 0.8066363334655762, -0.17330755293369293, 0.07383904606103897, -0.033297598361968994, 0.20299720764160156, 0.06593143194913864, 0.02467772550880909, -0.15038083493709564, -0.175711989402771, -0.10645794123411179, -0.23730400204658508, -0.16653801500797272, 0.09380240738391876, 0.20796798169612885]], "pred_rotmat": [[[[0.8088803887367249, -0.3040047287940979, 0.5032827854156494], [-0.1495286375284195, -0.9341790080070496, -0.3239610493183136], [0.5686419010162354, 0.1867905706167221, -0.801096498966217]], [[0.9117128849029541, -0.38595062494277954, -0.1407899111509323], [0.3516010642051697, 0.5557667016983032, 0.7533260583877563], [-0.21250031888484955, -0.7363188862800598, 0.642400324344635]], [[0.93785160779953, 0.3033663332462311, 0.1685325801372528], [-0.33751001954078674, 0.684323251247406, 0.646365761756897], [0.080754853785038, -0.663076639175415, 0.744182825088501]], [[0.9992982149124146, -0.017870530486106873, -0.03291713446378708], [-0.004559781868010759, 0.8142595887184143, -0.5804829001426697], [0.03717663511633873, 0.5802257657051086, 0.8136066794395447]], [[0.9854795932769775, 0.13270160555839539, -0.10592629015445709], [-0.10951913148164749, 0.020053869113326073, -0.9937824606895447], [-0.1297522932291031, 0.9909531474113464, 0.03429604321718216]], [[0.9872252941131592, 0.019853662699460983, 0.15808893740177155], [0.1580003947019577, 0.005961950868368149, -0.9874210953712463], [-0.0205464418977499, 0.9997851252555847, 0.002748902188614011]], [[0.9991660714149475, 0.030482031404972076, -0.027165859937667847], [-0.03170822933316231, 0.9984421133995056, -0.04591210186481476], [0.02572404406964779, 0.04673519730567932, 0.9985759854316711]], [[0.9938967227935791, 0.057337984442710876, 0.09424272924661636], [-0.07191937416791916, 0.9845839142799377, 0.15944336354732513], [-0.0836477056145668, -0.1652481108903885, 0.9826984405517578]], [[0.9957334399223328, -0.06659218668937683, -0.06387796998023987], [0.0766109973192215, 0.9824594855308533, 0.17001186311244965], [0.051436059176921844, -0.17418025434017181, 0.9833694696426392]], [[0.9993705153465271, 0.03428987041115761, -0.009090120904147625], [-0.03437325730919838, 0.9993668794631958, -0.009180811233818531], [0.008769557811319828, 0.009487491101026535, 0.9999164342880249]], [[0.9780842065811157, -0.19462577998638153, 0.0739741399884224], [0.1664385199546814, 0.9443148970603943, 0.2838442325592041], [-0.12509828805923462, -0.2653113901615143, 0.9560127258300781]], [[0.9648185968399048, 0.25172561407089233, -0.07589012384414673], [-0.22270981967449188, 0.9358949065208435, 0.27294883131980896], [0.13973338901996613, -0.24644462764263153, 0.9590305685997009]], [[0.9304496645927429, 0.12486167997121811, -0.3444894850254059], [-0.050338514149188995, 0.9747934937477112, 0.2173561304807663], [0.362945556640625, -0.18489784002304077, 0.9132816195487976]], [[0.9367147088050842, 0.3486299514770508, -0.03197910264134407], [-0.35008296370506287, 0.9334815144538879, -0.07780911028385162], [0.0027253110893070698, 0.0840802863240242, 0.9964552521705627]], [[0.9539622068405151, -0.2970634996891022, 0.04134298861026764], [0.2985949218273163, 0.9536357522010803, -0.03768133372068405], [-0.028232403099536896, 0.04829137772321701, 0.9984341263771057]], [[0.9626749157905579, -0.050768159329891205, -0.2658563256263733], [0.07283200323581696, 0.9946103692054749, 0.07379552721977234], [0.2606769800186157, -0.0904039591550827, 0.961184024810791]], [[0.5765348076820374, 0.7813957929611206, -0.23880606889724731], [-0.80191570520401, 0.5971668362617493, 0.017970342189073563], [0.15664903819561005, 0.18114180862903595, 0.9709010124206543]], [[0.6831210255622864, -0.7248787879943848, 0.08886167407035828], [0.727906346321106, 0.6856720447540283, -0.0024649137631058693], [-0.05914320796728134, 0.06636682152748108, 0.9960408210754395]], [[0.2476644068956375, -0.3327800929546356, -0.909900963306427], [0.2898309528827667, 0.921599805355072, -0.25817015767097473], [0.9244784712791443, -0.19977791607379913, 0.32469743490219116]], [[0.6785503029823303, 0.14254671335220337, 0.7205899357795715], [-0.1660107672214508, 0.9853682518005371, -0.0385994128882885], [-0.7155486345291138, -0.09343404322862625, 0.6922861933708191]], [[0.9789258241653442, -0.2026093453168869, -0.025568358600139618], [0.2001604437828064, 0.9767627120018005, -0.07661880552768707], [0.040497902780771255, 0.06988635659217834, 0.9967325925827026]], [[0.9884148836135864, 0.15050241351127625, 0.019618453457951546], [-0.14887912571430206, 0.9865502715110779, -0.06748014688491821], [-0.02951051853597164, 0.0637776181101799, 0.9975276589393616]], [[0.9664536118507385, 0.24270302057266235, -0.08404050022363663], [-0.22415019571781158, 0.9567627906799316, 0.18536905944347382], [0.1253964602947235, -0.16031287610530853, 0.9790687561035156]], [[0.9741477966308594, -0.21297262609004974, 0.0753575935959816], [0.1974545419216156, 0.9647426009178162, 0.17402158677577972], [-0.10976250469684601, -0.15464304387569427, 0.981854259967804]]]], "pred_betas": [[0.06392660737037659, -0.02094016969203949, 0.5881674289703369, 0.7376486659049988, 0.2044682502746582, 0.07520987093448639, -0.2690676748752594, 0.21714040637016296, 0.6553994417190552, -0.0744464099407196]], "pred_camera": [1.2156113386154175, -0.056118447333574295, 0.3323330879211426]}